31 0.15 0.56640625 0.07578125 0.14140625
30 0.21953125 0.60625 0.08828125 0.20078125
28 0.2859375 0.65 0.0609375 0.2328125
27 0.34375 0.66171875 0.059375 0.25234375
26 0.390625 0.65 0.05078125 0.25
25 0.42578125 0.63125 0.04609375 0.21640625
24 0.46015625 0.60390625 0.03359375 0.178125
16 0.4953125 0.6046875 0.03515625 0.184375
17 0.5265625 0.61015625 0.0359375 0.19921875
18 0.5671875 0.6515625 0.0421875 0.29453125
19 0.60625 0.66328125 0.0484375 0.29609375
20 0.65390625 0.63359375 0.04609375 0.22890625
22 0.77421875 0.571875 0.096875 0.1828125
23 0.84921875 0.5546875 0.08203125 0.14375
7 0.13359375 0.26640625 0.0609375 0.12734375
6 0.1625 0.37109375 0.07578125 0.18984375
5 0.2203125 0.378125 0.065625 0.21640625
4 0.2765625 0.38359375 0.04609375 0.23515625
3 0.31640625 0.38359375 0.0421875 0.2390625
2 0.3609375 0.37578125 0.0421875 0.24609375
1 0.4015625 0.3625 0.0484375 0.2265625
0 0.45078125 0.36328125 0.053125 0.25
8 0.50234375 0.36953125 0.05078125 0.21640625
9 0.54140625 0.36796875 0.03984375 0.21640625
10 0.58671875 0.34296875 0.06328125 0.22265625
11 0.62890625 0.3578125 0.0546875 0.2296875
12 0.65859375 0.3609375 0.05078125 0.2328125
13 0.721875 0.3640625 0.07578125 0.23125
14 0.78671875 0.3546875 0.08046875 0.18984375
15 0.828125 0.25859375 0.06953125 0.1296875