6 0.2390625 0.3609375 0.07109375 0.21875
5 0.3109375 0.346875 0.090625 0.2109375
14 0.7328125 0.359375 0.05390625 0.18203125
2 0.40703125 0.3984375 0.0578125 0.19375
0 0.46640625 0.4140625 0.0484375 0.21796875
8 0.50625 0.4296875 0.0453125 0.22734375
9 0.54375 0.41640625 0.040625 0.20078125
10 0.575 0.3859375 0.0375 0.2609375
11 0.60703125 0.4046875 0.0390625 0.1984375
23 0.77265625 0.52734375 0.109375 0.128125
16 0.50625 0.62578125 0.03125 0.15234375
17 0.53515625 0.62890625 0.03203125 0.16953125
18 0.5640625 0.6328125 0.05078125 0.2046875
24 0.48046875 0.61875 0.0265625 0.1796875
25 0.4609375 0.61953125 0.0328125 0.17578125
26 0.4296875 0.6234375 0.0421875 0.20703125
27 0.38984375 0.6171875 0.046875 0.19609375