31 0.16171875 0.60546875 0.078125 0.16640625
30 0.215625 0.65078125 0.0984375 0.18984375
29 0.2890625 0.6921875 0.08828125 0.19140625
23 0.83125 0.62734375 0.07265625 0.16171875
22 0.778125 0.678125 0.08203125 0.1875
21 0.71484375 0.71171875 0.0921875 0.19375
20 0.6546875 0.734375 0.05625 0.215625
19 0.615625 0.7515625 0.0421875 0.2421875
18 0.57421875 0.7046875 0.0359375 0.16328125
17 0.54296875 0.69765625 0.02578125 0.1578125
16 0.5171875 0.72109375 0.01875 0.1859375
24 0.49375 0.71953125 0.025 0.1859375
25 0.4625 0.68046875 0.03046875 0.13984375
26 0.43359375 0.7296875 0.0484375 0.25
27 0.39140625 0.73671875 0.0484375 0.24765625
28 0.3453125 0.7125 0.0640625 0.215625
7 0.16875 0.4109375 0.0640625 0.115625
6 0.20703125 0.4703125 0.06953125 0.13359375
5 0.26640625 0.478125 0.06640625 0.18046875
15 0.83203125 0.46015625 0.04609375 0.09609375
14 0.7890625 0.47109375 0.06796875 0.16796875
13 0.73828125 0.48828125 0.05859375 0.19765625
12 0.68984375 0.4828125 0.0421875 0.21796875
11 0.64921875 0.48984375 0.03828125 0.20390625
10 0.61015625 0.48828125 0.0359375 0.2296875
9 0.57421875 0.48515625 0.04453125 0.21953125
8 0.5328125 0.47421875 0.04609375 0.23359375
0 0.4859375 0.47578125 0.0484375 0.21953125
1 0.45703125 0.47578125 0.05 0.22421875
2 0.4125 0.4765625 0.05859375 0.21796875
3 0.365625 0.4765625 0.0484375 0.20546875
4 0.32109375 0.4765625 0.04296875 0.19765625