31 0.1890625 0.58125 0.0703125 0.13125
30 0.25390625 0.61796875 0.08203125 0.1859375
28 0.315625 0.65859375 0.05625 0.215625
27 0.36875 0.66953125 0.0546875 0.23359375
26 0.4125 0.65859375 0.046875 0.23125
25 0.4453125 0.64140625 0.04296875 0.2
24 0.4765625 0.615625 0.03125 0.16484375
16 0.509375 0.61640625 0.03203125 0.17109375
17 0.53828125 0.621875 0.0328125 0.184375
18 0.5765625 0.659375 0.0390625 0.27265625
19 0.6125 0.6703125 0.0453125 0.27421875
20 0.65625 0.64296875 0.04296875 0.21171875
22 0.7671875 0.58671875 0.08984375 0.16875
23 0.83671875 0.5703125 0.0765625 0.1328125
7 0.175 0.303125 0.05625 0.11796875
6 0.2015625 0.4 0.0703125 0.17578125
5 0.2546875 0.40703125 0.0609375 0.2
4 0.30625 0.41171875 0.04296875 0.21796875
3 0.34375 0.41171875 0.0390625 0.221875
2 0.384375 0.4046875 0.0390625 0.22734375
1 0.42265625 0.3921875 0.0453125 0.21015625
0 0.46796875 0.39296875 0.0484375 0.23125
8 0.515625 0.39921875 0.046875 0.2
9 0.5515625 0.396875 0.0375 0.2
10 0.59375 0.37421875 0.05859375 0.20625
11 0.6328125 0.3875 0.05078125 0.2125
12 0.66015625 0.39140625 0.046875 0.215625
13 0.71875 0.39375 0.0703125 0.2140625
14 0.7796875 0.384375 0.07421875 0.17578125
15 0.8171875 0.29609375 0.0640625 0.1203125