6 0.2828125 0.36171875 0.07265625 0.19765625
5 0.3265625 0.38125 0.05625 0.2171875
4 0.37109375 0.40859375 0.04140625 0.20390625
3 0.409375 0.41015625 0.04140625 0.215625
2 0.4421875 0.43046875 0.0390625 0.20390625
1 0.4703125 0.4390625 0.03125 0.184375
0 0.49453125 0.43984375 0.03671875 0.22734375
8 0.5265625 0.43984375 0.0328125 0.2234375
9 0.56015625 0.465625 0.03125 0.16640625
10 0.59453125 0.425 0.0359375 0.25703125
11 0.625 0.42734375 0.05390625 0.2140625
12 0.6578125 0.42421875 0.0390625 0.20390625
13 0.69609375 0.41875 0.05546875 0.1890625
14 0.74296875 0.3734375 0.05234375 0.21015625
31 0.2171875 0.51953125 0.08203125 0.15078125
30 0.26328125 0.57265625 0.0859375 0.2
29 0.32734375 0.6171875 0.0984375 0.21328125
28 0.36953125 0.64375 0.06640625 0.203125
27 0.41171875 0.64140625 0.04609375 0.1984375
26 0.446875 0.665625 0.0453125 0.18984375
25 0.478125 0.6453125 0.028125 0.153125
24 0.503125 0.653125 0.02578125 0.17265625
16 0.5234375 0.64453125 0.02109375 0.16796875
17 0.54140625 0.6421875 0.03359375 0.15234375
18 0.5734375 0.66484375 0.0421875 0.18828125
19 0.60703125 0.64296875 0.0453125 0.17734375
20 0.64609375 0.640625 0.059375 0.18125
21 0.69375 0.6265625 0.0953125 0.2
22 0.75546875 0.590625 0.11015625 0.1921875
23 0.7921875 0.525 0.0875 0.153125