31 0.18125 0.60078125 0.09296875 0.1296875
30 0.259375 0.6140625 0.071875 0.190625
29 0.315625 0.6390625 0.08671875 0.19296875
28 0.359375 0.66484375 0.0609375 0.1953125
27 0.4015625 0.6734375 0.04453125 0.17421875
26 0.4359375 0.6859375 0.0484375 0.178125
25 0.471875 0.69453125 0.0359375 0.12734375
24 0.503125 0.7 0.02734375 0.1125
16 0.5296875 0.7 0.025 0.1046875
17 0.5578125 0.70234375 0.02734375 0.1171875
18 0.59140625 0.68515625 0.03984375 0.159375
19 0.6296875 0.68515625 0.04453125 0.17578125
20 0.6859375 0.68203125 0.0671875 0.1953125
21 0.74921875 0.67890625 0.1140625 0.26484375
22 0.81328125 0.61328125 0.0953125 0.19296875
23 0.87890625 0.6125 0.078125 0.153125
15 0.83515625 0.29765625 0.08046875 0.140625
14 0.82734375 0.40859375 0.071875 0.17578125
13 0.7734375 0.428125 0.06953125 0.19296875
12 0.72265625 0.4328125 0.0484375 0.21171875
11 0.6796875 0.44921875 0.04609375 0.21015625
10 0.64765625 0.471875 0.0421875 0.21015625
9 0.60625 0.48125 0.03984375 0.20390625
8 0.5625 0.471875 0.04453125 0.25234375
7 0.24296875 0.29609375 0.06328125 0.15703125
6 0.2640625 0.4046875 0.07578125 0.18046875
5 0.3125 0.4265625 0.06328125 0.1953125
4 0.3609375 0.434375 0.0421875 0.20546875
3 0.39765625 0.4421875 0.04453125 0.2265625
2 0.434375 0.45859375 0.04140625 0.225
1 0.4734375 0.46953125 0.04453125 0.22578125
0 0.515625 0.471875 0.03984375 0.2390625