7 0.21640625 0.34765625 0.06953125 0.1125
6 0.2359375 0.4390625 0.0578125 0.153125
5 0.29921875 0.44609375 0.06640625 0.19375
4 0.34296875 0.45 0.046875 0.2140625
3 0.3859375 0.453125 0.0546875 0.2078125
2 0.41484375 0.44765625 0.04140625 0.2125
1 0.4578125 0.4609375 0.0453125 0.2078125
0 0.49609375 0.4625 0.0421875 0.1953125
8 0.53984375 0.45625 0.046875 0.2234375
9 0.578125 0.471875 0.0453125 0.21796875
10 0.61171875 0.47109375 0.0375 0.2125
11 0.6484375 0.47578125 0.03984375 0.19921875
12 0.68828125 0.4640625 0.03828125 0.2140625
13 0.73671875 0.4625 0.05859375 0.1953125
14 0.78828125 0.4609375 0.059375 0.1890625
15 0.8046875 0.38203125 0.0609375 0.121875
31 0.175 0.5734375 0.06953125 0.11796875
30 0.23671875 0.6140625 0.09140625 0.18828125
29 0.3078125 0.66875 0.09140625 0.2109375
28 0.36640625 0.68046875 0.05 0.20625
27 0.409375 0.6953125 0.0421875 0.22421875
26 0.44453125 0.690625 0.03828125 0.2109375
25 0.478125 0.69453125 0.034375 0.21953125
24 0.50546875 0.6953125 0.03359375 0.22421875
16 0.53671875 0.690625 0.0296875 0.20234375
17 0.565625 0.70078125 0.0359375 0.2234375
18 0.6 0.69921875 0.0421875 0.22890625
19 0.6375 0.696875 0.0390625 0.22421875
20 0.6796875 0.6953125 0.05234375 0.22109375
21 0.73125 0.6859375 0.07890625 0.225
23 0.84453125 0.60625 0.06953125 0.121875