6 0.2609375 0.465625 0.05546875 0.21953125
5 0.31796875 0.48828125 0.05859375 0.20546875
4 0.359375 0.48125 0.0453125 0.20703125
3 0.38515625 0.47265625 0.046875 0.165625
2 0.4125 0.4421875 0.040625 0.2390625
30 0.21640625 0.61640625 0.1125 0.16171875
29 0.2734375 0.66640625 0.1 0.16640625
27 0.37890625 0.68359375 0.06953125 0.18515625
26 0.42109375 0.68359375 0.0421875 0.18515625
25 0.46171875 0.675 0.040625 0.20625
24 0.48984375 0.67265625 0.03046875 0.2015625
22 0.8046875 0.6078125 0.08359375 0.13515625
21 0.74609375 0.65234375 0.07578125 0.15390625
19 0.63828125 0.70390625 0.05 0.19296875
18 0.5953125 0.69453125 0.03203125 0.20234375
14 0.7828125 0.45078125 0.0625 0.16171875
12 0.690625 0.4828125 0.03359375 0.19453125