6 0.2640625 0.45625 0.0515625 0.1890625
5 0.3203125 0.46953125 0.0609375 0.2109375
4 0.3671875 0.4640625 0.04140625 0.21328125
3 0.39921875 0.46484375 0.05 0.1984375
2 0.42734375 0.42890625 0.04140625 0.2046875
1 0.45 0.48125 0.04296875 0.1828125
0 0.4765625 0.490625 0.04765625 0.2109375
8 0.5171875 0.48515625 0.04296875 0.19609375
9 0.55546875 0.484375 0.03671875 0.1984375
10 0.58984375 0.48125 0.0453125 0.19609375
11 0.62890625 0.47265625 0.0453125 0.17421875
12 0.67109375 0.4734375 0.04296875 0.171875
13 0.721875 0.4515625 0.0625 0.21953125
14 0.775 0.4375 0.05625 0.19140625
22 0.8 0.65859375 0.09296875 0.19140625
21 0.73515625 0.7234375 0.0890625 0.2171875
20 0.6734375 0.73828125 0.0390625 0.221875
19 0.63515625 0.7421875 0.04140625 0.228125
18 0.603125 0.740625 0.04140625 0.24375
17 0.56484375 0.71171875 0.03046875 0.1765625
16 0.54296875 0.7140625 0.03125 0.171875
25 0.4828125 0.7203125 0.034375 0.19375
26 0.45234375 0.7484375 0.04765625 0.2546875
27 0.4046875 0.7515625 0.04296875 0.24375
28 0.359375 0.75390625 0.04296875 0.23046875
29 0.28046875 0.69609375 0.1046875 0.18046875
24 0.51015625 0.7203125 0.02734375 0.1890625