28 0.35546875 0.62109375 0.0703125 0.18984375
27 0.41328125 0.61875 0.04453125 0.18671875
26 0.44765625 0.6296875 0.0359375 0.2
25 0.4828125 0.61171875 0.02578125 0.16796875
24 0.509375 0.60703125 0.028125 0.14609375
16 0.540625 0.6109375 0.034375 0.1609375
17 0.5703125 0.61953125 0.0296875 0.1796875
18 0.60703125 0.62890625 0.04296875 0.19765625
19 0.65625 0.6296875 0.05546875 0.1828125
20 0.70625 0.6296875 0.06640625 0.1828125
6 0.25390625 0.39140625 0.05546875 0.2015625
5 0.3109375 0.409375 0.0578125 0.17734375
4 0.3640625 0.4046875 0.04453125 0.1890625
3 0.40703125 0.37734375 0.040625 0.24140625
1 0.47890625 0.39375 0.03828125 0.18046875
8 0.55859375 0.4203125 0.04453125 0.178125
9 0.60078125 0.41484375 0.03828125 0.18359375
10 0.64453125 0.39375 0.04453125 0.22734375
11 0.68046875 0.40546875 0.0359375 0.20390625
12 0.71875 0.41171875 0.04921875 0.18671875
2 0.43515625 0.38203125 0.0359375 0.23828125