7 0.23359375 0.3359375 0.0609375 0.12890625
6 0.2609375 0.42265625 0.06875 0.171875
4 0.30703125 0.37890625 0.046875 0.1515625
3 0.35234375 0.43671875 0.04296875 0.20390625
2 0.396875 0.3796875 0.04921875 0.24765625
1 0.4328125 0.46015625 0.046875 0.2234375
0 0.4734375 0.4671875 0.04140625 0.23359375
8 0.51875 0.45546875 0.04140625 0.253125
9 0.54609375 0.44921875 0.07265625 0.2296875
10 0.58203125 0.38125 0.0609375 0.19609375
11 0.63671875 0.43515625 0.053125 0.209375
12 0.67734375 0.353125 0.075 0.15703125
13 0.74375 0.41796875 0.0671875 0.18203125
14 0.7796875 0.33203125 0.059375 0.16015625
15 0.80625 0.26875 0.06640625 0.10390625
31 0.16796875 0.55390625 0.05703125 0.13125
30 0.2109375 0.615625 0.075 0.15234375
29 0.2734375 0.67109375 0.0828125 0.21171875
28 0.32109375 0.71484375 0.0671875 0.19765625
27 0.37265625 0.73671875 0.0453125 0.21328125
26 0.4171875 0.76328125 0.046875 0.21171875
25 0.453125 0.70234375 0.03515625 0.171875
24 0.48203125 0.6875 0.0234375 0.15859375
16 0.51171875 0.69609375 0.02734375 0.184375
17 0.540625 0.69765625 0.04140625 0.1625
18 0.584375 0.76328125 0.0515625 0.215625
19 0.6296875 0.7203125 0.0515625 0.2078125
20 0.68671875 0.6984375 0.075 0.19296875
21 0.73828125 0.6609375 0.0984375 0.21171875
22 0.81328125 0.62265625 0.0984375 0.178125
23 0.8515625 0.55390625 0.05703125 0.13125