6 0.24453125 0.40078125 0.06796875 0.14921875
7 0.21328125 0.315625 0.05234375 0.0953125
5 0.28359375 0.46875 0.0546875 0.20546875
4 0.334375 0.46796875 0.0609375 0.22890625
15 0.771875 0.33046875 0.059375 0.103125
14 0.7328125 0.40703125 0.071875 0.1578125
3 0.36875 0.4796875 0.053125 0.21875
2 0.396875 0.46484375 0.04296875 0.2359375
1 0.4375 0.47109375 0.04375 0.22578125
0 0.47109375 0.471875 0.04765625 0.24140625
8 0.50859375 0.47265625 0.0515625 0.23671875
9 0.53984375 0.47578125 0.05 0.21171875
10 0.5765625 0.4015625 0.04765625 0.24609375
11 0.5921875 0.48203125 0.06171875 0.22421875
12 0.63515625 0.48515625 0.03984375 0.23125
13 0.68359375 0.46796875 0.0734375 0.22578125
31 0.1609375 0.640625 0.05546875 0.1140625
30 0.2109375 0.7046875 0.078125 0.1546875
29 0.27421875 0.71171875 0.10234375 0.21796875
28 0.33125 0.75234375 0.05546875 0.21015625
27 0.37734375 0.72578125 0.040625 0.2015625
26 0.41328125 0.721875 0.03515625 0.22265625
25 0.44296875 0.7078125 0.02890625 0.18984375
23 0.83203125 0.659375 0.065625 0.13046875
22 0.7703125 0.715625 0.08203125 0.1609375
21 0.7015625 0.71640625 0.10859375 0.22421875
20 0.6328125 0.73828125 0.04921875 0.18125
19 0.58828125 0.725 0.0453125 0.2
18 0.5484375 0.71953125 0.0390625 0.21796875
17 0.5140625 0.715625 0.0359375 0.1984375
16 0.4953125 0.7015625 0.03984375 0.23828125
24 0.46328125 0.69296875 0.03203125 0.2