31 0.1921875 0.546875 0.0796875 0.16953125
30 0.25234375 0.60546875 0.08359375 0.20625
29 0.3125 0.6203125 0.07734375 0.2296875
28 0.3609375 0.63671875 0.03984375 0.22890625
27 0.396875 0.6328125 0.03984375 0.2015625
26 0.43125 0.6453125 0.03359375 0.21953125
25 0.465625 0.6265625 0.03359375 0.17734375
24 0.4890625 0.628125 0.021875 0.16171875
16 0.515625 0.6328125 0.01953125 0.13359375
17 0.540625 0.628125 0.03359375 0.1734375
18 0.57109375 0.6484375 0.028125 0.2140625
19 0.60390625 0.63671875 0.03359375 0.19375
20 0.63671875 0.63515625 0.0359375 0.20703125
22 0.72109375 0.6203125 0.07734375 0.19765625
23 0.78046875 0.56875 0.0734375 0.16953125
7 0.18828125 0.39140625 0.0546875 0.13203125
6 0.2359375 0.39453125 0.05546875 0.1828125
15 0.790625 0.40546875 0.05390625 0.125
14 0.74609375 0.4015625 0.0515625 0.17265625
13 0.6921875 0.4234375 0.05546875 0.16796875
12 0.65078125 0.41484375 0.04375 0.16796875
11 0.621875 0.4125 0.04140625 0.190625
10 0.5921875 0.4171875 0.04921875 0.1875
9 0.54765625 0.42578125 0.03984375 0.1734375
8 0.5109375 0.42421875 0.04140625 0.19375
0 0.46796875 0.42421875 0.03984375 0.19375
1 0.4375 0.42890625 0.0453125 0.1796875
2 0.3921875 0.42578125 0.0453125 0.17734375
3 0.35703125 0.42578125 0.03984375 0.16484375
4 0.31171875 0.42890625 0.04375 0.14375
5 0.290625 0.42578125 0.05390625 0.1328125