7 0.2046875 0.41640625 0.065625 0.1375
6 0.24140625 0.44609375 0.0578125 0.15703125
5 0.3015625 0.45234375 0.06875 0.18125
4 0.35078125 0.46953125 0.040625 0.184375
3 0.3875 0.48359375 0.040625 0.17109375
2 0.428125 0.46171875 0.0390625 0.2203125
1 0.4671875 0.48359375 0.04296875 0.20234375
0 0.4984375 0.4984375 0.0390625 0.18828125
8 0.53828125 0.49453125 0.0375 0.19609375
9 0.578125 0.46171875 0.03515625 0.23515625
10 0.61015625 0.4515625 0.0328125 0.23515625
11 0.646875 0.45078125 0.03125 0.221875
12 0.6734375 0.44375 0.03984375 0.2
13 0.7234375 0.43671875 0.05625 0.18671875
14 0.7703125 0.4328125 0.053125 0.175
15 0.8046875 0.415625 0.05859375 0.128125
23 0.81875 0.56953125 0.09375 0.13984375
22 0.75078125 0.653125 0.0765625 0.2
21 0.69453125 0.665625 0.0921875 0.20234375
20 0.634375 0.68203125 0.04296875 0.20390625
19 0.5984375 0.68203125 0.040625 0.18828125
18 0.5765625 0.71015625 0.05859375 0.209375
17 0.53515625 0.70390625 0.02734375 0.17265625
16 0.50703125 0.696875 0.0328125 0.15546875
24 0.4859375 0.69453125 0.0234375 0.1515625
25 0.4609375 0.7078125 0.03125 0.184375
26 0.4265625 0.696875 0.040625 0.175
27 0.39375 0.68515625 0.0453125 0.190625
28 0.36015625 0.68828125 0.0453125 0.2
29 0.3109375 0.6734375 0.08203125 0.20703125
30 0.2390625 0.64375 0.0875 0.1828125
31 0.184375 0.590625 0.0921875 0.17265625