30 0.27109375 0.6015625 0.0828125 0.178125
29 0.3296875 0.6453125 0.103125 0.2109375
28 0.38828125 0.671875 0.0421875 0.19453125
26 0.43125 0.67109375 0.03203125 0.21640625
25 0.46875 0.65546875 0.021875 0.1421875
24 0.4953125 0.67109375 0.0265625 0.16796875
16 0.51796875 0.675 0.02421875 0.17265625
17 0.54140625 0.671875 0.0265625 0.1828125
18 0.57578125 0.66796875 0.034375 0.2109375
20 0.61796875 0.6546875 0.03828125 0.20859375
21 0.68046875 0.62890625 0.090625 0.18984375
22 0.725 0.59609375 0.0625 0.1765625
15 0.75625 0.33984375 0.05234375 0.13203125
14 0.7265625 0.40859375 0.0625 0.1875
13 0.68125 0.4296875 0.05234375 0.17734375
12 0.63828125 0.44921875 0.03046875 0.17265625
11 0.6140625 0.44375 0.03046875 0.17421875
10 0.59296875 0.4578125 0.03203125 0.20703125
9 0.55859375 0.45390625 0.028125 0.1984375
8 0.52734375 0.4609375 0.034375 0.2125
0 0.48515625 0.45234375 0.03046875 0.21171875
1 0.45390625 0.45234375 0.028125 0.19453125
2 0.42265625 0.453125 0.034375 0.2046875
3 0.38671875 0.46171875 0.03203125 0.19765625
4 0.35859375 0.4484375 0.02421875 0.1828125
5 0.31875 0.4484375 0.05625 0.16640625
6 0.26640625 0.4421875 0.06484375 0.1296875