7 0.27890625 0.2859375 0.07890625 0.13984375
21 0.303125 0.4015625 0.0984375 0.2125
4 0.36640625 0.36875 0.0578125 0.134375
2 0.45703125 0.31640625 0.0640625 0.19375
1 0.4859375 0.48125 0.05234375 0.24921875
0 0.5234375 0.47890625 0.046875 0.27421875
8 0.575 0.48984375 0.0515625 0.253125
9 0.61875 0.48984375 0.040625 0.23203125
10 0.64765625 0.340625 0.05546875 0.19375
12 0.72421875 0.3765625 0.06015625 0.1375
14 0.796875 0.42265625 0.0765625 0.19140625
15 0.81484375 0.3015625 0.075 0.1375
31 0.2328125 0.6359375 0.0765625 0.1359375
30 0.30234375 0.66640625 0.11328125 0.23359375
24 0.53984375 0.740625 0.03203125 0.1953125
25 0.5046875 0.7375 0.03125 0.18046875
26 0.4734375 0.8703125 0.0578125 0.16796875
27 0.4265625 0.78359375 0.053125 0.1484375
16 0.57578125 0.73203125 0.028125 0.17421875
17 0.60859375 0.7484375 0.0296875 0.1890625
18 0.64140625 0.8875 0.05546875 0.16796875
19 0.68046875 0.80859375 0.053125 0.1375
22 0.79375 0.67265625 0.10078125 0.22578125
23 0.8609375 0.64140625 0.07265625 0.1375
3 0.41640625 0.39296875 0.06015625 0.153125
5 0.35 0.4859375 0.05859375 0.12109375
11 0.68984375 0.4546875 0.05546875 0.1359375
13 0.7421875 0.50078125 0.0546875 0.1171875
21 0.72109375 0.67890625 0.08359375 0.153125
29 0.38125 0.68203125 0.10078125 0.16328125