23 0.875 0.53984375 0.08203125 0.159375
31 0.14765625 0.51640625 0.09609375 0.1328125
30 0.21875 0.578125 0.09765625 0.2046875
29 0.28984375 0.61328125 0.10390625 0.20703125
28 0.34921875 0.6421875 0.07421875 0.209375
27 0.396875 0.64765625 0.05 0.1828125
26 0.4359375 0.65703125 0.05625 0.178125
25 0.47421875 0.659375 0.03203125 0.10703125
24 0.50703125 0.665625 0.02578125 0.103125
16 0.534375 0.6671875 0.02734375 0.103125
17 0.56484375 0.6640625 0.0296875 0.1078125
18 0.59921875 0.67421875 0.0421875 0.16875
19 0.6390625 0.65546875 0.05 0.17890625
20 0.678125 0.653125 0.05625 0.20703125
21 0.74375 0.63125 0.09609375 0.20703125
22 0.82109375 0.5859375 0.11796875 0.20390625
7 0.1921875 0.3296875 0.08828125 0.13515625
6 0.23203125 0.3671875 0.071875 0.1953125
5 0.28828125 0.4078125 0.0640625 0.1546875
4 0.3421875 0.4015625 0.04765625 0.203125
15 0.84609375 0.3578125 0.084375 0.1671875
14 0.7953125 0.38046875 0.0703125 0.20078125
13 0.7328125 0.3984375 0.07421875 0.22109375
12 0.68828125 0.4203125 0.03984375 0.20078125
11 0.65078125 0.43125 0.03828125 0.23515625
10 0.61328125 0.4546875 0.03828125 0.2328125
9 0.57734375 0.46953125 0.03828125 0.190625
8 0.5359375 0.471875 0.03984375 0.19921875
0 0.5 0.453125 0.028125 0.22734375
1 0.45 0.4484375 0.03984375 0.21328125
2 0.42109375 0.41640625 0.04609375 0.26484375
3 0.37421875 0.428125 0.03984375 0.2046875