31 0.18125 0.62109375 0.07109375 0.13515625
30 0.24375 0.61171875 0.08828125 0.171875
29 0.3046875 0.68203125 0.08984375 0.19296875
28 0.37109375 0.6734375 0.046875 0.15859375
27 0.421875 0.67890625 0.04921875 0.18203125
26 0.46875 0.68125 0.040625 0.18203125
25 0.51484375 0.690625 0.04296875 0.1890625
24 0.54609375 0.6734375 0.03203125 0.16328125
16 0.57265625 0.6734375 0.0296875 0.171875
17 0.6125 0.68984375 0.040625 0.18203125
18 0.65625 0.68671875 0.0546875 0.20625
19 0.6890625 0.68359375 0.03828125 0.18671875
20 0.7296875 0.66953125 0.03828125 0.171875
21 0.7921875 0.66171875 0.08125 0.1875
22 0.8515625 0.62265625 0.07734375 0.18046875
23 0.90703125 0.5953125 0.05390625 0.11796875
6 0.253125 0.44921875 0.05546875 0.1734375
5 0.31796875 0.48203125 0.06875 0.16953125
4 0.37890625 0.48203125 0.04921875 0.1734375
2 0.46171875 0.47890625 0.0515625 0.21484375
1 0.5125 0.4734375 0.05546875 0.21640625
0 0.5546875 0.46328125 0.04921875 0.21875
8 0.5953125 0.4734375 0.0453125 0.19921875
9 0.63984375 0.4828125 0.03828125 0.18046875
10 0.68203125 0.4734375 0.04296875 0.190625
13 0.80703125 0.4515625 0.0640625 0.2078125
14 0.86484375 0.42890625 0.05546875 0.19296875
12 0.75390625 0.47421875 0.03671875 0.18046875