7 0.21875 0.32734375 0.0703125 0.11875
6 0.2421875 0.4078125 0.07421875 0.2109375
5 0.3 0.43359375 0.06875 0.203125
4 0.35859375 0.4265625 0.05625 0.209375
3 0.39375 0.43671875 0.040625 0.2046875
2 0.4328125 0.4140625 0.0609375 0.21875
1 0.4671875 0.4703125 0.05078125 0.16875
0 0.49609375 0.4765625 0.046875 0.18359375
8 0.53046875 0.478125 0.040625 0.18359375
9 0.56953125 0.48203125 0.0328125 0.16484375
10 0.61015625 0.4390625 0.0453125 0.2265625
11 0.64453125 0.44609375 0.046875 0.228125
12 0.6859375 0.44921875 0.03515625 0.203125
13 0.7328125 0.4375 0.05859375 0.2109375
14 0.77265625 0.41484375 0.07421875 0.18046875
15 0.79609375 0.32421875 0.0640625 0.1015625
31 0.14453125 0.6015625 0.0703125 0.125
30 0.21015625 0.628125 0.084375 0.196875
29 0.26640625 0.67109375 0.1078125 0.225
28 0.33203125 0.690625 0.0625 0.209375
27 0.38359375 0.70234375 0.053125 0.2125
26 0.428125 0.71484375 0.0546875 0.25
25 0.46875 0.678125 0.03125 0.1640625
24 0.49765625 0.67890625 0.02421875 0.1703125
16 0.52421875 0.67890625 0.025 0.16875
17 0.55390625 0.6859375 0.0296875 0.17578125
18 0.59765625 0.7140625 0.0546875 0.2203125
19 0.63046875 0.696875 0.05 0.203125
20 0.6734375 0.69609375 0.05 0.2015625
21 0.734375 0.6796875 0.08984375 0.21484375
22 0.790625 0.63671875 0.078125 0.203125
23 0.84375 0.615625 0.0625 0.1171875