6 0.20390625 0.375 0.05546875 0.19609375
5 0.25859375 0.41328125 0.0578125 0.20390625
4 0.3125 0.41015625 0.0453125 0.22421875
2 0.39140625 0.4375 0.040625 0.25234375
1 0.42734375 0.453125 0.03828125 0.24140625
0 0.46640625 0.45078125 0.040625 0.2703125
8 0.509375 0.4671875 0.040625 0.21328125
9 0.5515625 0.459375 0.034375 0.1984375
10 0.5890625 0.4546875 0.0453125 0.221875
11 0.62265625 0.4359375 0.02578125 0.1859375
12 0.65859375 0.45234375 0.046875 0.19609375
13 0.71328125 0.46484375 0.0625 0.17890625
14 0.77109375 0.421875 0.06640625 0.20078125
15 0.8265625 0.38984375 0.07265625 0.175
23 0.81796875 0.59921875 0.11171875 0.18984375
22 0.75546875 0.65625 0.115625 0.16640625
20 0.66640625 0.7140625 0.04921875 0.21796875
19 0.61484375 0.7109375 0.04921875 0.22890625
18 0.5640625 0.72265625 0.06015625 0.23046875
17 0.5421875 0.70859375 0.0453125 0.20703125
16 0.5125 0.7078125 0.0296875 0.2046875
25 0.46484375 0.71640625 0.028125 0.2046875
26 0.42890625 0.7078125 0.03828125 0.21484375
27 0.396875 0.69609375 0.04296875 0.2203125
28 0.35390625 0.6828125 0.046875 0.2203125
24 0.4921875 0.70625 0.03203125 0.19453125
29 0.2921875 0.67578125 0.07734375 0.209375
31 0.2078125 0.59375 0.10703125 0.153125