30 0.190625 0.509375 0.11640625 0.1875
28 0.31328125 0.54140625 0.04453125 0.2
27 0.35546875 0.534375 0.03984375 0.19765625
26 0.39140625 0.5359375 0.03203125 0.21171875
25 0.42578125 0.53828125 0.028125 0.20546875
24 0.45703125 0.5453125 0.021875 0.20390625
16 0.48203125 0.5515625 0.02421875 0.1984375
17 0.5078125 0.559375 0.028125 0.215625
18 0.53828125 0.578125 0.03203125 0.2359375
19 0.5734375 0.5859375 0.034375 0.215625
20 0.61015625 0.59921875 0.04453125 0.21015625
22 0.77734375 0.58046875 0.13671875 0.20546875