6 0.25703125 0.35078125 0.06484375 0.18984375
5 0.31484375 0.36875 0.06328125 0.2453125
4 0.36796875 0.36171875 0.0390625 0.25078125
3 0.40546875 0.3578125 0.04296875 0.27421875
1 0.45 0.3609375 0.04140625 0.2609375
0 0.48828125 0.36796875 0.0390625 0.28359375
8 0.53046875 0.365625 0.04140625 0.28671875
9 0.5671875 0.38203125 0.03125 0.2203125
10 0.59921875 0.3640625 0.04140625 0.25078125
12 0.64375 0.37109375 0.046875 0.25
13 0.70078125 0.359375 0.06328125 0.23046875
14 0.7609375 0.35 0.06484375 0.1921875
30 0.24609375 0.56875 0.11015625 0.18828125
25 0.4765625 0.62734375 0.02734375 0.18828125
26 0.44453125 0.64296875 0.0390625 0.23828125
27 0.39765625 0.64609375 0.0390625 0.2296875
17 0.53046875 0.628125 0.02578125 0.19765625
18 0.5671875 0.64140625 0.04296875 0.2546875
21 0.696875 0.6203125 0.0828125 0.23359375
22 0.76953125 0.57109375 0.090625 0.20546875
19 0.609375 0.63046875 0.0453125 0.2171875