7 0.24921875 0.246875 0.0609375 0.1765625
6 0.28515625 0.34296875 0.0625 0.14765625
5 0.3390625 0.35390625 0.0609375 0.17265625
4 0.3796875 0.38828125 0.0375 0.17109375
3 0.4109375 0.38984375 0.0296875 0.17109375
2 0.43828125 0.39140625 0.0328125 0.18828125
1 0.4703125 0.4015625 0.03515625 0.17890625
0 0.5046875 0.40546875 0.0375 0.20625
8 0.5390625 0.39765625 0.03515625 0.21796875
9 0.57109375 0.4015625 0.0375 0.17890625
10 0.60234375 0.3703125 0.0328125 0.221875
11 0.628125 0.38671875 0.0296875 0.18359375
12 0.6546875 0.3703125 0.0390625 0.18671875
13 0.69453125 0.35 0.0484375 0.17265625
14 0.7421875 0.3390625 0.0546875 0.13984375
15 0.7734375 0.2671875 0.05859375 0.14453125
23 0.790625 0.528125 0.078125 0.153125
22 0.7375 0.55390625 0.084375 0.18671875
21 0.69140625 0.59921875 0.09765625 0.19453125
20 0.63984375 0.6296875 0.053125 0.2
19 0.60546875 0.6453125 0.04296875 0.20390625
18 0.571875 0.65078125 0.03515625 0.2234375
17 0.54375 0.64140625 0.0296875 0.1765625
16 0.52265625 0.6421875 0.0328125 0.17109375
24 0.5078125 0.6359375 0.0234375 0.17734375
25 0.4859375 0.63515625 0.03671875 0.1703125
26 0.45703125 0.64765625 0.03515625 0.2203125
27 0.43359375 0.62109375 0.03984375 0.171875
28 0.3953125 0.64375 0.0828125 0.22109375
29 0.346875 0.6 0.115625 0.19609375
30 0.28515625 0.553125 0.1015625 0.1765625
31 0.2203125 0.52578125 0.08984375 0.13359375