7 0.20234375 0.3453125 0.084375 0.2015625
6 0.23203125 0.4265625 0.0546875 0.20390625
5 0.28984375 0.428125 0.0609375 0.23125
4 0.33828125 0.41953125 0.03984375 0.21015625
3 0.3796875 0.44921875 0.04609375 0.23515625
2 0.42578125 0.43515625 0.04609375 0.2796875
1 0.46953125 0.42265625 0.053125 0.2921875
0 0.50859375 0.42734375 0.0421875 0.3140625
8 0.5578125 0.4421875 0.04453125 0.2859375
9 0.59921875 0.45234375 0.03828125 0.25
10 0.6390625 0.44375 0.05078125 0.27109375
11 0.68046875 0.44375 0.03984375 0.25
12 0.71796875 0.4421875 0.03984375 0.23125
14 0.8078125 0.38671875 0.05078125 0.2796875
15 0.8578125 0.3875 0.0484375 0.25234375
31 0.175 0.6 0.07578125 0.178125
30 0.2234375 0.64296875 0.096875 0.2015625
29 0.29140625 0.67578125 0.10546875 0.22890625
28 0.35859375 0.68125 0.059375 0.2140625
27 0.403125 0.6953125 0.04609375 0.21796875
26 0.44609375 0.6859375 0.03984375 0.1953125
25 0.484375 0.70859375 0.03203125 0.20546875
24 0.515625 0.69765625 0.03203125 0.20546875
16 0.54453125 0.7 0.0296875 0.19296875
17 0.575 0.70390625 0.03203125 0.20546875
18 0.61171875 0.71328125 0.03828125 0.25
19 0.65390625 0.6953125 0.0546875 0.20546875
20 0.6984375 0.68828125 0.059375 0.2203125
21 0.759375 0.66796875 0.10546875 0.2265625
22 0.821875 0.634375 0.0953125 0.19296875
23 0.87109375 0.5984375 0.071875 0.17578125