31 0.13984375 0.56953125 0.071875 0.1828125
30 0.196875 0.6171875 0.11953125 0.25546875
29 0.26484375 0.65234375 0.14375 0.24375
28 0.32734375 0.73203125 0.07578125 0.2640625
27 0.38828125 0.6984375 0.0546875 0.26171875
26 0.428125 0.6921875 0.0390625 0.26640625
25 0.46171875 0.7078125 0.0421875 0.23359375
24 0.4828125 0.6734375 0.03046875 0.203125
16 0.51015625 0.68984375 0.028125 0.22265625
17 0.5359375 0.68515625 0.0328125 0.23984375
18 0.57265625 0.68515625 0.0328125 0.24921875
19 0.60625 0.6921875 0.05625 0.24453125
20 0.63984375 0.7078125 0.10234375 0.27734375
21 0.68984375 0.684375 0.1109375 0.246875
22 0.7578125 0.63671875 0.10625 0.23515625
23 0.8109375 0.58515625 0.07421875 0.1828125
6 0.171875 0.34921875 0.06953125 0.18125
5 0.23671875 0.36328125 0.07421875 0.21875
4 0.3 0.37265625 0.04765625 0.26640625
3 0.3421875 0.3703125 0.0453125 0.28046875
2 0.38671875 0.37265625 0.04765625 0.2921875
1 0.43125 0.37421875 0.04140625 0.2921875
0 0.46875 0.3828125 0.04140625 0.30859375
8 0.51015625 0.3875 0.0453125 0.3140625
9 0.55 0.39375 0.0390625 0.2828125
10 0.596875 0.39453125 0.0546875 0.271875
11 0.6328125 0.39296875 0.0390625 0.25078125
13 0.68359375 0.3875 0.0671875 0.23984375
14 0.75 0.3765625 0.06484375 0.22734375
15 0.80703125 0.3578125 0.0640625 0.17734375