7 0.19296875 0.3109375 0.07890625 0.1203125
6 0.2078125 0.41484375 0.0703125 0.178125
5 0.26484375 0.434375 0.07265625 0.2015625
4 0.32578125 0.4421875 0.0578125 0.1953125
3 0.3640625 0.4515625 0.04765625 0.1890625
2 0.41171875 0.4453125 0.0640625 0.25078125
1 0.4546875 0.471875 0.0453125 0.18046875
0 0.496875 0.46484375 0.04765625 0.21171875
8 0.54375 0.46171875 0.0453125 0.23046875
9 0.5875 0.46953125 0.0375 0.21796875
10 0.63046875 0.46171875 0.04140625 0.23828125
11 0.66875 0.4609375 0.0390625 0.203125
12 0.70546875 0.453125 0.0453125 0.19375
13 0.76015625 0.44765625 0.06015625 0.18359375
14 0.8125 0.4171875 0.0640625 0.18125
15 0.8265625 0.31875 0.07265625 0.11015625
31 0.1390625 0.5640625 0.0703125 0.13671875
30 0.19375 0.61171875 0.1015625 0.190625
29 0.275 0.65390625 0.10546875 0.203125
28 0.34140625 0.68984375 0.05625 0.22578125
27 0.38828125 0.6875 0.0453125 0.20546875
26 0.4296875 0.6828125 0.04140625 0.18671875
25 0.46953125 0.678125 0.03125 0.16171875
24 0.49765625 0.6875 0.02890625 0.1734375
16 0.52890625 0.678125 0.02578125 0.16171875
17 0.56015625 0.6828125 0.025 0.165625
18 0.5953125 0.68671875 0.0328125 0.190625
19 0.63515625 0.6953125 0.04140625 0.1953125
20 0.67734375 0.69609375 0.04765625 0.21796875
21 0.74375 0.6609375 0.09375 0.20546875
22 0.8125 0.6265625 0.0765625 0.18671875
23 0.87109375 0.5859375 0.0625 0.13046875