30 0.2671875 0.57890625 0.09375 0.18046875
28 0.3625 0.60703125 0.0375 0.17890625
27 0.39765625 0.6078125 0.0375 0.18828125
26 0.4296875 0.6140625 0.03125 0.184375
25 0.4703125 0.615625 0.0234375 0.15703125
24 0.49375 0.6125 0.02734375 0.13984375
16 0.5171875 0.61796875 0.01875 0.153125
17 0.540625 0.6046875 0.02734375 0.13984375
18 0.57734375 0.62265625 0.0375 0.190625
19 0.6328125 0.615625 0.03515625 0.18359375
20 0.66875 0.6234375 0.0296875 0.1953125
21 0.728125 0.596875 0.0859375 0.1828125
6 0.28046875 0.378125 0.053125 0.1828125
5 0.334375 0.40546875 0.05859375 0.175
4 0.37109375 0.4015625 0.03125 0.17890625
3 0.40234375 0.39296875 0.03515625 0.1921875
2 0.43359375 0.3921875 0.03515625 0.2140625
1 0.46484375 0.42265625 0.02734375 0.1765625
0 0.49609375 0.4328125 0.03515625 0.1828125
8 0.5328125 0.42734375 0.03125 0.190625
9 0.5640625 0.42265625 0.0234375 0.18046875
10 0.59375 0.3921875 0.03125 0.24140625
11 0.62421875 0.41328125 0.0375 0.1984375
12 0.65234375 0.40859375 0.03125 0.17265625
13 0.69375 0.409375 0.05078125 0.17890625
14 0.74609375 0.38828125 0.05078125 0.18671875