31 0.16015625 0.6359375 0.07421875 0.12578125
30 0.225 0.64765625 0.0984375 0.1828125
29 0.29609375 0.69296875 0.0890625 0.20078125
28 0.35546875 0.709375 0.06640625 0.20546875
27 0.4 0.7140625 0.0546875 0.20234375
26 0.440625 0.71015625 0.05078125 0.17421875
25 0.47890625 0.6921875 0.0421875 0.1625
24 0.509375 0.71171875 0.03046875 0.1609375
16 0.53359375 0.69375 0.0265625 0.13828125
17 0.56171875 0.70390625 0.034375 0.17421875
18 0.5984375 0.72109375 0.040625 0.20078125
19 0.6390625 0.7125 0.05234375 0.19453125
20 0.68359375 0.70078125 0.0484375 0.18359375
21 0.73515625 0.67578125 0.08671875 0.19765625
22 0.7953125 0.6203125 0.08671875 0.18359375
23 0.86328125 0.59296875 0.06484375 0.11796875
7 0.21484375 0.3703125 0.07890625 0.13203125
6 0.24375 0.46015625 0.06484375 0.16640625
5 0.303125 0.4859375 0.06640625 0.165625
4 0.35703125 0.4859375 0.04453125 0.17734375
3 0.38984375 0.48671875 0.034375 0.18671875
2 0.41953125 0.4734375 0.04453125 0.18515625
1 0.4484375 0.49765625 0.0421875 0.16953125
0 0.4859375 0.475 0.0484375 0.2328125
8 0.5296875 0.47890625 0.04375 0.228125
9 0.571875 0.4796875 0.034375 0.2015625
10 0.60703125 0.4828125 0.0359375 0.19921875
11 0.646875 0.4828125 0.0484375 0.1875
12 0.6875 0.4765625 0.04453125 0.1828125
13 0.7390625 0.4703125 0.05859375 0.15390625
14 0.7875 0.4296875 0.06640625 0.15703125