6 0.2421875 0.33515625 0.0703125 0.19140625
5 0.2796875 0.42109375 0.06875 0.1828125
4 0.33125 0.42265625 0.046875 0.20546875
3 0.3703125 0.4234375 0.04140625 0.21640625
2 0.428125 0.41875 0.06484375 0.2296875
0 0.4703125 0.45234375 0.04765625 0.24921875
8 0.52578125 0.4578125 0.05 0.24453125
9 0.5625 0.44140625 0.03984375 0.2390625
10 0.596875 0.425 0.04453125 0.25859375
11 0.6421875 0.42734375 0.0546875 0.2390625
12 0.68125 0.42890625 0.04921875 0.20625
13 0.73125 0.41796875 0.071875 0.1921875
14 0.7859375 0.36953125 0.07734375 0.20859375
29 0.2828125 0.653125 0.0984375 0.23359375
28 0.33671875 0.67890625 0.0546875 0.2328125
27 0.3828125 0.68828125 0.053125 0.21796875
26 0.42421875 0.71015625 0.053125 0.27421875
25 0.46015625 0.696875 0.0359375 0.19140625
24 0.4890625 0.6875 0.0328125 0.1734375
16 0.51484375 0.68984375 0.0328125 0.1890625
17 0.53984375 0.6796875 0.02734375 0.1734375
18 0.578125 0.7 0.03828125 0.21953125
19 0.62265625 0.69140625 0.04765625 0.2296875
20 0.6640625 0.6859375 0.065625 0.22578125
21 0.7265625 0.665625 0.103125 0.234375
22 0.78828125 0.61015625 0.0984375 0.175