16 0.5609375 0.6484375 0.0328125 0.1859375
17 0.5890625 0.65390625 0.0375 0.18125
19 0.6421875 0.690625 0.0734375 0.28359375
20 0.6828125 0.67421875 0.05703125 0.23828125
21 0.746875 0.64921875 0.1078125 0.23828125
22 0.81875 0.6078125 0.10546875 0.2234375
23 0.88125 0.578125 0.0859375 0.1265625
24 0.534375 0.65 0.0390625 0.1765625
25 0.49765625 0.6421875 0.04140625 0.1703125
26 0.45078125 0.68984375 0.06875 0.27421875
27 0.41328125 0.66953125 0.053125 0.20390625
29 0.33515625 0.65078125 0.125 0.2546875
30 0.25625 0.6109375 0.11953125 0.2296875
31 0.1890625 0.565625 0.08984375 0.1421875
7 0.23046875 0.29453125 0.0671875 0.12734375
6 0.2734375 0.3640625 0.06171875 0.20390625
5 0.34453125 0.3734375 0.0890625 0.24296875
14 0.82421875 0.3578125 0.0671875 0.20390625
13 0.7609375 0.38671875 0.065625 0.215625
11 0.71328125 0.39609375 0.04609375 0.22109375
10 0.67265625 0.38828125 0.053125 0.25703125
9 0.621875 0.40546875 0.04375 0.23984375
8 0.57734375 0.40234375 0.05234375 0.26875
0 0.5265625 0.39140625 0.06171875 0.28046875
1 0.490625 0.39609375 0.05234375 0.2515625
2 0.43984375 0.39453125 0.046875 0.240625
3 0.40625 0.371875 0.05625 0.253125