7 0.2078125 0.3234375 0.06875 0.1078125
6 0.2296875 0.38984375 0.0640625 0.2046875
5 0.28203125 0.41875 0.0609375 0.2125
4 0.328125 0.44140625 0.0390625 0.21484375
3 0.3671875 0.46796875 0.04296875 0.1859375
2 0.40625 0.434375 0.0390625 0.2640625
1 0.44453125 0.484375 0.040625 0.20703125
0 0.48046875 0.484375 0.03515625 0.2265625
8 0.5203125 0.4828125 0.040625 0.2265625
9 0.55546875 0.48515625 0.05 0.19453125
10 0.59453125 0.475 0.040625 0.20703125
11 0.63671875 0.47109375 0.046875 0.190625
12 0.6765625 0.46484375 0.040625 0.171875
13 0.7265625 0.41875 0.0625 0.228125
14 0.78515625 0.41015625 0.0625 0.1953125
15 0.8046875 0.33984375 0.07421875 0.11328125
31 0.15625 0.5484375 0.0703125 0.1328125
30 0.21875 0.596875 0.0859375 0.196875
29 0.2828125 0.64375 0.09765625 0.2015625
28 0.3515625 0.6671875 0.04296875 0.1890625
27 0.38671875 0.67109375 0.046875 0.178125
26 0.42265625 0.6890625 0.040625 0.1640625
25 0.4578125 0.6890625 0.0265625 0.125
24 0.4859375 0.6859375 0.0234375 0.13984375
16 0.5109375 0.68671875 0.025 0.1296875
17 0.53828125 0.68828125 0.0328125 0.13203125
18 0.57421875 0.6859375 0.03515625 0.16015625
19 0.6109375 0.6734375 0.04296875 0.171875
20 0.66328125 0.6671875 0.05625 0.18125
21 0.7234375 0.65625 0.0953125 0.20703125
22 0.790625 0.61328125 0.0859375 0.19921875
23 0.85546875 0.578125 0.0703125 0.1328125