7 0.17734375 0.34375 0.06015625 0.13984375
6 0.22578125 0.3671875 0.0640625 0.19609375
5 0.2796875 0.3890625 0.0671875 0.20625
4 0.32578125 0.3890625 0.0421875 0.20234375
3 0.3671875 0.38828125 0.04375 0.21171875
2 0.39296875 0.384375 0.0453125 0.22578125
1 0.41953125 0.38515625 0.0359375 0.19375
0 0.46328125 0.40234375 0.04296875 0.2234375
8 0.50546875 0.3984375 0.04296875 0.24140625
9 0.54140625 0.38046875 0.0484375 0.2171875
10 0.58125 0.390625 0.0484375 0.2265625
11 0.621875 0.39453125 0.0453125 0.2328125
12 0.65546875 0.38828125 0.0453125 0.23828125
13 0.71484375 0.39296875 0.06328125 0.21796875
14 0.7734375 0.3921875 0.046875 0.18671875
31 0.18671875 0.55625 0.09921875 0.16171875
30 0.2359375 0.62421875 0.1140625 0.20078125
28 0.365625 0.646875 0.05 0.22578125
27 0.40703125 0.64765625 0.04453125 0.24375
26 0.43671875 0.640625 0.028125 0.20859375
25 0.46953125 0.63359375 0.0265625 0.19140625
24 0.49296875 0.63515625 0.0234375 0.20546875
16 0.51640625 0.6421875 0.02734375 0.2
17 0.5546875 0.659375 0.0375 0.2375
18 0.60390625 0.64765625 0.04375 0.23125
19 0.6484375 0.6625 0.0390625 0.21796875
23 0.803125 0.6171875 0.0890625 0.15