7 0.21953125 0.3921875 0.08046875 0.13046875
6 0.26796875 0.4765625 0.06796875 0.20703125
5 0.32109375 0.53203125 0.0609375 0.103125
4 0.3234375 0.4265625 0.06953125 0.1390625
3 0.36328125 0.43046875 0.0609375 0.17421875
2 0.4046875 0.37421875 0.06953125 0.2078125
1 0.4484375 0.46953125 0.06484375 0.22109375
0 0.4875 0.51875 0.0546875 0.21015625
8 0.54453125 0.50390625 0.05625 0.23671875
9 0.58203125 0.48671875 0.05 0.17734375
10 0.61171875 0.3828125 0.0578125 0.18046875
11 0.65078125 0.43515625 0.046875 0.1390625
12 0.69453125 0.41875 0.05 0.13203125
13 0.70078125 0.52265625 0.05 0.10859375
14 0.75 0.46640625 0.0640625 0.18203125
15 0.79296875 0.3859375 0.06875 0.1375
31 0.2046875 0.7296875 0.08515625 0.15234375
30 0.2828125 0.728125 0.1015625 0.21015625
29 0.35703125 0.70390625 0.0828125 0.12421875
28 0.4015625 0.7953125 0.06484375 0.11875
26 0.45625 0.859375 0.06484375 0.18125
27 0.4453125 0.715625 0.0390625 0.11953125
25 0.47734375 0.72578125 0.04609375 0.153125
24 0.50390625 0.75625 0.04453125 0.19921875
16 0.53515625 0.75859375 0.03671875 0.2140625
17 0.56484375 0.759375 0.028125 0.228125
19 0.5921875 0.7125 0.03828125 0.11875
18 0.61015625 0.85859375 0.0703125 0.1921875
20 0.62578125 0.7015625 0.05234375 0.09609375
21 0.6828125 0.69453125 0.0578125 0.11875
22 0.74296875 0.70859375 0.0984375 0.2015625
23 0.81171875 0.70390625 0.07421875 0.12421875