23 0.86015625 0.52890625 0.0796875 0.15546875
31 0.15 0.50625 0.09375 0.1296875
30 0.21953125 0.5671875 0.0953125 0.2
29 0.2890625 0.60078125 0.1015625 0.20234375
28 0.346875 0.6296875 0.071875 0.20390625
27 0.39375 0.634375 0.0484375 0.17890625
26 0.43125 0.64375 0.0546875 0.1734375
25 0.46875 0.64609375 0.03125 0.1046875
24 0.50078125 0.6515625 0.025 0.10078125
16 0.528125 0.65390625 0.0265625 0.10078125
17 0.5578125 0.65 0.0296875 0.10546875
18 0.590625 0.6609375 0.040625 0.16484375
19 0.6296875 0.6421875 0.0484375 0.175
20 0.66796875 0.63984375 0.0546875 0.20234375
21 0.7328125 0.61875 0.09375 0.20234375
22 0.8078125 0.57421875 0.115625 0.19921875
7 0.19375 0.3234375 0.0859375 0.13203125
6 0.2328125 0.3609375 0.0703125 0.190625
5 0.2875 0.4 0.0625 0.1515625
4 0.33984375 0.39375 0.046875 0.1984375
15 0.83203125 0.35078125 0.08203125 0.16328125
14 0.78203125 0.3734375 0.06875 0.19609375
13 0.721875 0.39140625 0.071875 0.215625
12 0.678125 0.4125 0.0390625 0.19609375
11 0.64140625 0.4234375 0.0375 0.2296875
10 0.6046875 0.44609375 0.0375 0.22734375
9 0.56953125 0.46015625 0.0375 0.18671875
8 0.5296875 0.4625 0.0390625 0.19453125
0 0.49375 0.44453125 0.02734375 0.221875
1 0.4453125 0.43984375 0.0390625 0.2078125
2 0.4171875 0.40859375 0.0453125 0.25859375
3 0.37109375 0.4203125 0.0390625 0.2