6 0.27109375 0.42265625 0.0515625 0.1890625
5 0.32421875 0.41484375 0.05546875 0.19296875
4 0.36796875 0.41484375 0.0359375 0.19296875
3 0.40234375 0.4046875 0.0375 0.21640625
2 0.4359375 0.41171875 0.0375 0.23515625
1 0.4734375 0.42109375 0.03359375 0.209375
0 0.5 0.42265625 0.04375 0.2125
8 0.5421875 0.4171875 0.0453125 0.24609375
9 0.578125 0.4359375 0.0296875 0.2046875
10 0.6125 0.42734375 0.04375 0.234375
11 0.6484375 0.42578125 0.0359375 0.2078125
12 0.6796875 0.43203125 0.03984375 0.2046875
13 0.72734375 0.43515625 0.05546875 0.17890625
14 0.78125 0.42734375 0.04921875 0.175
22 0.77890625 0.62578125 0.08671875 0.1765625
28 0.35 0.67109375 0.04375 0.23203125
27 0.3921875 0.6703125 0.0453125 0.2140625
26 0.4265625 0.665625 0.03984375 0.20546875
25 0.46328125 0.65234375 0.0296875 0.19453125
24 0.4859375 0.65390625 0.0234375 0.18046875
16 0.5140625 0.63671875 0.02734375 0.146875
17 0.54609375 0.6609375 0.0375 0.19453125
18 0.58203125 0.68359375 0.0375 0.2359375
19 0.621875 0.69453125 0.04140625 0.23046875