7 0.14375 0.321875 0.075 0.13125
6 0.19375 0.39921875 0.05859375 0.19765625
5 0.25546875 0.4125 0.06484375 0.22109375
4 0.3234375 0.4125 0.07578125 0.24609375
3 0.34765625 0.42421875 0.04453125 0.25234375
2 0.3875 0.43359375 0.04140625 0.24140625
1 0.43203125 0.44453125 0.05234375 0.22265625
0 0.46640625 0.44453125 0.04609375 0.23984375
8 0.50390625 0.44765625 0.0375 0.23359375
9 0.54375 0.45 0.03359375 0.22890625
10 0.57890625 0.42890625 0.03359375 0.25390625
11 0.61796875 0.4375 0.03984375 0.23359375
12 0.65703125 0.41640625 0.03515625 0.25390625
13 0.70703125 0.4125 0.06015625 0.23359375
14 0.765625 0.41875 0.05625 0.20390625
15 0.80703125 0.35390625 0.05625 0.13359375
31 0.12578125 0.58359375 0.08984375 0.17109375
30 0.19453125 0.61796875 0.08125 0.22734375
29 0.259375 0.65234375 0.08515625 0.23359375
28 0.315625 0.67421875 0.05234375 0.24296875
27 0.35859375 0.67890625 0.04609375 0.225
26 0.38984375 0.67578125 0.05390625 0.20234375
25 0.43515625 0.671875 0.02890625 0.18125
24 0.465625 0.67265625 0.02734375 0.18046875
16 0.49609375 0.690625 0.02109375 0.16015625
17 0.52734375 0.67890625 0.03359375 0.1875
18 0.56015625 0.67734375 0.03671875 0.19140625
19 0.59609375 0.68203125 0.04140625 0.21015625
20 0.6375 0.68203125 0.04609375 0.23515625
21 0.69453125 0.66328125 0.08984375 0.23515625
22 0.75390625 0.63984375 0.07109375 0.225
23 0.821875 0.59453125 0.07734375 0.15234375