6 0.26875 0.40625 0.06484375 0.14375
7 0.23828125 0.325 0.05 0.09140625
5 0.30625 0.471875 0.053125 0.19765625
4 0.3546875 0.471875 0.05859375 0.2203125
15 0.77421875 0.3390625 0.05703125 0.09921875
14 0.7375 0.4125 0.06875 0.1515625
3 0.3875 0.4828125 0.0515625 0.21015625
2 0.41484375 0.46796875 0.04140625 0.2265625
1 0.45390625 0.47421875 0.04140625 0.21640625
0 0.4859375 0.475 0.0453125 0.23203125
8 0.521875 0.47578125 0.04921875 0.22734375
9 0.5515625 0.47890625 0.04765625 0.203125
10 0.58671875 0.4078125 0.04609375 0.23671875
11 0.60234375 0.48515625 0.059375 0.215625
12 0.64375 0.4875 0.03828125 0.22265625
13 0.68984375 0.471875 0.0703125 0.2171875
31 0.18828125 0.6375 0.053125 0.109375
30 0.2359375 0.6984375 0.075 0.1484375
29 0.296875 0.70546875 0.0984375 0.209375
28 0.3515625 0.74453125 0.053125 0.2015625
27 0.3953125 0.71875 0.0390625 0.19375
26 0.43046875 0.71484375 0.03359375 0.21328125
25 0.45859375 0.7015625 0.02734375 0.18203125
23 0.8328125 0.6546875 0.06328125 0.125
22 0.7734375 0.709375 0.07890625 0.1546875
21 0.7078125 0.71015625 0.1046875 0.215625
20 0.64140625 0.73046875 0.046875 0.17421875
19 0.5984375 0.71796875 0.04296875 0.1921875
18 0.56015625 0.71328125 0.0375 0.209375
17 0.5265625 0.709375 0.03515625 0.190625
16 0.509375 0.6953125 0.03828125 0.22890625
24 0.47890625 0.6875 0.03125 0.1921875