31 0.14609375 0.5203125 0.071875 0.134375
30 0.2078125 0.55234375 0.10625 0.1984375
29 0.2734375 0.6171875 0.1140625 0.2171875
28 0.3421875 0.65390625 0.07421875 0.2234375
27 0.3875 0.67109375 0.059375 0.228125
26 0.42578125 0.68046875 0.05546875 0.20859375
25 0.47109375 0.678125 0.0359375 0.19609375
24 0.503125 0.68828125 0.02734375 0.146875
16 0.53359375 0.66328125 0.0296875 0.15390625
17 0.56640625 0.6703125 0.0359375 0.16640625
18 0.609375 0.69296875 0.05703125 0.203125
19 0.6453125 0.68203125 0.05703125 0.228125
20 0.68828125 0.66875 0.06328125 0.23515625
21 0.75703125 0.63203125 0.10390625 0.2296875
22 0.8265625 0.5765625 0.10625 0.22109375
23 0.884375 0.5375 0.07421875 0.134375
15 0.84453125 0.2484375 0.06953125 0.1109375
14 0.82109375 0.346875 0.06953125 0.1984375
13 0.7671875 0.38828125 0.06328125 0.19609375
12 0.71171875 0.40390625 0.05546875 0.21484375
11 0.66953125 0.41484375 0.05546875 0.240625
10 0.63046875 0.41171875 0.04453125 0.28046875
9 0.5890625 0.4296875 0.03828125 0.240625
8 0.54375 0.4375 0.0484375 0.25234375
0 0.49453125 0.43359375 0.0484375 0.25703125
1 0.453125 0.43046875 0.03828125 0.234375
2 0.41015625 0.40859375 0.04453125 0.27890625
3 0.37265625 0.4 0.05546875 0.26171875
4 0.33125 0.39375 0.06015625 0.228125
5 0.27578125 0.37734375 0.06796875 0.203125
6 0.21484375 0.34609375 0.06953125 0.18359375
7 0.19609375 0.228125 0.07421875 0.12890625