31 0.24453125 0.5828125 0.09609375 0.20625
23 0.803125 0.596875 0.08984375 0.20625
16 0.546875 0.615625 0.02890625 0.18125
24 0.5171875 0.59921875 0.046875 0.19375
18 0.6046875 0.63671875 0.040625 0.240625
20 0.6765625 0.63671875 0.04921875 0.2203125
26 0.44375 0.640625 0.059375 0.22421875
27 0.4078125 0.6375 0.053125 0.2265625
28 0.36953125 0.63359375 0.0390625 0.21796875
15 0.84921875 0.328125 0.084375 0.13203125
9 0.5953125 0.40234375 0.04296875 0.18984375
10 0.6359375 0.3859375 0.0515625 0.2390625
11 0.6734375 0.3984375 0.046875 0.22265625
0 0.5109375 0.396875 0.04296875 0.2078125
1 0.46484375 0.40859375 0.0453125 0.190625
2 0.42421875 0.3828125 0.0453125 0.25703125
3 0.37734375 0.3984375 0.04921875 0.19453125
4 0.33203125 0.38671875 0.0453125 0.20390625