6 0.2703125 0.40546875 0.0640625 0.1421875
7 0.240625 0.32421875 0.05 0.090625
5 0.30703125 0.4703125 0.05234375 0.19609375
4 0.35625 0.46953125 0.0578125 0.21875
15 0.77265625 0.33828125 0.05625 0.0984375
14 0.73515625 0.4109375 0.06875 0.15
3 0.38828125 0.48125 0.05078125 0.20859375
2 0.415625 0.46640625 0.04140625 0.225
1 0.45390625 0.471875 0.04140625 0.21484375
0 0.4859375 0.4734375 0.0453125 0.23046875
8 0.521875 0.47421875 0.04921875 0.22578125
9 0.5515625 0.4765625 0.04765625 0.2015625
10 0.58671875 0.40625 0.0453125 0.234375
11 0.6015625 0.4828125 0.05859375 0.2140625
12 0.6421875 0.4859375 0.03828125 0.2203125
13 0.6890625 0.46953125 0.0703125 0.215625
31 0.190625 0.634375 0.053125 0.10859375
30 0.23828125 0.69453125 0.07421875 0.14765625
29 0.2984375 0.7015625 0.09765625 0.2078125
28 0.35234375 0.740625 0.053125 0.2
27 0.396875 0.715625 0.0390625 0.1921875
26 0.43046875 0.71171875 0.0328125 0.21171875
25 0.459375 0.69765625 0.02734375 0.18046875
23 0.8296875 0.6515625 0.0625 0.12421875
22 0.771875 0.70546875 0.078125 0.153125
21 0.70625 0.70625 0.103125 0.2140625
20 0.640625 0.72734375 0.046875 0.17265625
19 0.59765625 0.7140625 0.04296875 0.190625
18 0.559375 0.709375 0.0375 0.2078125
17 0.5265625 0.70546875 0.034375 0.1890625
16 0.509375 0.6921875 0.03828125 0.22734375
24 0.47890625 0.684375 0.03046875 0.190625