8 0.5421875 0.39296875 0.040625 0.2328125
0 0.50078125 0.39375 0.0421875 0.23046875
1 0.4640625 0.3796875 0.0359375 0.2390625
2 0.42265625 0.39453125 0.05 0.21953125
3 0.3765625 0.38671875 0.03515625 0.228125
4 0.3421875 0.39921875 0.04609375 0.21328125
5 0.29375 0.3890625 0.0625 0.20078125
6 0.2359375 0.38984375 0.0640625 0.1703125
9 0.57734375 0.39296875 0.04609375 0.2328125
10 0.621875 0.37578125 0.0375 0.246875
11 0.6578125 0.378125 0.04375 0.2359375
12 0.6921875 0.38125 0.03671875 0.22578125
13 0.7484375 0.3796875 0.06015625 0.2140625
14 0.8015625 0.35859375 0.05859375 0.21328125
15 0.85078125 0.28671875 0.06015625 0.18046875
31 0.19453125 0.56953125 0.07734375 0.17890625
30 0.24921875 0.63828125 0.0828125 0.24765625
29 0.31328125 0.64375 0.07734375 0.221875
28 0.36484375 0.66171875 0.059375 0.21015625
27 0.39609375 0.65546875 0.0453125 0.21015625
26 0.42890625 0.6546875 0.046875 0.215625
25 0.4671875 0.6359375 0.04140625 0.2109375
24 0.49453125 0.6296875 0.0375 0.22265625
16 0.51953125 0.63203125 0.0265625 0.23125
17 0.54375 0.63515625 0.03359375 0.21640625
18 0.5765625 0.63828125 0.0515625 0.23203125
19 0.6171875 0.6453125 0.04375 0.21796875
20 0.65390625 0.6484375 0.0453125 0.23515625
22 0.7609375 0.61875 0.125 0.20390625
23 0.82109375 0.56875 0.1046875 0.18125