31 0.234375 0.62109375 0.10390625 0.16640625
29 0.3265625 0.69140625 0.09765625 0.2171875
28 0.390625 0.68984375 0.0484375 0.18984375
27 0.4265625 0.71171875 0.04453125 0.2359375
26 0.46171875 0.68359375 0.03359375 0.18515625
25 0.49375 0.6703125 0.0296875 0.18359375
24 0.5140625 0.671875 0.02734375 0.17890625
16 0.54140625 0.671875 0.0234375 0.175
17 0.56484375 0.671875 0.02734375 0.18203125
18 0.5953125 0.675 0.03359375 0.1984375
19 0.62734375 0.6796875 0.0421875 0.228125
20 0.6578125 0.65078125 0.040625 0.16171875
21 0.72265625 0.6734375 0.0890625 0.20625
23 0.80546875 0.603125 0.10625 0.1640625
15 0.803125 0.39140625 0.05078125 0.16015625
14 0.75625 0.40234375 0.059375 0.20234375
13 0.703125 0.396875 0.06328125 0.20859375
10 0.6015625 0.42109375 0.05546875 0.20625
9 0.57421875 0.44296875 0.0421875 0.203125
8 0.53671875 0.46328125 0.040625 0.18828125
1 0.44921875 0.45234375 0.0421875 0.18828125
2 0.41640625 0.43671875 0.04453125 0.190625
4 0.365625 0.43515625 0.0484375 0.171875
5 0.31640625 0.43515625 0.05703125 0.17578125
6 0.259375 0.4234375 0.053125 0.19921875
7 0.21171875 0.40625 0.05078125 0.1640625