30 0.20078125 0.53203125 0.08671875 0.14453125
29 0.25 0.6046875 0.10078125 0.18125
28 0.290625 0.65546875 0.09296875 0.190625
26 0.41796875 0.65078125 0.0421875 0.22109375
27 0.3828125 0.65546875 0.040625 0.21875
25 0.45078125 0.65 0.03046875 0.1984375
24 0.47890625 0.646875 0.021875 0.18046875
16 0.5046875 0.64453125 0.0265625 0.184375
17 0.534375 0.6453125 0.028125 0.18671875
18 0.565625 0.65859375 0.03828125 0.225
19 0.6046875 0.6625 0.040625 0.225
20 0.6921875 0.665625 0.0703125 0.23515625
21 0.74375 0.60859375 0.0890625 0.184375
22 0.7984375 0.53671875 0.08046875 0.1421875
7 0.20234375 0.35625 0.0625 0.17265625
6 0.25 0.38125 0.05625 0.21484375
5 0.30546875 0.4203125 0.05859375 0.1953125
15 0.7921875 0.36015625 0.05625 0.17265625
14 0.75625 0.38125 0.05625 0.21484375
13 0.70390625 0.42109375 0.05625 0.1921875
12 0.65546875 0.43203125 0.040625 0.190625
11 0.62578125 0.4359375 0.034375 0.19453125
10 0.59375 0.3953125 0.0421875 0.27109375
4 0.3484375 0.41796875 0.03203125 0.21875
3 0.38125 0.41328125 0.03203125 0.23359375
2 0.415625 0.40390625 0.040625 0.25078125
1 0.45546875 0.4109375 0.03203125 0.21640625
0 0.49296875 0.41015625 0.05078125 0.23203125