23 0.825 0.6265625 0.065625 0.1328125
22 0.77265625 0.67265625 0.09375 0.196875
21 0.7109375 0.7265625 0.09375 0.21328125
20 0.65703125 0.7515625 0.06171875 0.22734375
19 0.615625 0.75234375 0.04765625 0.22109375
18 0.57890625 0.7546875 0.03828125 0.2328125
17 0.54296875 0.7421875 0.0296875 0.2046875
31 0.1578125 0.59140625 0.0796875 0.13515625
30 0.2171875 0.64140625 0.10625 0.19921875
29 0.275 0.696875 0.11015625 0.21328125
28 0.3421875 0.721875 0.05625 0.215625
27 0.38984375 0.72734375 0.03984375 0.22265625
7 0.225 0.33984375 0.078125 0.159375
6 0.25625 0.4203125 0.07578125 0.2
5 0.31015625 0.45390625 0.06796875 0.20390625
15 0.7703125 0.371875 0.084375 0.115625
14 0.7453125 0.453125 0.078125 0.1734375
13 0.69921875 0.46171875 0.0703125 0.23046875
12 0.6578125 0.46875 0.05078125 0.2359375
11 0.62109375 0.471875 0.05390625 0.24296875
10 0.59609375 0.47890625 0.03984375 0.23203125
9 0.559375 0.47890625 0.04296875 0.2484375
8 0.525 0.4921875 0.0484375 0.24375
0 0.48828125 0.490625 0.04765625 0.240625
1 0.45390625 0.47734375 0.04296875 0.2375
2 0.415625 0.46796875 0.0546875 0.21875
3 0.3890625 0.4671875 0.04140625 0.21328125
4 0.35625 0.46328125 0.06328125 0.22109375
26 0.42578125 0.72265625 0.0578125 0.22421875
25 0.46875 0.73359375 0.05703125 0.1984375
24 0.49375 0.728125 0.034375 0.20390625
16 0.5140625 0.7359375 0.04765625 0.203125