7 0.1796875 0.27890625 0.0515625 0.16171875
6 0.22421875 0.30859375 0.053125 0.20546875
5 0.28046875 0.3109375 0.06328125 0.2546875
4 0.3328125 0.328125 0.04921875 0.2453125
3 0.37421875 0.35 0.053125 0.2328125
2 0.40625 0.33984375 0.04921875 0.284375
1 0.45390625 0.3578125 0.0453125 0.24140625
0 0.4890625 0.36328125 0.04921875 0.2765625
8 0.53359375 0.37265625 0.03984375 0.2546875
9 0.5703125 0.3625 0.0375 0.25078125
10 0.60703125 0.35390625 0.03984375 0.26484375
11 0.640625 0.34375 0.04765625 0.24140625
12 0.6765625 0.34453125 0.053125 0.215625
13 0.728125 0.303125 0.0609375 0.2546875
14 0.7859375 0.2984375 0.053125 0.20546875
15 0.83203125 0.2828125 0.0515625 0.1578125
31 0.17421875 0.4828125 0.0984375 0.171875
30 0.23046875 0.55625 0.10078125 0.2078125
29 0.29921875 0.58984375 0.096875 0.23125
28 0.3578125 0.609375 0.0671875 0.2234375
27 0.39609375 0.62421875 0.05703125 0.22109375
26 0.43203125 0.61796875 0.05703125 0.171875
25 0.47734375 0.6078125 0.03359375 0.1640625
24 0.5140625 0.61328125 0.03984375 0.16015625
16 0.53984375 0.609375 0.0375 0.16015625
17 0.5671875 0.6125 0.0359375 0.165625
18 0.6046875 0.62265625 0.04375 0.21328125
19 0.640625 0.61171875 0.0515625 0.21953125
20 0.68671875 0.59453125 0.0734375 0.21328125
21 0.7421875 0.56796875 0.10078125 0.21171875
22 0.8046875 0.52578125 0.0984375 0.19765625
23 0.85078125 0.46015625 0.08515625 0.17421875