7 0.23515625 0.35078125 0.078125 0.1328125
6 0.2609375 0.44140625 0.0828125 0.23515625
5 0.325 0.46953125 0.07578125 0.22578125
4 0.38984375 0.46171875 0.06328125 0.2328125
3 0.4296875 0.47265625 0.0453125 0.228125
2 0.47265625 0.44765625 0.0671875 0.24375
1 0.5109375 0.51015625 0.05625 0.18828125
0 0.54375 0.5171875 0.05234375 0.2046875
8 0.58125 0.51953125 0.0453125 0.2046875
9 0.625 0.5234375 0.03671875 0.18359375
10 0.6703125 0.47578125 0.05 0.25234375
11 0.70859375 0.48359375 0.05234375 0.2546875
12 0.7546875 0.48671875 0.0390625 0.22578125
13 0.80625 0.47421875 0.06484375 0.23515625
14 0.85078125 0.44921875 0.0828125 0.20078125
15 0.87734375 0.34765625 0.071875 0.11328125
31 0.15234375 0.65625 0.078125 0.1390625
30 0.225 0.6859375 0.09375 0.21953125
29 0.28828125 0.73359375 0.11953125 0.25
28 0.3609375 0.75546875 0.06953125 0.2328125
27 0.41875 0.76875 0.05859375 0.23671875
26 0.4671875 0.7828125 0.0609375 0.278125
25 0.51328125 0.74140625 0.03515625 0.1828125
24 0.5453125 0.7421875 0.02734375 0.1890625
16 0.575 0.74296875 0.028125 0.18828125
17 0.6078125 0.75 0.0328125 0.1953125
18 0.65625 0.78125 0.0609375 0.2453125
19 0.69296875 0.76328125 0.05546875 0.22578125
20 0.740625 0.76171875 0.05546875 0.22421875
21 0.80859375 0.74375 0.1 0.2390625
22 0.871875 0.6953125 0.08671875 0.22578125
23 0.93046875 0.671875 0.06953125 0.13046875