7 0.2203125 0.3046875 0.0640625 0.10703125
6 0.23828125 0.3921875 0.06875 0.18671875
5 0.28828125 0.409375 0.0625 0.225
4 0.3390625 0.425 0.040625 0.228125
3 0.38046875 0.45546875 0.053125 0.20234375
2 0.41640625 0.44453125 0.04140625 0.2640625
1 0.4515625 0.47890625 0.03359375 0.2375
0 0.49921875 0.4890625 0.0453125 0.23828125
8 0.5359375 0.48515625 0.0359375 0.2375
9 0.5734375 0.4859375 0.04296875 0.2359375
10 0.61796875 0.4640625 0.03671875 0.26328125
11 0.64921875 0.46875 0.04375 0.221875
12 0.6875 0.46875 0.04921875 0.20625
13 0.7359375 0.4390625 0.06015625 0.19375
14 0.7796875 0.40546875 0.06796875 0.165625
15 0.7984375 0.3125 0.05859375 0.1109375
31 0.16953125 0.56640625 0.06953125 0.13515625
30 0.22109375 0.5984375 0.090625 0.2
29 0.2875 0.65625 0.0875 0.228125
27 0.3921875 0.7046875 0.04453125 0.203125
26 0.4328125 0.72265625 0.04609375 0.2390625
25 0.4734375 0.7046875 0.03359375 0.159375
24 0.50546875 0.70234375 0.03046875 0.14765625
16 0.5328125 0.7171875 0.0296875 0.13671875
17 0.5625 0.70546875 0.03359375 0.1484375
18 0.6 0.72578125 0.04921875 0.225
19 0.64921875 0.70546875 0.040625 0.19609375
21 0.725 0.68046875 0.10625 0.22578125
22 0.7875 0.6046875 0.09921875 0.18828125
23 0.84609375 0.5765625 0.07421875 0.13671875