7 0.1984375 0.39921875 0.0375 0.10625
6 0.240625 0.35234375 0.0546875 0.2078125
1 0.4140625 0.33828125 0.03515625 0.2078125
0 0.453125 0.3453125 0.04296875 0.190625
8 0.49609375 0.32734375 0.04296875 0.20234375
10 0.58671875 0.28984375 0.05625 0.2390625
23 0.765625 0.49296875 0.1015625 0.1375
19 0.60234375 0.56171875 0.0453125 0.21796875
18 0.56875 0.53671875 0.04296875 0.17109375
17 0.53203125 0.5359375 0.0296875 0.18046875
16 0.50703125 0.525 0.025 0.13984375
24 0.48359375 0.54609375 0.0328125 0.16328125
25 0.45703125 0.5515625 0.03515625 0.16484375
26 0.42109375 0.56328125 0.0375 0.165625
27 0.38203125 0.5921875 0.0375 0.2109375
28 0.34296875 0.58046875 0.0375 0.18046875