7 0.2125 0.26953125 0.0875 0.10625
6 0.221875 0.35390625 0.0625 0.1515625
5 0.26875 0.4015625 0.0734375 0.203125
4 0.32265625 0.4421875 0.04921875 0.15
3 0.36875 0.44375 0.0515625 0.165625
2 0.40859375 0.3609375 0.0515625 0.25703125
1 0.44921875 0.45546875 0.0453125 0.2015625
0 0.4828125 0.44609375 0.0453125 0.26484375
8 0.5375 0.4359375 0.04765625 0.28046875
9 0.57421875 0.4546875 0.04921875 0.1953125
10 0.609375 0.39921875 0.04765625 0.2828125
11 0.6515625 0.41796875 0.04921875 0.21328125
12 0.6953125 0.41796875 0.0453125 0.18125
13 0.746875 0.40859375 0.0734375 0.2015625
14 0.78984375 0.3296875 0.07109375 0.16640625
15 0.8078125 0.24921875 0.0796875 0.10625
23 0.84609375 0.54296875 0.06171875 0.1328125
22 0.8015625 0.60703125 0.09921875 0.18515625
21 0.73046875 0.66640625 0.10703125 0.22109375
20 0.66796875 0.67890625 0.07734375 0.1875
19 0.62421875 0.7109375 0.0453125 0.18359375
18 0.58125 0.71015625 0.03984375 0.209375
17 0.5484375 0.69296875 0.03359375 0.1796875
16 0.5203125 0.690625 0.0265625 0.17578125
24 0.503125 0.69296875 0.02109375 0.18359375
25 0.475 0.6921875 0.0375 0.18515625
26 0.44375 0.715625 0.0453125 0.2015625
27 0.40390625 0.6953125 0.05390625 0.18359375
28 0.36796875 0.67421875 0.06953125 0.18984375
29 0.30546875 0.66953125 0.09921875 0.21953125
30 0.22734375 0.6015625 0.10546875 0.18359375
31 0.1796875 0.53203125 0.06171875 0.14375