30 0.1953125 0.6515625 0.08203125 0.22265625
31 0.12265625 0.63984375 0.08046875 0.14453125
29 0.271875 0.67265625 0.09296875 0.21796875
28 0.340625 0.6921875 0.053125 0.2328125
27 0.39140625 0.68125 0.0484375 0.19296875
26 0.4359375 0.68515625 0.04453125 0.19296875
25 0.47890625 0.6765625 0.03828125 0.16796875
24 0.51796875 0.70234375 0.03203125 0.159375
16 0.5515625 0.7 0.0359375 0.159375
17 0.584375 0.703125 0.025 0.15703125
18 0.62421875 0.71875 0.04609375 0.24375
19 0.66875 0.71015625 0.04609375 0.23125
20 0.721875 0.70234375 0.059375 0.23203125
21 0.78046875 0.67109375 0.084375 0.21640625
22 0.84921875 0.6453125 0.078125 0.21015625
23 0.92109375 0.65546875 0.08203125 0.1546875
7 0.17109375 0.29453125 0.059375 0.12109375
5 0.25625 0.41953125 0.07421875 0.25625
6 0.19921875 0.38203125 0.090625 0.2671875
4 0.31953125 0.4359375 0.053125 0.23125
3 0.3625 0.42421875 0.0546875 0.2703125
2 0.41015625 0.41484375 0.0484375 0.31015625
1 0.46015625 0.45625 0.04609375 0.21171875
0 0.5125 0.45546875 0.0546875 0.23515625
8 0.56640625 0.45 0.053125 0.25
9 0.61640625 0.45 0.0421875 0.24140625
10 0.66015625 0.45546875 0.0421875 0.25234375
11 0.7015625 0.45234375 0.04453125 0.225
12 0.74453125 0.4328125 0.0421875 0.24609375
13 0.7984375 0.4328125 0.065625 0.225
14 0.85546875 0.415625 0.06953125 0.1984375
15 0.87421875 0.29453125 0.05703125 0.12890625