7 0.16328125 0.27734375 0.08046875 0.1296875
6 0.19296875 0.353125 0.0734375 0.22109375
5 0.25078125 0.39296875 0.078125 0.20546875
4 0.30859375 0.39375 0.05390625 0.2296875
3 0.34609375 0.3984375 0.04765625 0.246875
2 0.3875 0.409375 0.04296875 0.27734375
1 0.43515625 0.4484375 0.04765625 0.22109375
0 0.4671875 0.42890625 0.04296875 0.2421875
9 0.55 0.446875 0.034375 0.2359375
10 0.5953125 0.4328125 0.034375 0.2421875
11 0.6296875 0.425 0.0390625 0.21875
12 0.66328125 0.40234375 0.05 0.23359375
13 0.70859375 0.39296875 0.0765625 0.20546875
14 0.74765625 0.31953125 0.08046875 0.21015625
15 0.784375 0.2609375 0.08046875 0.13203125
31 0.12421875 0.55390625 0.0671875 0.12109375
30 0.19140625 0.603125 0.09765625 0.22265625
29 0.26875 0.66328125 0.10859375 0.24453125
28 0.33125 0.67734375 0.05625 0.23359375
27 0.37578125 0.6859375 0.05 0.2125
26 0.415625 0.6890625 0.0390625 0.2015625
25 0.45859375 0.696875 0.0359375 0.1515625
24 0.48359375 0.69765625 0.028125 0.15078125
16 0.509375 0.6859375 0.025 0.1734375
17 0.5375 0.6984375 0.028125 0.196875
18 0.58046875 0.7140625 0.0515625 0.23359375
19 0.6125 0.69609375 0.04765625 0.22265625
20 0.65078125 0.6296875 0.0453125 0.1171875
21 0.7125 0.64296875 0.10390625 0.2296875
22 0.76875 0.5765625 0.090625 0.21875
23 0.8265625 0.5328125 0.0609375 0.1296875
8 0.5078125 0.4359375 0.03671875 0.2359375