6 0.1375 0.246875 0.07734375 0.209375
5 0.20546875 0.28984375 0.075 0.2265625
4 0.271875 0.3078125 0.05859375 0.2453125
2 0.36953125 0.31328125 0.06015625 0.3
1 0.4234375 0.334375 0.05546875 0.24375
0 0.4671875 0.3390625 0.04609375 0.26171875
8 0.52109375 0.34609375 0.05859375 0.25390625
9 0.56484375 0.33671875 0.046875 0.26953125
10 0.60546875 0.31875 0.04765625 0.2890625
11 0.64375 0.2890625 0.04921875 0.225
12 0.68515625 0.31640625 0.05625 0.22890625
13 0.7375 0.3296875 0.0578125 0.1609375
14 0.7921875 0.26484375 0.0515625 0.16015625
15 0.85 0.27109375 0.06328125 0.20234375
3 0.3203125 0.284375 0.04765625 0.16484375
31 0.12109375 0.4484375 0.13046875 0.20078125
30 0.1890625 0.5125 0.14609375 0.190625
28 0.29609375 0.56484375 0.059375 0.23671875
27 0.34609375 0.575 0.04765625 0.24765625
26 0.38515625 0.59921875 0.0484375 0.253125
25 0.43203125 0.58828125 0.03828125 0.20625
24 0.465625 0.59296875 0.03828125 0.2109375
16 0.49609375 0.6015625 0.03984375 0.1734375
17 0.53203125 0.59296875 0.046875 0.2109375
18 0.5765625 0.61640625 0.06171875 0.30078125
19 0.621875 0.57890625 0.06640625 0.2390625
20 0.67578125 0.5546875 0.071875 0.24609375
22 0.7375 0.51953125 0.1265625 0.2234375
23 0.7984375 0.44140625 0.1140625 0.19921875