31 0.16875 0.61640625 0.0640625 0.1234375
30 0.22578125 0.6078125 0.0796875 0.15625
29 0.28125 0.671875 0.08203125 0.17578125
28 0.3421875 0.6640625 0.04296875 0.14453125
27 0.3875 0.66875 0.0453125 0.165625
26 0.43046875 0.67109375 0.0375 0.165625
25 0.47265625 0.6796875 0.0390625 0.171875
24 0.50078125 0.6640625 0.0296875 0.1484375
16 0.525 0.6640625 0.02734375 0.15625
17 0.56171875 0.67890625 0.0375 0.165625
18 0.60078125 0.67578125 0.05 0.1875
19 0.63125 0.67265625 0.03515625 0.1703125
20 0.66796875 0.66015625 0.03515625 0.15625
21 0.725 0.653125 0.07421875 0.17109375
22 0.7796875 0.6171875 0.0703125 0.1640625
23 0.82890625 0.59296875 0.0484375 0.1078125
6 0.234375 0.46015625 0.05078125 0.1578125
5 0.29296875 0.4890625 0.0625 0.1546875
4 0.3484375 0.4890625 0.0453125 0.1578125
2 0.4234375 0.4859375 0.046875 0.1953125
1 0.4703125 0.48125 0.05078125 0.196875
0 0.50859375 0.47265625 0.0453125 0.19921875
8 0.54609375 0.48125 0.040625 0.18125
9 0.5859375 0.490625 0.03515625 0.1640625
10 0.625 0.48125 0.0390625 0.1734375
13 0.73828125 0.46171875 0.05859375 0.1890625
14 0.790625 0.44140625 0.05078125 0.17578125
12 0.690625 0.4828125 0.0328125 0.1640625