31 0.21796875 0.6703125 0.0625 0.16875
30 0.2734375 0.709375 0.0796875 0.20078125
29 0.33671875 0.7265625 0.08046875 0.2046875
27 0.434375 0.74375 0.03671875 0.21328125
26 0.4734375 0.74296875 0.03671875 0.22421875
25 0.50546875 0.73203125 0.028125 0.19453125
24 0.53125 0.71796875 0.0234375 0.1703125
16 0.55390625 0.7421875 0.01796875 0.1703125
17 0.5796875 0.7421875 0.02109375 0.1578125
18 0.6140625 0.74375 0.034375 0.209375
19 0.65234375 0.7375 0.03828125 0.19609375
28 0.39453125 0.740625 0.046875 0.203125
20 0.68984375 0.73671875 0.040625 0.20703125
21 0.74765625 0.72890625 0.075 0.221875
22 0.8125 0.709375 0.08359375 0.2046875
23 0.87109375 0.665625 0.0640625 0.16015625
15 0.896875 0.4640625 0.0515625 0.14296875
14 0.84296875 0.46640625 0.05546875 0.17265625
13 0.7875 0.48125 0.06015625 0.17265625
12 0.73828125 0.47109375 0.04296875 0.2078125
11 0.69609375 0.47578125 0.0453125 0.1921875
10 0.6546875 0.4796875 0.046875 0.2125
9 0.6125 0.4921875 0.03203125 0.1984375
8 0.571875 0.49375 0.040625 0.1984375
0 0.5265625 0.49296875 0.040625 0.20078125
1 0.48515625 0.49609375 0.034375 0.1859375
2 0.440625 0.4703125 0.0453125 0.22890625
3 0.3984375 0.46171875 0.04921875 0.2203125
4 0.35546875 0.46640625 0.0453125 0.1984375
5 0.3046875 0.471875 0.06015625 0.1921875
6 0.24609375 0.4671875 0.0578125 0.16171875
7 0.1921875 0.475 0.0453125 0.12109375