23 0.76875 0.571875 0.07578125 0.12734375
22 0.7265625 0.6421875 0.11015625 0.16640625
20 0.65390625 0.69453125 0.05078125 0.2171875
18 0.57109375 0.69375 0.040625 0.17890625
17 0.5359375 0.690625 0.034375 0.1890625
16 0.5109375 0.6921875 0.0265625 0.1890625
24 0.48359375 0.6890625 0.02890625 0.1828125
25 0.459375 0.69765625 0.02421875 0.19453125
26 0.4265625 0.68515625 0.03671875 0.17890625
27 0.39453125 0.69140625 0.034375 0.203125
28 0.35078125 0.69609375 0.053125 0.209375
30 0.2578125 0.65546875 0.0921875 0.184375
5 0.27265625 0.41953125 0.05546875 0.21875
4 0.32734375 0.434375 0.06328125 0.2109375
3 0.3828125 0.434375 0.046875 0.2234375
2 0.409375 0.4421875 0.034375 0.234375
1 0.44453125 0.45234375 0.03671875 0.21953125
0 0.484375 0.45390625 0.04296875 0.21328125
8 0.5265625 0.45625 0.040625 0.19921875
9 0.565625 0.45859375 0.02890625 0.203125
10 0.6 0.4484375 0.03671875 0.2234375
11 0.634375 0.44453125 0.040625 0.22421875
12 0.66328125 0.43125 0.040625 0.22109375
13 0.7140625 0.41875 0.0609375 0.21328125
14 0.765625 0.40078125 0.04921875 0.196875