6 0.24453125 0.321875 0.059375 0.23125
5 0.29609375 0.35859375 0.0515625 0.22265625
4 0.3515625 0.346875 0.05078125 0.26015625
3 0.38984375 0.3453125 0.04921875 0.23515625
2 0.43125 0.35234375 0.0421875 0.25703125
1 0.46796875 0.3609375 0.03828125 0.2625
0 0.509375 0.3609375 0.04765625 0.26640625
8 0.56171875 0.3640625 0.04921875 0.26796875
9 0.59921875 0.3546875 0.046875 0.275
10 0.64609375 0.3453125 0.0515625 0.27734375
11 0.684375 0.3390625 0.0546875 0.24453125
13 0.78359375 0.31015625 0.06875 0.25078125
14 0.84609375 0.3078125 0.0515625 0.21484375
31 0.15234375 0.5546875 0.10234375 0.1640625
30 0.2171875 0.57734375 0.11640625 0.21796875
27 0.38046875 0.61328125 0.05546875 0.178125
26 0.42265625 0.64296875 0.06328125 0.24609375
25 0.47265625 0.628125 0.0390625 0.1953125
24 0.50078125 0.6234375 0.03046875 0.17734375
16 0.53359375 0.61484375 0.040625 0.146875
17 0.5671875 0.59921875 0.0390625 0.15859375
18 0.61484375 0.61953125 0.05703125 0.203125
19 0.66953125 0.63359375 0.06015625 0.2234375
20 0.71953125 0.62734375 0.0734375 0.253125
21 0.80546875 0.6078125 0.12890625 0.23984375
22 0.86875 0.5421875 0.11484375 0.18203125