7 0.19921875 0.37265625 0.0546875 0.0890625
6 0.234375 0.43046875 0.06484375 0.19609375
5 0.29296875 0.45078125 0.06953125 0.209375
4 0.34375 0.45859375 0.04375 0.21953125
3 0.38515625 0.44921875 0.0484375 0.271875
2 0.41875 0.46875 0.03984375 0.25703125
1 0.45625 0.475 0.03359375 0.23671875
0 0.49375 0.459375 0.0421875 0.28046875
8 0.5390625 0.49140625 0.04375 0.234375
9 0.5765625 0.4703125 0.03125 0.259375
10 0.61171875 0.4671875 0.0375 0.2703125
11 0.6484375 0.45546875 0.04375 0.26328125
12 0.68359375 0.453125 0.0359375 0.23828125
13 0.73125 0.4546875 0.06328125 0.2109375
14 0.78125 0.40546875 0.0671875 0.25234375
15 0.8109375 0.3375 0.04609375 0.15
23 0.86328125 0.61171875 0.084375 0.12734375
22 0.80546875 0.6640625 0.103125 0.2234375
21 0.73671875 0.70859375 0.103125 0.23203125
20 0.68671875 0.725 0.0796875 0.20703125
19 0.63359375 0.74453125 0.04375 0.215625
18 0.5984375 0.74140625 0.0421875 0.209375
17 0.56328125 0.73359375 0.0296875 0.18984375
16 0.5390625 0.74453125 0.034375 0.20234375
24 0.50703125 0.74453125 0.03125 0.2109375
25 0.48203125 0.74296875 0.03984375 0.21328125
26 0.44921875 0.7625 0.0375 0.25625
27 0.4109375 0.7359375 0.04375 0.215625
28 0.3578125 0.7328125 0.0734375 0.2296875
29 0.29609375 0.70625 0.1046875 0.23203125
30 0.221875 0.66875 0.11171875 0.225
31 0.15625 0.62421875 0.09453125 0.1484375