23 0.82890625 0.59140625 0.07734375 0.17421875
22 0.7859375 0.6375 0.11015625 0.19296875
20 0.68359375 0.67265625 0.04921875 0.2109375
19 0.6421875 0.66796875 0.034375 0.20546875
18 0.609375 0.67734375 0.034375 0.23125
17 0.57734375 0.66484375 0.02890625 0.19921875
16 0.55546875 0.659375 0.02890625 0.1765625
24 0.53125 0.67734375 0.0265625 0.16640625
25 0.50390625 0.65390625 0.0328125 0.20546875
26 0.4765625 0.68046875 0.034375 0.22578125
27 0.43984375 0.67109375 0.04296875 0.2109375
28 0.39609375 0.67578125 0.04921875 0.20078125
29 0.32578125 0.67265625 0.1 0.23125
30 0.24375 0.63046875 0.11640625 0.19453125
31 0.19453125 0.6171875 0.07578125 0.19375
6 0.22109375 0.403125 0.0671875 0.20625
5 0.290625 0.42265625 0.07109375 0.20546875
4 0.35234375 0.425 0.046875 0.209375
3 0.38671875 0.41953125 0.046875 0.24375
1 0.46953125 0.42109375 0.03671875 0.234375
0 0.50390625 0.42734375 0.04453125 0.2421875
8 0.565625 0.43984375 0.04453125 0.246875
9 0.60546875 0.4328125 0.03046875 0.2375
10 0.63671875 0.43828125 0.03671875 0.23125
11 0.67421875 0.4390625 0.0390625 0.22109375
12 0.7078125 0.4359375 0.040625 0.20703125
13 0.75625 0.42578125 0.059375 0.18671875
14 0.8140625 0.4078125 0.053125 0.203125
2 0.434375 0.415625 0.065625 0.24765625