30 0.1984375 0.65 0.10703125 0.2234375
29 0.26640625 0.7015625 0.1046875 0.23203125
22 0.78515625 0.653125 0.10078125 0.1953125
21 0.709375 0.70234375 0.10703125 0.22109375
28 0.33359375 0.728125 0.0515625 0.23828125
27 0.38046875 0.7359375 0.04296875 0.24453125
26 0.41953125 0.721875 0.040625 0.2640625
25 0.45703125 0.71640625 0.0296875 0.2234375
24 0.48984375 0.728125 0.02265625 0.2
16 0.5203125 0.71953125 0.03203125 0.23359375
18 0.5546875 0.73671875 0.0359375 0.26796875
19 0.59375 0.7375 0.046875 0.25625
20 0.64609375 0.73984375 0.0578125 0.24921875
5 0.24765625 0.40078125 0.06875 0.203125
4 0.30625 0.39765625 0.04453125 0.240625
3 0.3515625 0.4 0.04921875 0.2578125
2 0.3859375 0.39921875 0.053125 0.2765625
1 0.43359375 0.4515625 0.046875 0.2015625
0 0.47109375 0.47890625 0.04921875 0.18046875
8 0.52421875 0.45703125 0.053125 0.23046875
9 0.5640625 0.45390625 0.03828125 0.2015625
10 0.6046875 0.42265625 0.046875 0.26796875
12 0.64453125 0.409375 0.040625 0.25078125
13 0.7 0.4265625 0.06640625 0.203125
14 0.76953125 0.41484375 0.07265625 0.2015625