6 0.2359375 0.38359375 0.05859375 0.2390625
5 0.29375 0.37578125 0.0796875 0.18515625
3 0.37578125 0.39375 0.040625 0.20625
2 0.41875 0.40703125 0.053125 0.23125
1 0.45625 0.4203125 0.0375 0.234375
0 0.49375 0.41953125 0.0390625 0.25703125
10 0.61015625 0.42734375 0.053125 0.2609375
11 0.6390625 0.44375 0.03125 0.19921875
12 0.665625 0.428125 0.03125 0.203125
13 0.7015625 0.425 0.046875 0.2140625
14 0.75078125 0.42890625 0.0484375 0.2046875
15 0.7984375 0.421875 0.05859375 0.171875
29 0.3109375 0.64921875 0.1015625 0.20390625
28 0.36328125 0.665625 0.0703125 0.221875
27 0.40703125 0.68125 0.040625 0.21796875
26 0.44609375 0.6828125 0.040625 0.22578125
25 0.47734375 0.69140625 0.0265625 0.22265625
24 0.5015625 0.68046875 0.03125 0.18828125
16 0.5265625 0.67421875 0.0328125 0.1609375
17 0.553125 0.678125 0.03125 0.16796875
18 0.58515625 0.690625 0.0375 0.2296875
19 0.61875 0.68515625 0.0390625 0.22578125
20 0.65703125 0.7 0.0453125 0.2234375
22 0.75078125 0.64453125 0.1 0.1796875