6 0.25859375 0.45390625 0.053125 0.1578125
5 0.30859375 0.45625 0.0546875 0.20625
4 0.35078125 0.48203125 0.0328125 0.16328125
3 0.38359375 0.47734375 0.0375 0.17265625
2 0.41875 0.47578125 0.0375 0.18671875
1 0.45234375 0.471875 0.0296875 0.17890625
0 0.4828125 0.478125 0.03515625 0.1984375
8 0.53046875 0.48046875 0.040625 0.19921875
9 0.565625 0.47578125 0.0296875 0.178125
10 0.6 0.47734375 0.03515625 0.2
11 0.63359375 0.47578125 0.0375 0.190625
12 0.6671875 0.48515625 0.0328125 0.1765625
13 0.709375 0.47578125 0.0546875 0.175
14 0.75859375 0.4625 0.053125 0.159375
15 0.784375 0.36953125 0.0609375 0.090625
31 0.178125 0.59296875 0.0546875 0.1125
30 0.23515625 0.621875 0.0875 0.18125
29 0.290625 0.66953125 0.0859375 0.17109375
28 0.35 0.675 0.046875 0.17890625
27 0.38984375 0.67890625 0.0375 0.18671875
26 0.42890625 0.68671875 0.0453125 0.18671875
25 0.46484375 0.68515625 0.03125 0.16328125
24 0.49765625 0.6921875 0.0203125 0.16875
16 0.52421875 0.6828125 0.025 0.1828125
17 0.55390625 0.68671875 0.025 0.17109375
18 0.590625 0.69296875 0.0328125 0.1984375
19 0.628125 0.68984375 0.040625 0.1921875
20 0.6703125 0.6890625 0.04296875 0.18671875
21 0.7265625 0.67421875 0.08203125 0.184375
22 0.7859375 0.63125 0.0875 0.184375
23 0.8421875 0.5953125 0.05078125 0.10078125