7 0.2015625 0.2859375 0.05390625 0.09375
6 0.23671875 0.33203125 0.06796875 0.1734375
5 0.27421875 0.434375 0.06640625 0.18984375
4 0.3375 0.384375 0.05234375 0.16171875
3 0.384375 0.3921875 0.05859375 0.203125
2 0.434375 0.3890625 0.05390625 0.21171875
1 0.47578125 0.465625 0.05234375 0.2078125
0 0.5109375 0.47421875 0.04609375 0.22578125
8 0.559375 0.4734375 0.04609375 0.23203125
9 0.6015625 0.4734375 0.03828125 0.22421875
10 0.63671875 0.403125 0.0484375 0.2078125
11 0.68359375 0.4 0.05859375 0.19375
12 0.71953125 0.38515625 0.0421875 0.13515625
13 0.778125 0.44140625 0.0625 0.21171875
14 0.8125 0.37109375 0.0703125 0.13125
15 0.84453125 0.27578125 0.05546875 0.09375
31 0.165625 0.590625 0.05390625 0.109375
30 0.21953125 0.6421875 0.08671875 0.17578125
29 0.28984375 0.65703125 0.08671875 0.22578125
27 0.4015625 0.69453125 0.05234375 0.2125
26 0.4359375 0.72109375 0.06015625 0.24609375
25 0.48125 0.70703125 0.034375 0.2015625
24 0.51640625 0.70859375 0.02421875 0.2
16 0.5453125 0.7046875 0.03046875 0.1875
17 0.578125 0.70703125 0.02890625 0.1859375
18 0.61484375 0.715625 0.03984375 0.21796875
19 0.65390625 0.72265625 0.0421875 0.1796875
21 0.75234375 0.66796875 0.07421875 0.215625
22 0.8171875 0.621875 0.0765625 0.19140625
23 0.87421875 0.60390625 0.05 0.11171875
20 0.69296875 0.63125 0.0640625 0.109375
28 0.35546875 0.62109375 0.0765625 0.109375