6 0.25234375 0.5296875 0.07421875 0.25546875
5 0.31640625 0.52890625 0.08515625 0.253125
3 0.3703125 0.4984375 0.04609375 0.24296875
2 0.40546875 0.4578125 0.0421875 0.2484375
14 0.7546875 0.52109375 0.06484375 0.246875
24 0.51640625 0.69921875 0.03671875 0.25078125
25 0.48359375 0.69296875 0.04140625 0.26015625
26 0.44453125 0.7046875 0.04140625 0.26953125
27 0.40625 0.70390625 0.0609375 0.25546875
16 0.5421875 0.69921875 0.0328125 0.2296875
17 0.57421875 0.709375 0.04375 0.24921875
18 0.6046875 0.7125 0.05234375 0.246875
19 0.65234375 0.7203125 0.0578125 0.2359375