31 0.1890625 0.57578125 0.1078125 0.18046875
30 0.25625 0.65390625 0.1140625 0.22109375
28 0.3796875 0.690625 0.05390625 0.2109375
27 0.4234375 0.6921875 0.04140625 0.1984375
26 0.459375 0.69140625 0.03515625 0.18359375
25 0.490625 0.6921875 0.02734375 0.16875
24 0.51796875 0.68515625 0.02734375 0.15078125
16 0.546875 0.6890625 0.02265625 0.1546875
17 0.5734375 0.6921875 0.02734375 0.16484375
18 0.6046875 0.71171875 0.03125 0.215625
19 0.6390625 0.7109375 0.0375 0.22578125
20 0.6796875 0.7125 0.04375 0.2375
22 0.7921875 0.6625 0.11171875 0.2125
23 0.8578125 0.584375 0.10546875 0.16484375
7 0.22265625 0.40625 0.0640625 0.22421875
6 0.27265625 0.4390625 0.06015625 0.23515625
5 0.3296875 0.48984375 0.06640625 0.2
4 0.38359375 0.47421875 0.0375 0.22265625
3 0.41484375 0.47109375 0.0375 0.225
2 0.44609375 0.48359375 0.0328125 0.2375
1 0.478125 0.48828125 0.0390625 0.2375
0 0.51015625 0.4953125 0.0375 0.22734375
8 0.5484375 0.48984375 0.03515625 0.24140625
9 0.584375 0.51328125 0.0390625 0.19609375
10 0.61640625 0.4859375 0.02890625 0.22890625
11 0.64921875 0.47109375 0.0375 0.22890625
12 0.68984375 0.48984375 0.04375 0.2
13 0.73203125 0.5046875 0.0578125 0.19609375
13 0.7717842328125 0.534232365625 0.7738589218749999 0.5466804984375 0.7863070546875 0.5487551875000001 0.7987551875000001 0.5383817421875 0.7935684640625 0.5186721984375 0.7717842328125 0.534232365625
14 0.78203125 0.434375 0.0625 0.2375
15 0.83203125 0.4453125 0.05390625 0.15625