24 0.49140625 0.690625 0.0265625 0.17421875
25 0.4671875 0.6875 0.0265625 0.1734375
26 0.434375 0.70390625 0.03515625 0.19296875
28 0.36171875 0.69375 0.05234375 0.17734375
29 0.30625 0.6828125 0.08515625 0.1953125
30 0.234375 0.64296875 0.10546875 0.159375
16 0.5171875 0.7015625 0.0265625 0.165625
17 0.5375 0.69765625 0.03984375 0.1984375
18 0.57578125 0.71015625 0.04140625 0.209375
19 0.61328125 0.72578125 0.05078125 0.1796875
21 0.70703125 0.71015625 0.103125 0.17109375
22 0.76171875 0.66484375 0.08984375 0.171875
7 0.21484375 0.41796875 0.05703125 0.18203125
6 0.27109375 0.428125 0.07265625 0.18984375
4 0.359375 0.453125 0.05234375 0.1921875
2 0.43828125 0.4515625 0.05703125 0.2015625
10 0.61484375 0.4953125 0.0375 0.1796875
11 0.6578125 0.48984375 0.04375 0.203125
12 0.69921875 0.47734375 0.03984375 0.20859375
14 0.79921875 0.46484375 0.05078125 0.109375
13 0.74921875 0.465625 0.059375 0.16484375