30 0.240625 0.57578125 0.08984375 0.17265625
29 0.309375 0.615625 0.08359375 0.20703125
28 0.3671875 0.64296875 0.05703125 0.21640625
27 0.403125 0.6609375 0.046875 0.2234375
26 0.44296875 0.6671875 0.03671875 0.23125
25 0.47578125 0.6328125 0.02421875 0.15625
24 0.49765625 0.6359375 0.02890625 0.1703125
16 0.52734375 0.62421875 0.034375 0.14609375
17 0.58359375 0.640625 0.0328125 0.15390625
18 0.609375 0.659375 0.04296875 0.21328125
19 0.64921875 0.66875 0.03671875 0.23984375
20 0.68671875 0.6640625 0.0390625 0.22578125
21 0.74921875 0.6375 0.0859375 0.20546875
22 0.815625 0.57265625 0.0921875 0.16640625
6 0.23359375 0.39921875 0.046875 0.1625
1 0.4734375 0.40390625 0.03828125 0.19453125
2 0.44296875 0.4046875 0.03984375 0.25078125
3 0.40703125 0.4046875 0.04453125 0.2390625
10 0.6265625 0.3953125 0.046875 0.27578125
13 0.740625 0.41484375 0.053125 0.17265625
14 0.79921875 0.4 0.059375 0.20390625
15 0.83984375 0.378125 0.0671875 0.17265625
5 0.28125 0.36796875 0.04453125 0.13984375
9 0.58671875 0.4171875 0.02265625 0.16875