6 0.25390625 0.37265625 0.0640625 0.21875
5 0.3234375 0.384375 0.075 0.23359375
4 0.371875 0.38515625 0.046875 0.21484375
30 0.259375 0.55859375 0.1125 0.14921875
22 0.81015625 0.48203125 0.11953125 0.15703125
21 0.7609375 0.553125 0.10703125 0.1609375
18 0.60234375 0.64296875 0.046875 0.22578125
17 0.57265625 0.6171875 0.0296875 0.1953125
16 0.53828125 0.61875 0.0296875 0.1953125
24 0.515625 0.5953125 0.0328125 0.14453125
25 0.48515625 0.62109375 0.034375 0.20859375
28 0.36640625 0.6296875 0.053125 0.2421875
27 0.41328125 0.6234375 0.053125 0.22578125
26 0.446875 0.60546875 0.04296875 0.19765625
11 0.63671875 0.37734375 0.034375 0.209375
12 0.67109375 0.38125 0.03828125 0.21875
13 0.71875 0.37421875 0.06171875 0.20625
14 0.778125 0.35 0.05546875 0.178125
3 0.409375 0.38203125 0.0484375 0.20390625