7 0.16640625 0.46171875 0.071875 0.13359375
15 0.79140625 0.44921875 0.071875 0.1296875
23 0.82265625 0.6734375 0.0671875 0.11953125
31 0.12578125 0.69453125 0.078125 0.1359375
30 0.1921875 0.7 0.08046875 0.184375
29 0.265625 0.71796875 0.084375 0.190625
28 0.328125 0.7203125 0.05703125 0.178125
22 0.759375 0.696875 0.084375 0.17421875
20 0.65078125 0.7421875 0.03984375 0.196875
19 0.61171875 0.74296875 0.0421875 0.190625
18 0.57265625 0.74453125 0.03203125 0.2015625
17 0.53984375 0.73125 0.0296875 0.16328125
16 0.50859375 0.7296875 0.025 0.16796875
24 0.4796875 0.728125 0.02734375 0.16875
25 0.44921875 0.7375 0.0296875 0.196875
26 0.40703125 0.7375 0.0421875 0.2171875
6 0.2109375 0.51875 0.06328125 0.1890625
5 0.275 0.53984375 0.06953125 0.159375
8 0.5109375 0.54375 0.05078125 0.15078125
14 0.76796875 0.53515625 0.059375 0.1546875
13 0.7140625 0.55234375 0.0609375 0.16328125
12 0.66328125 0.54609375 0.03984375 0.17578125
11 0.6328125 0.55078125 0.03828125 0.16953125
0 0.4671875 0.528125 0.0484375 0.17109375
1 0.428125 0.528125 0.0546875 0.16171875
9 0.5515625 0.5453125 0.0359375 0.15859375
10 0.58984375 0.5546875 0.03984375 0.171875
2 0.3765625 0.51484375 0.053125 0.20234375
3 0.33046875 0.525 0.04453125 0.184375