29 0.27578125 0.6921875 0.084375 0.184375
24 0.19140625 0.5830078125 0.16015625 0.7041015625 0.16015625 0.7255859375 0.181640625 0.7412109375 0.2109375 0.7197265625 0.25 0.6240234375 0.248046875 0.5947265625 0.2392578125 0.5859375 0.2255859375 0.587890625 0.2119140625 0.568359375 0.2021484375 0.568359375 0.19140625 0.5830078125
30 0.20625 0.65234375 0.08984375 0.175
31 0.1390625 0.63671875 0.07421875 0.125
28 0.33203125 0.70078125 0.0390625 0.1984375
27 0.3703125 0.69765625 0.0375 0.1765625
26 0.409375 0.7 0.0375 0.184375
25 0.44609375 0.684375 0.0328125 0.1375
24 0.478125 0.68828125 0.03125 0.12578125
16 0.5109375 0.6890625 0.0296875 0.128125
17 0.5453125 0.6890625 0.03125 0.13203125
18 0.58203125 0.69453125 0.03515625 0.14765625
19 0.62421875 0.69609375 0.040625 0.1609375
20 0.66328125 0.7015625 0.040625 0.2
21 0.72734375 0.68984375 0.084375 0.1921875
22 0.79375 0.65 0.0875 0.17890625
23 0.859375 0.6390625 0.0703125 0.12578125
15 0.82421875 0.37265625 0.046875 0.10078125
14 0.79609375 0.44609375 0.05625 0.19609375
13 0.7390625 0.47265625 0.05625 0.203125
12 0.69140625 0.4828125 0.0390625 0.19609375
11 0.6546875 0.4875 0.0390625 0.196875
10 0.61640625 0.4765625 0.040625 0.234375
9 0.5765625 0.4875 0.03515625 0.21015625
8 0.534375 0.48046875 0.0453125 0.25
0 0.48515625 0.4890625 0.0453125 0.23125
1 0.4453125 0.48203125 0.04296875 0.20234375
2 0.403125 0.46171875 0.040625 0.2390625
3 0.365625 0.47109375 0.04296875 0.21171875
4 0.325 0.47578125 0.040625 0.20625
5 0.2765625 0.475 0.05625 0.20390625
6 0.21796875 0.45859375 0.05625 0.19453125
7 0.1875 0.38515625 0.046875 0.10234375