7 0.22578125 0.2640625 0.05625 0.103125
6 0.24375 0.36796875 0.07109375 0.14921875
5 0.284375 0.4328125 0.06875 0.19921875
4 0.34453125 0.44609375 0.05625 0.18828125
3 0.39375 0.46015625 0.05859375 0.21171875
2 0.43671875 0.48203125 0.06015625 0.196875
1 0.47265625 0.48203125 0.04140625 0.22265625
0 0.51484375 0.4921875 0.04609375 0.271875
8 0.559375 0.48671875 0.04375 0.25703125
9 0.596875 0.47734375 0.04375 0.22578125
10 0.63515625 0.4578125 0.046875 0.21953125
11 0.66875 0.44765625 0.05859375 0.19453125
12 0.71484375 0.4328125 0.04609375 0.15703125
13 0.76484375 0.40234375 0.06640625 0.21796875
14 0.79609375 0.33359375 0.07890625 0.17890625
15 0.81875 0.24453125 0.05 0.10078125
23 0.875 0.54296875 0.05859375 0.13125
22 0.82421875 0.62734375 0.08125 0.18046875
21 0.75859375 0.65703125 0.09140625 0.21328125
20 0.7 0.67578125 0.05859375 0.15546875
19 0.646875 0.70234375 0.04375 0.18828125
18 0.60625 0.71171875 0.0375 0.20234375
17 0.571875 0.70546875 0.03125 0.16171875
16 0.54609375 0.7078125 0.02421875 0.14453125
24 0.51484375 0.73203125 0.02890625 0.196875
25 0.48671875 0.70859375 0.04296875 0.16328125
26 0.45859375 0.69296875 0.04140625 0.14921875
27 0.4125 0.71875 0.05 0.2
28 0.35625 0.6984375 0.05859375 0.159375
29 0.284375 0.68046875 0.10234375 0.22421875
30 0.20703125 0.64609375 0.09375 0.171875
31 0.15078125 0.56484375 0.06875 0.13359375