6 0.2375 0.37578125 0.0453125 0.1859375
5 0.28828125 0.4 0.053125 0.19921875
4 0.33671875 0.41015625 0.0328125 0.16796875
2 0.40625 0.4 0.0390625 0.203125
1 0.4453125 0.4125 0.03125 0.1875
0 0.4828125 0.4265625 0.03515625 0.178125
8 0.5265625 0.4359375 0.0453125 0.16796875
9 0.56171875 0.428125 0.0375 0.18359375
10 0.61015625 0.4234375 0.053125 0.2109375
12 0.65625 0.4296875 0.04296875 0.17578125
13 0.71171875 0.4296875 0.06875 0.203125
15 0.8 0.35859375 0.0484375 0.18125
28 0.35234375 0.61015625 0.0453125 0.1703125
27 0.3875 0.625 0.0375 0.1796875
26 0.4171875 0.62578125 0.0453125 0.1890625
25 0.45234375 0.6203125 0.0328125 0.1578125
24 0.47734375 0.61640625 0.025 0.1546875
16 0.50390625 0.61640625 0.03515625 0.1546875
17 0.5265625 0.628125 0.0296875 0.1703125
18 0.559375 0.6359375 0.0296875 0.1859375
19 0.6 0.6359375 0.03515625 0.165625
20 0.6375 0.6234375 0.040625 0.1484375
23 0.78125 0.5421875 0.08203125 0.13125