7 0.11875 0.40078125 0.07421875 0.21640625
6 0.17890625 0.4234375 0.0671875 0.23125
5 0.24921875 0.4359375 0.0765625 0.23359375
3 0.30859375 0.44140625 0.06171875 0.23671875
2 0.35390625 0.44140625 0.04921875 0.26328125
1 0.4 0.45234375 0.05859375 0.259375
0 0.44296875 0.44609375 0.04140625 0.27578125
8 0.49765625 0.45546875 0.05078125 0.27734375
9 0.53671875 0.45703125 0.0515625 0.26796875
10 0.58828125 0.4515625 0.0453125 0.275
11 0.621875 0.43828125 0.04375 0.23515625
13 0.67578125 0.446875 0.06484375 0.22578125
14 0.74375 0.43984375 0.07109375 0.225
15 0.80078125 0.4203125 0.0640625 0.2203125
31 0.12421875 0.6515625 0.096875 0.225
30 0.190625 0.71328125 0.11640625 0.24765625
28 0.3015625 0.75625 0.0515625 0.2515625
27 0.34765625 0.75703125 0.05859375 0.25390625
25 0.40859375 0.72578125 0.0453125 0.221875
24 0.44609375 0.70859375 0.03515625 0.1875
16 0.47890625 0.715625 0.04296875 0.17421875
17 0.51875 0.73203125 0.0453125 0.2421875
18 0.5671875 0.74375 0.0640625 0.24453125
19 0.596875 0.7453125 0.04921875 0.24296875
20 0.64765625 0.7625 0.0515625 0.2640625
21 0.72109375 0.740625 0.12578125 0.23828125
22 0.78984375 0.67734375 0.09921875 0.21171875