7 0.22109375 0.17734375 0.05625 0.17890625
6 0.26171875 0.20078125 0.05390625 0.20859375
5 0.31328125 0.25234375 0.06015625 0.203125
4 0.3625 0.2875 0.06640625 0.20859375
3 0.39296875 0.3140625 0.05546875 0.1984375
2 0.4265625 0.32265625 0.04140625 0.22578125
1 0.46015625 0.34140625 0.0359375 0.20078125
0 0.49609375 0.34453125 0.03984375 0.21875
8 0.53828125 0.33515625 0.03984375 0.20078125
9 0.57265625 0.33203125 0.04453125 0.21171875
10 0.6046875 0.3171875 0.05234375 0.22890625
11 0.646875 0.29609375 0.0484375 0.21875
12 0.6796875 0.26953125 0.05 0.21171875
13 0.725 0.24296875 0.0640625 0.2125
14 0.77578125 0.196875 0.05859375 0.22109375
15 0.8234375 0.159375 0.05234375 0.203125
31 0.190625 0.34921875 0.084375 0.15625
30 0.23984375 0.421875 0.0984375 0.19296875
28 0.35625 0.5203125 0.0625 0.19140625
27 0.3921875 0.55 0.05390625 0.196875
26 0.42734375 0.5671875 0.04453125 0.190625
25 0.4640625 0.57265625 0.03203125 0.15625
16 0.534375 0.5515625 0.03203125 0.15078125
17 0.5625 0.55234375 0.03203125 0.16484375
18 0.60078125 0.5640625 0.04453125 0.20859375
19 0.64140625 0.55234375 0.05859375 0.19609375
20 0.68203125 0.51171875 0.0703125 0.184375
22 0.78046875 0.42578125 0.09453125 0.19296875
23 0.83671875 0.36484375 0.08671875 0.175