28 0.3359375 0.64765625 0.05078125 0.20625
27 0.38125 0.64296875 0.046875 0.215625
26 0.41796875 0.64453125 0.03515625 0.21484375
25 0.45 0.628125 0.0296875 0.1671875
24 0.48125 0.62265625 0.0296875 0.15546875
16 0.509375 0.6296875 0.02734375 0.1609375
17 0.5390625 0.63359375 0.03125 0.1765625
18 0.56953125 0.6453125 0.0328125 0.1921875
19 0.6046875 0.65078125 0.040625 0.20390625
20 0.6453125 0.65546875 0.0453125 0.18671875
23 0.7796875 0.6 0.10546875 0.1609375
6 0.22578125 0.39296875 0.053125 0.18828125
5 0.27421875 0.42109375 0.06953125 0.19453125
4 0.33515625 0.425 0.0484375 0.20234375
14 0.76171875 0.4109375 0.05078125 0.184375
13 0.709375 0.43671875 0.0625 0.20234375
12 0.6609375 0.43984375 0.040625 0.2234375