30 0.20546875 0.63203125 0.10546875 0.2203125
29 0.278125 0.6703125 0.10703125 0.234375
28 0.3421875 0.68125 0.0734375 0.1921875
27 0.38828125 0.69609375 0.065625 0.18359375
26 0.42421875 0.7125 0.06328125 0.1703125
25 0.47421875 0.6734375 0.03984375 0.10546875
24 0.50703125 0.671875 0.0296875 0.09296875
16 0.53984375 0.690625 0.03046875 0.09140625
17 0.57109375 0.70234375 0.03984375 0.15859375
18 0.61640625 0.7171875 0.06640625 0.18046875
19 0.6484375 0.6953125 0.059375 0.17265625
20 0.68515625 0.690625 0.06171875 0.19453125
23 0.87421875 0.61796875 0.08515625 0.18828125
22 0.80859375 0.63671875 0.09296875 0.2265625
21 0.7421875 0.67421875 0.0953125 0.221875
7 0.18984375 0.3171875 0.0578125 0.190625
6 0.23125 0.40390625 0.06953125 0.20078125
5 0.2859375 0.43671875 0.059375 0.1828125
14 0.79296875 0.4046875 0.0578125 0.20625
4 0.340625 0.4453125 0.04921875 0.2046875
13 0.7421875 0.43046875 0.059375 0.20625
3 0.37890625 0.45390625 0.034375 0.2109375
2 0.42578125 0.4515625 0.034375 0.2546875
1 0.47421875 0.46328125 0.034375 0.2234375
0 0.50859375 0.46328125 0.02734375 0.24140625
8 0.5484375 0.46015625 0.034375 0.25625
9 0.58828125 0.46328125 0.04140625 0.25625
10 0.62734375 0.4578125 0.0375 0.24140625
11 0.66640625 0.45078125 0.03984375 0.24140625
12 0.69453125 0.45 0.0484375 0.221875
15 0.828125 0.31640625 0.0453125 0.153125
31 0.1359375 0.6109375 0.096875 0.1828125