7 0.2109375 0.28359375 0.053125 0.15703125
6 0.24765625 0.37265625 0.05703125 0.18828125
5 0.30234375 0.3921875 0.05546875 0.18125
4 0.3453125 0.3921875 0.0390625 0.1984375
3 0.38125 0.39296875 0.03671875 0.2078125
2 0.4109375 0.38984375 0.0390625 0.22265625
1 0.446875 0.40078125 0.0328125 0.2078125
0 0.48046875 0.39296875 0.0390625 0.24453125
8 0.52890625 0.39375 0.03671875 0.24296875
9 0.56484375 0.40546875 0.0265625 0.20390625
10 0.59609375 0.39609375 0.0328125 0.2390625
11 0.6359375 0.3953125 0.04296875 0.2296875
12 0.665625 0.40859375 0.0328125 0.19375
13 0.70703125 0.40234375 0.05703125 0.1984375
14 0.7625 0.40703125 0.053125 0.175
15 0.7984375 0.3265625 0.05546875 0.15703125
23 0.81796875 0.5828125 0.06953125 0.18125
22 0.765625 0.6328125 0.0796875 0.21171875
21 0.71171875 0.665625 0.08828125 0.228125
20 0.65234375 0.6640625 0.046875 0.22265625
19 0.615625 0.66171875 0.04296875 0.21171875
18 0.58515625 0.675 0.04296875 0.246875
17 0.546875 0.64921875 0.02890625 0.1953125
16 0.51640625 0.64921875 0.02890625 0.2
24 0.496875 0.634375 0.03515625 0.22421875
25 0.46328125 0.653125 0.02890625 0.2203125
26 0.428125 0.65859375 0.040625 0.2390625
27 0.39140625 0.665625 0.04921875 0.253125
28 0.353125 0.6484375 0.0515625 0.21796875
29 0.28984375 0.64609375 0.09609375 0.22265625
30 0.240625 0.609375 0.084375 0.2015625
31 0.18828125 0.56171875 0.078125 0.17734375