7 0.21015625 0.303125 0.0765625 0.1328125
6 0.25078125 0.33359375 0.0671875 0.20625
5 0.30234375 0.33671875 0.0609375 0.2359375
4 0.34921875 0.334375 0.05 0.24296875
3 0.38515625 0.3578125 0.04453125 0.23828125
2 0.41796875 0.35859375 0.04453125 0.28671875
1 0.4546875 0.3640625 0.04140625 0.29765625
0 0.48984375 0.3671875 0.04609375 0.2921875
8 0.534375 0.353125 0.05390625 0.31953125
9 0.56640625 0.35703125 0.034375 0.2921875
10 0.5984375 0.35859375 0.0390625 0.30234375
11 0.63828125 0.34140625 0.04765625 0.29609375
12 0.67265625 0.33828125 0.03671875 0.25078125
13 0.7125 0.32734375 0.046875 0.2359375
14 0.76484375 0.32265625 0.06875 0.23515625
15 0.8015625 0.275 0.07421875 0.1984375
31 0.20078125 0.5046875 0.09453125 0.20546875
30 0.259375 0.54453125 0.096875 0.23359375
29 0.33046875 0.56171875 0.10078125 0.2328125
28 0.38046875 0.590625 0.059375 0.23515625
27 0.4125 0.6046875 0.06796875 0.196875
26 0.44765625 0.6234375 0.0359375 0.16328125
25 0.47734375 0.5953125 0.03984375 0.175
24 0.5078125 0.59296875 0.0359375 0.1453125
16 0.54296875 0.6171875 0.0375 0.15078125
17 0.5734375 0.62890625 0.0515625 0.209375
18 0.603125 0.62421875 0.0484375 0.20859375
19 0.63828125 0.60390625 0.0703125 0.2234375
20 0.67578125 0.59921875 0.0671875 0.2296875
21 0.72734375 0.5671875 0.09609375 0.225
23 0.8375 0.534375 0.05234375 0.18984375