31 0.15 0.525 0.10703125 0.16640625
30 0.203125 0.58515625 0.1140625 0.1921875
27 0.3484375 0.62421875 0.03671875 0.21796875
26 0.3828125 0.6359375 0.03671875 0.22421875
25 0.415625 0.6171875 0.028125 0.17890625
24 0.4453125 0.625 0.0234375 0.18125
16 0.471875 0.62265625 0.02109375 0.17734375
17 0.5 0.6328125 0.0296875 0.19609375
18 0.53515625 0.653125 0.040625 0.24609375
19 0.56640625 0.64609375 0.03828125 0.24609375
22 0.68359375 0.59375 0.08359375 0.20078125
23 0.7296875 0.5234375 0.0640625 0.140625
7 0.19453125 0.334375 0.06640625 0.19765625
5 0.278125 0.3671875 0.07109375 0.22890625
4 0.328125 0.3625 0.0515625 0.23046875
2 0.3828125 0.38125 0.0453125 0.209375
1 0.41171875 0.403125 0.034375 0.19296875
0 0.4453125 0.38671875 0.03671875 0.22421875
8 0.4859375 0.4046875 0.040625 0.20078125
9 0.52109375 0.396875 0.0296875 0.21015625
10 0.5515625 0.36875 0.03828125 0.253125
14 0.71640625 0.3359375 0.05546875 0.1953125
13 0.6640625 0.36171875 0.0578125 0.19921875
12 0.62109375 0.365625 0.03671875 0.19921875