6 0.21015625 0.3140625 0.06875 0.21640625
5 0.27265625 0.34140625 0.06015625 0.22109375
4 0.3109375 0.35546875 0.04609375 0.23359375
3 0.3578125 0.36953125 0.0546875 0.21796875
2 0.39609375 0.3671875 0.0375 0.234375
1 0.434375 0.365625 0.0359375 0.246875
0 0.47109375 0.35234375 0.05390625 0.2859375
8 0.51328125 0.3515625 0.05 0.26875
9 0.546875 0.340625 0.0546875 0.246875
10 0.5859375 0.31796875 0.04609375 0.27109375
11 0.6171875 0.321875 0.0703125 0.26875
12 0.6625 0.32109375 0.0515625 0.24296875
13 0.721875 0.31171875 0.06796875 0.23984375
14 0.78515625 0.2953125 0.06640625 0.20703125
15 0.828125 0.240625 0.0703125 0.171875
31 0.1453125 0.53203125 0.10234375 0.14921875
30 0.221875 0.575 0.1078125 0.2625
29 0.29140625 0.6046875 0.09765625 0.26328125
28 0.35859375 0.6015625 0.040625 0.21875
27 0.396875 0.62421875 0.04609375 0.2515625
26 0.43046875 0.61640625 0.040625 0.2171875
25 0.46796875 0.60078125 0.04453125 0.18046875
24 0.5 0.5984375 0.0390625 0.19140625
16 0.528125 0.59453125 0.03984375 0.19609375
17 0.5546875 0.6078125 0.0390625 0.21875
18 0.590625 0.62265625 0.0484375 0.2609375
19 0.62578125 0.6 0.05625 0.23828125
20 0.665625 0.59921875 0.06796875 0.2328125
21 0.72421875 0.58828125 0.09140625 0.2578125
22 0.79375 0.53984375 0.1109375 0.2390625
23 0.86875 0.51875 0.11171875 0.153125