22 0.76953125 0.6140625 0.09375 0.20703125
21 0.70234375 0.64921875 0.08984375 0.2171875
20 0.64765625 0.65625 0.05546875 0.203125
19 0.6140625 0.6578125 0.053125 0.16953125
18 0.57734375 0.67890625 0.04921875 0.19453125
17 0.5359375 0.65546875 0.03046875 0.15625
16 0.50859375 0.6484375 0.0234375 0.14609375
24 0.4859375 0.64765625 0.0203125 0.14375
25 0.4578125 0.66484375 0.03046875 0.1828125
26 0.4234375 0.67109375 0.034375 0.19921875
27 0.38671875 0.66875 0.04296875 0.1703125
28 0.346875 0.66796875 0.04453125 0.19296875
29 0.28359375 0.66171875 0.10234375 0.21328125
30 0.22265625 0.63671875 0.0859375 0.20390625
6 0.23125 0.4046875 0.06328125 0.2171875
5 0.290625 0.41171875 0.06328125 0.2234375
4 0.33984375 0.428125 0.05078125 0.2109375
3 0.3765625 0.41171875 0.046875 0.26015625
2 0.4125 0.41796875 0.040625 0.25625
1 0.45078125 0.40859375 0.0328125 0.2703125
0 0.4828125 0.440625 0.0390625 0.25234375
8 0.5203125 0.4390625 0.03671875 0.22109375
9 0.55546875 0.434375 0.0328125 0.2109375
10 0.590625 0.42265625 0.034375 0.2328125
11 0.62734375 0.42578125 0.04296875 0.20703125
12 0.6625 0.41953125 0.034375 0.190625
13 0.70703125 0.425 0.05546875 0.1640625
14 0.7625 0.39375 0.05078125 0.190625