7 0.19140625 0.328125 0.06953125 0.14296875
6 0.2109375 0.4390625 0.06953125 0.16640625
5 0.26796875 0.459375 0.06953125 0.19453125
4 0.32421875 0.46796875 0.046875 0.21484375
3 0.3625 0.471875 0.046875 0.2359375
2 0.39609375 0.46796875 0.046875 0.21953125
1 0.43828125 0.50078125 0.03828125 0.18359375
0 0.47109375 0.4953125 0.040625 0.2828125
8 0.51484375 0.49296875 0.0421875 0.21953125
9 0.5515625 0.49921875 0.0359375 0.20234375
10 0.58828125 0.475 0.0359375 0.23828125
11 0.625 0.484375 0.0421875 0.2234375
12 0.66328125 0.47578125 0.03828125 0.2109375
13 0.7109375 0.46953125 0.06171875 0.19375
14 0.75625 0.43203125 0.06328125 0.18515625
15 0.7734375 0.33515625 0.059375 0.1109375
23 0.8265625 0.57578125 0.06328125 0.11796875
22 0.7765625 0.6296875 0.08671875 0.18359375
21 0.72265625 0.6921875 0.1015625 0.21484375
20 0.66171875 0.72421875 0.053125 0.2109375
19 0.61640625 0.7296875 0.046875 0.2
18 0.5796875 0.76015625 0.0359375 0.2359375
17 0.54453125 0.74453125 0.03359375 0.2046875
16 0.515625 0.740625 0.03203125 0.19375
24 0.48515625 0.74453125 0.0296875 0.2
25 0.459375 0.73671875 0.03359375 0.19375
26 0.4203125 0.7328125 0.04453125 0.18125
27 0.38359375 0.7078125 0.05546875 0.18359375
28 0.328125 0.715625 0.059375 0.21484375
29 0.25859375 0.68984375 0.1140625 0.2140625
30 0.190625 0.63046875 0.10625 0.18515625
31 0.12890625 0.59375 0.071875 0.128125