7 0.2703125 0.46015625 0.05703125 0.17578125
6 0.321875 0.4921875 0.05859375 0.171875
5 0.37265625 0.49609375 0.04296875 0.171875
4 0.41484375 0.50625 0.053125 0.1921875
3 0.45234375 0.55234375 0.03828125 0.14140625
2 0.484375 0.5703125 0.02734375 0.08828125
1 0.4484375 0.4375 0.09921875 0.18359375
0 0.5171875 0.515625 0.03828125 0.22265625
8 0.5578125 0.51953125 0.03828125 0.2265625
9 0.6078125 0.43359375 0.05703125 0.20390625
10 0.59140625 0.578125 0.02421875 0.08203125
11 0.61953125 0.54609375 0.0328125 0.14921875
12 0.65078125 0.51640625 0.0484375 0.1796875
13 0.68671875 0.50859375 0.040625 0.14765625
14 0.7296875 0.48359375 0.0484375 0.178125
15 0.7765625 0.48046875 0.0484375 0.12265625
23 0.83046875 0.634375 0.0546875 0.10703125
22 0.78046875 0.659375 0.08125 0.18359375
21 0.721875 0.7078125 0.07734375 0.19609375
20 0.67265625 0.72578125 0.04453125 0.1921875
19 0.63515625 0.74140625 0.03828125 0.18984375
18 0.59921875 0.79609375 0.053125 0.24296875
17 0.56875 0.74921875 0.0328125 0.1859375
16 0.55390625 0.7609375 0.05078125 0.2203125
24 0.515625 0.74453125 0.0265625 0.1921875
25 0.49921875 0.7515625 0.05078125 0.20625
26 0.46171875 0.771875 0.0484375 0.22265625
27 0.41328125 0.74140625 0.04296875 0.20234375
28 0.36875 0.725 0.0546875 0.20234375
30 0.25390625 0.6671875 0.07734375 0.19609375
31 0.196875 0.6359375 0.05703125 0.1125
29 0.3109375 0.71015625 0.0890625 0.20859375