7 0.253125 0.3171875 0.06875 0.1453125
6 0.26875 0.43125 0.08125 0.14375
5 0.3234375 0.43828125 0.0609375 0.1765625
4 0.3609375 0.45859375 0.046875 0.175
3 0.3953125 0.4671875 0.0328125 0.1609375
2 0.4328125 0.44375 0.0453125 0.2234375
1 0.46875 0.4796875 0.0390625 0.17890625
0 0.5015625 0.496875 0.0390625 0.16484375
8 0.5421875 0.49140625 0.0375 0.17890625
9 0.5796875 0.49765625 0.03125 0.17109375
10 0.615625 0.465625 0.03515625 0.22734375
11 0.646875 0.475 0.03515625 0.171875
12 0.67265625 0.45625 0.03828125 0.1671875
13 0.71171875 0.43984375 0.053125 0.17265625
14 0.765625 0.4359375 0.0625 0.14140625
15 0.78046875 0.32734375 0.053125 0.14375
31 0.175 0.5765625 0.071875 0.13671875
30 0.23359375 0.5875 0.0796875 0.159375
29 0.296875 0.63515625 0.0859375 0.18828125
28 0.3515625 0.66328125 0.07890625 0.18671875
26 0.4328125 0.67265625 0.0453125 0.2015625
25 0.47265625 0.66328125 0.03515625 0.13203125
24 0.4984375 0.6625 0.02734375 0.13359375
16 0.525 0.66328125 0.02734375 0.12421875
17 0.55546875 0.665625 0.0328125 0.12421875
18 0.58984375 0.6765625 0.0390625 0.17421875
19 0.62578125 0.65546875 0.0484375 0.14765625
20 0.6640625 0.62109375 0.05859375 0.11875
21 0.71875 0.63984375 0.08203125 0.1984375
22 0.78203125 0.6015625 0.071875 0.171875
23 0.840625 0.57578125 0.06875 0.1203125