31 0.21953125 0.54296875 0.121875 0.1828125
28 0.37109375 0.6234375 0.046875 0.22265625
27 0.409375 0.62109375 0.0328125 0.2109375
26 0.44296875 0.62265625 0.034375 0.2328125
25 0.47734375 0.61015625 0.04375 0.18359375
24 0.50234375 0.61171875 0.03828125 0.1796875
16 0.52890625 0.61328125 0.02578125 0.18671875
17 0.55390625 0.6125 0.0375 0.18828125
18 0.59140625 0.63828125 0.05 0.25546875
19 0.62109375 0.61796875 0.04140625 0.23046875
20 0.65234375 0.62421875 0.034375 0.24296875
22 0.74921875 0.58203125 0.1 0.18671875
23 0.7984375 0.534375 0.09609375 0.15390625
7 0.209375 0.34296875 0.06171875 0.1859375
6 0.253125 0.340625 0.05234375 0.24375
5 0.3046875 0.415625 0.0546875 0.178125
4 0.353125 0.3859375 0.0453125 0.20390625
3 0.38203125 0.3859375 0.0375 0.2125
2 0.41953125 0.37265625 0.04453125 0.23359375
1 0.4546875 0.384375 0.0421875 0.209375
0 0.49296875 0.39375 0.03515625 0.209375
8 0.53671875 0.39296875 0.05 0.21796875
9 0.57578125 0.38046875 0.04453125 0.2171875
10 0.61484375 0.37421875 0.05 0.2203125
11 0.64765625 0.3609375 0.0375 0.18515625
12 0.6765625 0.35703125 0.0390625 0.22109375
13 0.7203125 0.36484375 0.06484375 0.2171875
14 0.76953125 0.34921875 0.0625 0.2015625
15 0.81953125 0.33046875 0.06328125 0.1953125