31 0.165625 0.55625 0.06640625 0.12421875
30 0.22265625 0.58515625 0.09765625 0.1828125
29 0.2828125 0.6453125 0.10546875 0.2
28 0.346875 0.67890625 0.06875 0.20625
27 0.3890625 0.69453125 0.0546875 0.21015625
26 0.4234375 0.70390625 0.05078125 0.1921875
25 0.465625 0.7015625 0.0328125 0.18046875
24 0.4953125 0.71015625 0.025 0.1359375
16 0.5234375 0.68828125 0.02734375 0.14140625
17 0.55390625 0.69375 0.0328125 0.153125
18 0.59296875 0.71484375 0.053125 0.1875
19 0.62578125 0.7046875 0.053125 0.21015625
20 0.665625 0.6921875 0.05859375 0.2171875
21 0.7296875 0.65859375 0.0953125 0.21171875
22 0.79296875 0.6078125 0.09765625 0.20390625
23 0.846875 0.571875 0.06875 0.12421875
15 0.809375 0.30546875 0.0640625 0.10234375
14 0.78828125 0.39609375 0.0640625 0.1828125
13 0.73828125 0.434375 0.05859375 0.18046875
12 0.6875 0.4484375 0.05078125 0.1984375
11 0.6484375 0.45859375 0.05078125 0.221875
10 0.6125 0.45546875 0.040625 0.25859375
9 0.57421875 0.471875 0.03515625 0.221875
8 0.53203125 0.4796875 0.0453125 0.2328125
0 0.4875 0.47578125 0.0453125 0.2375
1 0.44921875 0.4734375 0.03515625 0.215625
2 0.409375 0.45234375 0.040625 0.25703125
3 0.375 0.44453125 0.05078125 0.24140625
4 0.33671875 0.4390625 0.05546875 0.21015625
5 0.28515625 0.4234375 0.0625 0.1875
6 0.2296875 0.3953125 0.0640625 0.16875
7 0.21171875 0.2859375 0.06875 0.11875