7 0.22578125 0.34453125 0.07265625 0.1359375
6 0.23671875 0.44375 0.0546875 0.14609375
5 0.29296875 0.42578125 0.05859375 0.20234375
4 0.34375 0.4375 0.05078125 0.18984375
3 0.37421875 0.440625 0.04765625 0.2078125
2 0.409375 0.44453125 0.04453125 0.2234375
1 0.4484375 0.446875 0.03359375 0.215625
0 0.4828125 0.44296875 0.03828125 0.22265625
8 0.5234375 0.446875 0.03828125 0.2359375
9 0.55859375 0.45234375 0.03203125 0.20859375
10 0.59609375 0.44453125 0.0421875 0.2359375
11 0.6359375 0.43828125 0.0421875 0.228125
12 0.67109375 0.45078125 0.040625 0.17421875
13 0.71171875 0.43671875 0.06484375 0.2078125
14 0.77734375 0.42265625 0.05859375 0.2078125
15 0.803125 0.36015625 0.05078125 0.1140625
31 0.1765625 0.603125 0.0625 0.1171875
30 0.23515625 0.64296875 0.08671875 0.209375
29 0.29453125 0.678125 0.084375 0.228125
28 0.353125 0.68671875 0.0484375 0.228125
27 0.3921875 0.69296875 0.03828125 0.2265625
26 0.42421875 0.69453125 0.04609375 0.2234375
25 0.46640625 0.67734375 0.02734375 0.18515625
24 0.49609375 0.66796875 0.01953125 0.15625
16 0.521875 0.665625 0.02421875 0.153125
17 0.54921875 0.67109375 0.03046875 0.15703125
18 0.59140625 0.70234375 0.0421875 0.2234375
19 0.621875 0.70390625 0.03828125 0.23359375
20 0.66640625 0.69375 0.0546875 0.2296875
21 0.71875 0.68359375 0.08671875 0.22578125
22 0.78515625 0.64609375 0.090625 0.20390625
23 0.85 0.60859375 0.07421875 0.1171875