7 0.25546875 0.3140625 0.0890625 0.146875
6 0.28359375 0.4 0.06640625 0.20078125
4 0.35859375 0.3625 0.05859375 0.17265625
2 0.4109375 0.33515625 0.05390625 0.25234375
1 0.43984375 0.415625 0.06328125 0.2796875
0 0.47734375 0.4328125 0.04140625 0.23046875
8 0.521875 0.42421875 0.046875 0.24453125
9 0.55859375 0.428125 0.04921875 0.2421875
10 0.59921875 0.415625 0.059375 0.2796875
11 0.63515625 0.40390625 0.06015625 0.259375
12 0.67890625 0.41015625 0.05390625 0.2125
14 0.73046875 0.390625 0.0703125 0.2046875
15 0.76015625 0.30625 0.07421875 0.13984375
30 0.2109375 0.60546875 0.0828125 0.15859375
29 0.28359375 0.62734375 0.1140625 0.24140625
28 0.35078125 0.5890625 0.075 0.1296875
27 0.396875 0.67265625 0.0484375 0.2296875
26 0.43984375 0.675 0.040625 0.19921875
25 0.47109375 0.66953125 0.0515625 0.2234375
24 0.5046875 0.66015625 0.04375 0.22890625
16 0.5296875 0.659375 0.03515625 0.2078125
17 0.55625 0.659375 0.04140625 0.19921875
18 0.6 0.6859375 0.05390625 0.225
19 0.63828125 0.6640625 0.059375 0.2015625
20 0.68984375 0.590625 0.0921875 0.109375
21 0.74765625 0.6125 0.10546875 0.22734375
22 0.8109375 0.596875 0.0859375 0.1609375