7 0.2125 0.32734375 0.08828125 0.128125
6 0.23515625 0.4171875 0.0703125 0.19765625
5 0.29453125 0.43984375 0.06640625 0.21953125
4 0.3375 0.4484375 0.03359375 0.228125
3 0.375 0.45078125 0.0375 0.2171875
2 0.415625 0.421875 0.04765625 0.24609375
1 0.46328125 0.44453125 0.04765625 0.2203125
0 0.4953125 0.45859375 0.040625 0.22421875
8 0.534375 0.4546875 0.04765625 0.23671875
9 0.57578125 0.446875 0.04765625 0.24375
10 0.6109375 0.43984375 0.05 0.23515625
12 0.68125 0.4421875 0.04453125 0.21171875
13 0.73515625 0.45234375 0.06328125 0.2078125
14 0.79140625 0.44609375 0.071875 0.17578125
15 0.80859375 0.33515625 0.08359375 0.128125
31 0.16875 0.5609375 0.0921875 0.1640625
30 0.22890625 0.61015625 0.1125 0.14453125
28 0.34453125 0.67890625 0.0640625 0.21015625
27 0.3890625 0.6859375 0.046875 0.20859375
26 0.428125 0.68984375 0.04140625 0.22890625
25 0.47109375 0.68359375 0.04765625 0.19296875
24 0.50078125 0.68203125 0.0328125 0.178125
16 0.5265625 0.68046875 0.03203125 0.178125
17 0.5546875 0.6734375 0.03828125 0.1640625
18 0.59921875 0.696875 0.0390625 0.234375
19 0.63359375 0.671875 0.0484375 0.184375
20 0.68359375 0.6796875 0.04609375 0.20859375
23 0.83515625 0.6 0.08828125 0.14375