7 0.240625 0.37890625 0.0671875 0.1203125
6 0.27265625 0.45546875 0.06875 0.16796875
2 0.4015625 0.4328125 0.03671875 0.21640625
1 0.43828125 0.46640625 0.040625 0.22109375
0 0.46875 0.46640625 0.0390625 0.2140625
8 0.515625 0.4671875 0.04609375 0.234375
9 0.55 0.4625 0.05234375 0.21640625
11 0.59453125 0.43671875 0.04765625 0.21171875
12 0.63203125 0.4546875 0.053125 0.18515625
14 0.71015625 0.45234375 0.06328125 0.18046875
15 0.75625 0.37578125 0.06171875 0.1421875
31 0.22265625 0.63359375 0.078125 0.1453125
30 0.284375 0.67109375 0.08359375 0.21171875
29 0.34609375 0.64609375 0.06640625 0.1203125
27 0.38125 0.73671875 0.0390625 0.1953125
26 0.41953125 0.71484375 0.04140625 0.2296875
25 0.453125 0.69375 0.0421875 0.16328125
24 0.48046875 0.69140625 0.03125 0.1671875
16 0.50703125 0.69296875 0.034375 0.1703125
17 0.540625 0.6890625 0.0421875 0.159375
18 0.56875 0.734375 0.0390625 0.20625
19 0.6125 0.721875 0.0453125 0.17265625
21 0.65234375 0.64609375 0.06953125 0.1234375
22 0.72265625 0.67890625 0.09375 0.2046875
23 0.78515625 0.6234375 0.08125 0.125
3 0.36953125 0.42265625 0.0421875 0.16015625
5 0.32890625 0.4125 0.0453125 0.09765625