23 0.84453125 0.56015625 0.08515625 0.17890625
22 0.790625 0.60546875 0.0828125 0.1984375
21 0.72421875 0.62265625 0.07734375 0.20625
20 0.66875 0.625 0.04140625 0.2140625
19 0.634375 0.61015625 0.0359375 0.18046875
18 0.6015625 0.62890625 0.0453125 0.22265625
17 0.56484375 0.609375 0.03125 0.17109375
31 0.16328125 0.5515625 0.11640625 0.19453125
30 0.23203125 0.59453125 0.10859375 0.2046875
28 0.37421875 0.6109375 0.0453125 0.2140625
27 0.41015625 0.6078125 0.04140625 0.20859375
26 0.4484375 0.609375 0.04375 0.2140625
14 0.79609375 0.39609375 0.04765625 0.18671875
12 0.70078125 0.38984375 0.03359375 0.21875
10 0.63203125 0.37734375 0.04375 0.24375
9 0.59453125 0.3828125 0.03984375 0.22421875
8 0.55546875 0.378125 0.0515625 0.2421875
0 0.51171875 0.378125 0.04765625 0.21875
7 0.18359375 0.3796875 0.0515625 0.15546875
6 0.2375 0.3859375 0.06328125 0.19453125
1 0.4703125 0.371875 0.03984375 0.22109375
13 0.74609375 0.39609375 0.05625 0.20546875
11 0.66484375 0.39375 0.04375 0.22578125
2 0.43046875 0.3671875 0.0734375 0.25625
3 0.3921875 0.37578125 0.05234375 0.25234375
4 0.35390625 0.38125 0.0625 0.24765625
5 0.29453125 0.38828125 0.0734375 0.2234375
25 0.4828125 0.60625 0.04765625 0.19921875
24 0.51015625 0.6015625 0.034375 0.1796875
16 0.5390625 0.59296875 0.0453125 0.16875
15 0.8421875 0.3890625 0.04375 0.153125
29 0.3125 0.60703125 0.08671875 0.20625