16 0.5109375 0.77890625 0.0390625 0.20546875
17 0.5546875 0.840625 0.05234375 0.2203125
22 0.725 0.72890625 0.10625 0.21875
23 0.79453125 0.70078125 0.07578125 0.13984375
24 0.48046875 0.78515625 0.04765625 0.1921875
25 0.44375 0.8625 0.05234375 0.1859375
30 0.2390625 0.72890625 0.12578125 0.21875
31 0.1578125 0.709375 0.08515625 0.14453125
6 0.221875 0.48828125 0.09140625 0.23359375
0 0.46015625 0.54375 0.06328125 0.24453125
1 0.4328125 0.54609375 0.0609375 0.21015625
8 0.51328125 0.5578125 0.05234375 0.203125
9 0.56015625 0.56484375 0.0453125 0.2171875
10 0.6 0.58203125 0.04375 0.2078125
14 0.74453125 0.4953125 0.07578125 0.2078125
15 0.76875 0.36875 0.071875 0.15546875
21 0.65234375 0.75625 0.0828125 0.17734375
20 0.60234375 0.784375 0.06953125 0.17734375
29 0.33046875 0.75390625 0.0828125 0.17265625
28 0.3890625 0.76953125 0.06953125 0.15625
5 0.28515625 0.56875 0.07421875 0.146875
2 0.38046875 0.39765625 0.06953125 0.16015625
3 0.35625 0.49765625 0.06953125 0.1171875
10 0.5953125 0.4 0.0609375 0.14765625
11 0.62734375 0.47734375 0.0546875 0.15
4 0.29765625 0.43671875 0.05625 0.1171875
12 0.678125 0.4296875 0.04375 0.1203125
13 0.68828125 0.56640625 0.06328125 0.15
7 0.19140625 0.3734375 0.0828125 0.1640625