6 0.246875 0.3875 0.10390625 0.19921875
5 0.2875 0.41015625 0.078125 0.2359375
4 0.35546875 0.42734375 0.06171875 0.21875
3 0.38671875 0.43359375 0.0453125 0.22734375
2 0.4375 0.4375 0.04765625 0.25546875
1 0.48125 0.44609375 0.05 0.25859375
0 0.52265625 0.45234375 0.05 0.246875
8 0.57109375 0.45234375 0.04765625 0.259375
10 0.65390625 0.44375 0.04296875 0.2640625
11 0.69609375 0.44453125 0.0453125 0.2328125
12 0.7265625 0.45859375 0.05859375 0.1859375
13 0.7890625 0.4390625 0.0625 0.22109375
14 0.83359375 0.39140625 0.078125 0.22109375
30 0.2578125 0.65078125 0.12109375 0.18828125
28 0.3765625 0.7125 0.0515625 0.2078125
27 0.4234375 0.72109375 0.05 0.225
26 0.4625 0.7328125 0.0625 0.253125
25 0.51875 0.728125 0.04140625 0.240625
24 0.54609375 0.7078125 0.03359375 0.2078125
16 0.57890625 0.71953125 0.028125 0.20703125
17 0.61328125 0.74140625 0.0328125 0.2359375
18 0.65546875 0.76171875 0.0390625 0.28125
19 0.690625 0.74140625 0.034375 0.22734375
20 0.734375 0.7328125 0.0421875 0.21875
22 0.840625 0.6453125 0.10625 0.18203125