31 0.16328125 0.55234375 0.078125 0.1609375
30 0.21875 0.59453125 0.09765625 0.1890625
29 0.284375 0.63828125 0.10390625 0.21328125
28 0.34765625 0.6484375 0.06796875 0.1890625
27 0.3921875 0.6625 0.05625 0.2046875
26 0.43515625 0.67734375 0.05 0.21875
25 0.471875 0.6765625 0.028125 0.17265625
24 0.50078125 0.68671875 0.02734375 0.18125
16 0.53515625 0.68046875 0.0421875 0.16875
17 0.5609375 0.68515625 0.04609375 0.190625
18 0.60234375 0.6890625 0.06015625 0.19765625
19 0.63671875 0.67421875 0.06171875 0.2046875
20 0.684375 0.66015625 0.06796875 0.1890625
21 0.734375 0.64765625 0.1078125 0.2109375
22 0.7890625 0.603125 0.0859375 0.190625
23 0.8390625 0.54140625 0.0703125 0.146875
15 0.82109375 0.36875 0.065625 0.125
14 0.78515625 0.4046875 0.06171875 0.16171875
13 0.73203125 0.421875 0.06015625 0.184375
12 0.68203125 0.42421875 0.04375 0.20390625
7 0.1796875 0.28046875 0.08828125 0.16875
6 0.2328125 0.37578125 0.08125 0.190625
5 0.278125 0.41171875 0.0640625 0.17890625
4 0.33203125 0.403125 0.04375 0.21015625
3 0.371875 0.4125 0.04375 0.22890625
2 0.41328125 0.42265625 0.05 0.24921875
1 0.4546875 0.43671875 0.0421875 0.23671875
0 0.490625 0.43828125 0.0421875 0.2640625
8 0.534375 0.4234375 0.04375 0.290625
9 0.5703125 0.43828125 0.0359375 0.23671875
10 0.6046875 0.43359375 0.0421875 0.24296875
11 0.64765625 0.43125 0.0359375 0.2140625