31 0.06796875 0.49375 0.0921875 0.15546875
30 0.15 0.51953125 0.0859375 0.203125
29 0.22421875 0.55546875 0.0921875 0.21328125
26 0.37578125 0.584375 0.046875 0.22890625
25 0.41875 0.57265625 0.03828125 0.17890625
24 0.45703125 0.55625 0.034375 0.1640625
16 0.49296875 0.55703125 0.03125 0.153125
17 0.53203125 0.57109375 0.0515625 0.18984375
18 0.58046875 0.59140625 0.0578125 0.23515625
19 0.6234375 0.56796875 0.04921875 0.21796875
20 0.66953125 0.55546875 0.0515625 0.1875
28 0.2796875 0.559375 0.0453125 0.18359375
27 0.32421875 0.57890625 0.0515625 0.21796875
21 0.7375 0.553125 0.08359375 0.21796875
22 0.81640625 0.51953125 0.08828125 0.20703125
23 0.890625 0.49296875 0.0859375 0.16640625
7 0.10703125 0.1828125 0.07265625 0.13828125
6 0.140625 0.31796875 0.07109375 0.17265625
5 0.2046875 0.32109375 0.075 0.209375
4 0.2671875 0.34921875 0.0453125 0.1921875
3 0.3125 0.35390625 0.040625 0.1921875
2 0.353125 0.3234375 0.04921875 0.24765625
1 0.40234375 0.34609375 0.04921875 0.20703125
0 0.45625 0.35 0.0578125 0.203125
8 0.51484375 0.3484375 0.05546875 0.2078125
9 0.56875 0.334375 0.046875 0.2390625
10 0.60625 0.3125 0.04921875 0.21796875
11 0.64375 0.35546875 0.046875 0.18359375
12 0.68984375 0.346875 0.0453125 0.190625
13 0.75 0.33046875 0.075 0.19296875
14 0.81796875 0.2953125 0.06875 0.2296875
15 0.85703125 0.196875 0.06640625 0.14453125