7 0.19453125 0.33515625 0.08203125 0.12578125
6 0.21015625 0.44375 0.0734375 0.1859375
5 0.26953125 0.4640625 0.07578125 0.21015625
4 0.33359375 0.471875 0.0609375 0.203125
3 0.3734375 0.48125 0.05 0.196875
2 0.4234375 0.475 0.0671875 0.26171875
1 0.4671875 0.503125 0.04765625 0.18828125
0 0.51171875 0.4953125 0.05 0.22109375
8 0.5609375 0.4921875 0.04765625 0.240625
9 0.60625 0.50078125 0.0390625 0.22734375
10 0.6515625 0.4921875 0.04296875 0.24921875
11 0.69140625 0.49140625 0.04140625 0.2125
12 0.7296875 0.48359375 0.04765625 0.20234375
13 0.78671875 0.478125 0.0625 0.19140625
14 0.840625 0.44609375 0.0671875 0.1890625
15 0.85625 0.34296875 0.07578125 0.11484375
31 0.13828125 0.59921875 0.0734375 0.14296875
30 0.19609375 0.64921875 0.10625 0.19921875
29 0.28046875 0.69296875 0.11015625 0.2125
28 0.34921875 0.73046875 0.05859375 0.2359375
27 0.3984375 0.728125 0.04765625 0.2140625
26 0.44140625 0.72265625 0.04296875 0.19453125
25 0.48359375 0.71875 0.0328125 0.16875
24 0.51328125 0.728125 0.03046875 0.18046875
16 0.54453125 0.71875 0.02734375 0.16875
17 0.578125 0.72265625 0.02578125 0.1734375
18 0.61484375 0.72734375 0.034375 0.19921875
19 0.65546875 0.7359375 0.04296875 0.203125
20 0.7 0.73671875 0.05 0.22734375
21 0.76953125 0.7 0.09765625 0.2140625
22 0.840625 0.66484375 0.08046875 0.19453125
23 0.90234375 0.62265625 0.06484375 0.13671875