31 0.1453125 0.653125 0.07109375 0.17578125
30 0.19921875 0.678125 0.0796875 0.18828125
29 0.26484375 0.70546875 0.0796875 0.2046875
28 0.3109375 0.71875 0.0546875 0.20703125
27 0.3546875 0.73125 0.0375 0.1984375
26 0.3921875 0.7359375 0.03984375 0.1984375
25 0.4265625 0.72734375 0.025 0.15625
24 0.45078125 0.74453125 0.0234375 0.13515625
16 0.47578125 0.74453125 0.02734375 0.13125
17 0.49921875 0.74296875 0.0359375 0.13359375
18 0.53671875 0.73125 0.04375 0.17734375
23 0.78046875 0.678125 0.0484375 0.12109375
22 0.7203125 0.68359375 0.07578125 0.18984375
21 0.6609375 0.72734375 0.090625 0.2109375
19 0.6015625 0.73515625 0.0859375 0.21875
18 0.57421875 0.73671875 0.05234375 0.19140625
15 0.7890625 0.4578125 0.06953125 0.17578125
14 0.74140625 0.4796875 0.06328125 0.18203125
13 0.68515625 0.50390625 0.05859375 0.18359375
12 0.634375 0.50546875 0.0375 0.20078125
11 0.6078125 0.50703125 0.0359375 0.215625
10 0.5703125 0.50703125 0.03984375 0.2234375
9 0.53359375 0.51171875 0.0296875 0.225
8 0.496875 0.51953125 0.03984375 0.228125
0 0.459375 0.51171875 0.0359375 0.24296875
1 0.4234375 0.49921875 0.02734375 0.2296875
2 0.38984375 0.49453125 0.04375 0.21953125
3 0.359375 0.48671875 0.05078125 0.20390625
4 0.32109375 0.4796875 0.0375 0.17734375
5 0.2734375 0.4859375 0.0671875 0.1734375
6 0.20703125 0.49140625 0.0609375 0.15
7 0.15625 0.49140625 0.0640625 0.10390625