28 0.33515625 0.65234375 0.05234375 0.21171875
27 0.38125 0.646875 0.0484375 0.221875
26 0.41953125 0.6484375 0.0359375 0.22109375
25 0.453125 0.63203125 0.03046875 0.171875
24 0.48515625 0.62578125 0.03046875 0.159375
16 0.5140625 0.6328125 0.028125 0.165625
17 0.54453125 0.63671875 0.03203125 0.18203125
18 0.575 0.64921875 0.034375 0.19765625
19 0.61171875 0.65546875 0.0421875 0.21015625
20 0.65390625 0.66015625 0.04609375 0.19140625
23 0.79140625 0.603125 0.10859375 0.165625
6 0.221875 0.38984375 0.05390625 0.19375
5 0.271875 0.41953125 0.07109375 0.2
4 0.334375 0.4234375 0.05 0.2078125
14 0.7734375 0.4078125 0.05234375 0.18984375
13 0.71875 0.43515625 0.0640625 0.2078125
12 0.66953125 0.43828125 0.0421875 0.2296875