7 0.20703125 0.28671875 0.06171875 0.1109375
6 0.228125 0.37421875 0.06328125 0.20703125
5 0.28671875 0.39921875 0.05703125 0.196875
4 0.33203125 0.40859375 0.040625 0.203125
3 0.365625 0.4140625 0.04296875 0.1953125
2 0.40859375 0.41171875 0.04296875 0.209375
1 0.4546875 0.4203125 0.040625 0.20078125
0 0.48984375 0.41328125 0.03671875 0.2234375
8 0.53828125 0.42734375 0.0359375 0.21796875
9 0.57578125 0.415625 0.02890625 0.2375
10 0.6140625 0.40078125 0.0390625 0.27265625
11 0.6484375 0.40546875 0.03515625 0.23359375
12 0.68203125 0.39921875 0.02890625 0.22109375
13 0.72109375 0.3859375 0.053125 0.23984375
14 0.7703125 0.38203125 0.05703125 0.20703125
15 0.79609375 0.290625 0.0515625 0.12265625
31 0.15703125 0.571875 0.07578125 0.1390625
30 0.2296875 0.5828125 0.0984375 0.203125
29 0.2984375 0.63046875 0.084375 0.2234375
28 0.3578125 0.63125 0.0515625 0.209375
27 0.3953125 0.63828125 0.053125 0.19453125
26 0.43046875 0.65859375 0.04921875 0.21953125
25 0.4703125 0.66484375 0.02265625 0.178125
24 0.50078125 0.66640625 0.0265625 0.17109375
16 0.52734375 0.67421875 0.02734375 0.18046875
17 0.55625 0.6671875 0.0390625 0.21953125
18 0.59453125 0.66484375 0.0453125 0.23984375
19 0.628125 0.6453125 0.03046875 0.209375
20 0.6671875 0.634375 0.04296875 0.20703125
21 0.709375 0.6328125 0.06953125 0.22109375
22 0.7734375 0.59296875 0.07578125 0.20703125
23 0.8296875 0.57578125 0.053125 0.11875