7 0.1875 0.30390625 0.0734375 0.13515625
6 0.2140625 0.39765625 0.07578125 0.2046875
5 0.26171875 0.43671875 0.07578125 0.1984375
4 0.32265625 0.44765625 0.05390625 0.20078125
3 0.3609375 0.45703125 0.0515625 0.21640625
2 0.4078125 0.47421875 0.0578125 0.25390625
1 0.45546875 0.5046875 0.05390625 0.2125
0 0.49765625 0.484375 0.0515625 0.278125
8 0.55390625 0.50234375 0.05546875 0.25390625
9 0.60078125 0.49765625 0.04296875 0.234375
10 0.64375 0.4859375 0.0453125 0.25
11 0.68515625 0.4765625 0.04140625 0.21796875
12 0.721875 0.46484375 0.04375 0.18984375
13 0.78046875 0.44453125 0.06953125 0.2140625
14 0.828125 0.39765625 0.065625 0.2203125
15 0.86015625 0.30625 0.065625 0.153125
31 0.1359375 0.54921875 0.06171875 0.15078125
30 0.1921875 0.59453125 0.09140625 0.20078125
29 0.25390625 0.65703125 0.103125 0.209375
28 0.31875 0.6796875 0.065625 0.19609375
27 0.36015625 0.70703125 0.065625 0.184375
26 0.40703125 0.734375 0.059375 0.1984375
25 0.45703125 0.71640625 0.0453125 0.13515625
24 0.496875 0.73984375 0.0375 0.1703125
16 0.5359375 0.71796875 0.03203125 0.12734375
17 0.58203125 0.71953125 0.0578125 0.12109375
18 0.63125 0.7390625 0.07109375 0.2046875
19 0.66640625 0.7234375 0.05078125 0.2046875
20 0.71640625 0.7046875 0.0671875 0.21015625
21 0.778125 0.6703125 0.09921875 0.20078125
22 0.8421875 0.61328125 0.0890625 0.21015625
23 0.903125 0.57421875 0.0796875 0.13671875