31 0.16328125 0.51015625 0.09296875 0.14296875
30 0.21640625 0.56796875 0.0890625 0.17890625
28 0.2921875 0.59921875 0.0421875 0.203125
27 0.33125 0.6125 0.040625 0.2171875
26 0.371875 0.615625 0.040625 0.18515625
25 0.4078125 0.6203125 0.03203125 0.18984375
24 0.434375 0.6125 0.02578125 0.17890625
16 0.4546875 0.615625 0.04453125 0.18984375
17 0.490625 0.61171875 0.03203125 0.18125
18 0.52578125 0.62578125 0.03828125 0.22109375
19 0.5625 0.63203125 0.040625 0.246875
20 0.60078125 0.59375 0.040625 0.16171875
22 0.68515625 0.57265625 0.10390625 0.1875
23 0.734375 0.5203125 0.0953125 0.18515625
6 0.18046875 0.35546875 0.05546875 0.18125
2 0.359375 0.36953125 0.040625 0.24765625
1 0.3953125 0.38046875 0.0359375 0.2234375
0 0.43203125 0.37734375 0.0421875 0.2328125
8 0.47578125 0.3734375 0.04453125 0.23828125
9 0.51484375 0.384375 0.03359375 0.21328125
10 0.546875 0.38203125 0.03828125 0.234375