31 0.19921875 0.6 0.11796875 0.159375
21 0.70234375 0.69921875 0.090625 0.1953125
20 0.64140625 0.71015625 0.04375 0.1890625
19 0.5984375 0.70078125 0.04375 0.18671875
18 0.5640625 0.7125 0.04140625 0.17265625
17 0.52890625 0.7078125 0.02890625 0.1546875
16 0.5 0.70078125 0.02890625 0.14140625
24 0.47421875 0.70703125 0.03125 0.15390625
25 0.4515625 0.70390625 0.03125 0.15625
26 0.4109375 0.7296875 0.04921875 0.21171875
27 0.38046875 0.69921875 0.0578125 0.1953125
28 0.3453125 0.69609375 0.04921875 0.209375
6 0.23984375 0.42734375 0.05390625 0.19296875
5 0.2890625 0.44296875 0.05390625 0.2078125
4 0.334375 0.43828125 0.0375 0.215625
2 0.4 0.44609375 0.04375 0.25078125
1 0.43359375 0.48203125 0.0453125 0.19921875
0 0.465625 0.47578125 0.04375 0.253125
8 0.50859375 0.4828125 0.04140625 0.24609375
9 0.546875 0.48984375 0.03515625 0.2078125
10 0.5828125 0.471875 0.0375 0.2328125
13 0.6796875 0.46015625 0.06171875 0.209375
14 0.740625 0.45234375 0.05546875 0.2140625