22 0.7359375 0.6453125 0.09140625 0.1640625
20 0.659375 0.69453125 0.05625 0.20703125
19 0.6171875 0.69140625 0.04765625 0.2171875
18 0.5828125 0.68515625 0.03203125 0.23984375
17 0.55546875 0.67109375 0.0328125 0.2359375
16 0.52265625 0.6671875 0.0328125 0.225
24 0.50234375 0.66015625 0.0359375 0.2140625
25 0.47421875 0.6640625 0.03671875 0.21484375
26 0.44296875 0.6734375 0.04140625 0.2328125
28 0.3625 0.69375 0.05390625 0.2171875
30 0.26875 0.6515625 0.1453125 0.19375
6 0.23671875 0.3953125 0.0609375 0.18515625
14 0.73046875 0.390625 0.053125 0.2