7 0.2125 0.3875 0.07109375 0.103125
6 0.259375 0.4484375 0.071875 0.16484375
5 0.30703125 0.50546875 0.059375 0.1984375
4 0.353125 0.384375 0.0671875 0.1765625
2 0.41875 0.334375 0.0609375 0.23046875
1 0.46484375 0.47734375 0.0453125 0.22734375
0 0.50546875 0.48046875 0.03828125 0.24453125
8 0.5546875 0.475 0.05234375 0.25
9 0.5875 0.47265625 0.03828125 0.25
10 0.63125 0.38515625 0.04921875 0.2390625
12 0.6921875 0.39140625 0.05390625 0.15234375
13 0.75859375 0.4984375 0.05859375 0.22109375
14 0.7984375 0.4359375 0.0734375 0.1796875
15 0.83671875 0.37890625 0.0734375 0.12265625
23 0.871875 0.665625 0.0640625 0.13046875
22 0.83515625 0.76171875 0.08671875 0.16953125
21 0.759375 0.74453125 0.08359375 0.22734375
20 0.6921875 0.70625 0.0703125 0.13046875
19 0.65703125 0.84140625 0.053125 0.16484375
18 0.60625 0.82109375 0.06796875 0.215625
17 0.56796875 0.72578125 0.03515625 0.19765625
16 0.5375 0.73125 0.03828125 0.215625
24 0.50390625 0.72578125 0.03515625 0.22578125
25 0.4828125 0.72578125 0.04140625 0.20078125
31 0.1734375 0.671875 0.06953125 0.13828125
30 0.209375 0.75 0.071875 0.17421875
29 0.2890625 0.74296875 0.09921875 0.23671875
28 0.3671875 0.70078125 0.0796875 0.13046875
27 0.39296875 0.83984375 0.0453125 0.184375
26 0.45 0.83203125 0.05625 0.22890625
3 0.4 0.4359375 0.05859375 0.19765625
11 0.65546875 0.53984375 0.04609375 0.14453125