30 0.225 0.62265625 0.103125 0.215625
29 0.290625 0.671875 0.1015625 0.22421875
22 0.7921875 0.62578125 0.096875 0.1890625
21 0.71875 0.67265625 0.103125 0.2140625
28 0.35546875 0.69765625 0.04921875 0.23046875
27 0.40078125 0.7046875 0.04140625 0.23671875
26 0.4390625 0.69140625 0.0390625 0.25546875
25 0.475 0.68671875 0.02890625 0.215625
24 0.50703125 0.69765625 0.021875 0.19296875
16 0.5359375 0.68984375 0.03125 0.2265625
18 0.56953125 0.70625 0.03515625 0.259375
19 0.6078125 0.70625 0.0453125 0.24765625
20 0.6578125 0.709375 0.05546875 0.240625
5 0.27265625 0.38125 0.06640625 0.19609375
4 0.3296875 0.37890625 0.04375 0.2328125
3 0.37265625 0.38046875 0.04765625 0.24921875
2 0.40625 0.3796875 0.0515625 0.2671875
1 0.45234375 0.43046875 0.0453125 0.1953125
0 0.48828125 0.45703125 0.04765625 0.17421875
8 0.540625 0.4359375 0.0515625 0.2234375
9 0.578125 0.43203125 0.0375 0.1953125
10 0.61796875 0.40234375 0.0453125 0.259375
12 0.65625 0.38984375 0.0390625 0.24296875
13 0.709375 0.40625 0.0640625 0.19609375
14 0.7765625 0.3953125 0.0703125 0.1953125