28 0.3390625 0.75546875 0.05390625 0.2546875
27 0.38203125 0.7453125 0.0484375 0.27265625
26 0.41796875 0.71484375 0.05546875 0.25625
25 0.45703125 0.69375 0.046875 0.2265625
24 0.48359375 0.678125 0.03515625 0.2046875
16 0.51015625 0.6734375 0.0328125 0.21171875
17 0.54140625 0.69453125 0.03359375 0.24140625
18 0.5734375 0.7046875 0.0421875 0.2703125
19 0.6140625 0.72109375 0.04453125 0.27578125
20 0.65625 0.7171875 0.06015625 0.24765625
21 0.71796875 0.71640625 0.0890625 0.24609375
7 0.2171875 0.55703125 0.07578125 0.19140625
6 0.3 0.534375 0.1046875 0.21953125
4 0.36328125 0.49296875 0.03671875 0.19765625
15 0.778125 0.53359375 0.06171875 0.17265625
14 0.72421875 0.48828125 0.08359375 0.21015625