7 0.20390625 0.31171875 0.0796875 0.13828125
6 0.246875 0.34375 0.0703125 0.21484375
5 0.30078125 0.34609375 0.0640625 0.2453125
4 0.34921875 0.34453125 0.05234375 0.253125
3 0.38671875 0.36796875 0.046875 0.24765625
2 0.42109375 0.36875 0.04609375 0.2984375
1 0.45859375 0.375 0.04296875 0.31015625
0 0.4953125 0.378125 0.04765625 0.30390625
8 0.5421875 0.36328125 0.05625 0.3328125
9 0.57578125 0.36796875 0.03515625 0.3046875
10 0.60859375 0.36875 0.040625 0.31484375
11 0.65 0.35078125 0.05 0.3078125
12 0.68515625 0.3484375 0.03828125 0.2609375
13 0.728125 0.33671875 0.04921875 0.2453125
14 0.78203125 0.33203125 0.07109375 0.24453125
15 0.8203125 0.28203125 0.07734375 0.20703125
31 0.1953125 0.52109375 0.0984375 0.2140625
30 0.25625 0.5625 0.10078125 0.24296875
29 0.3296875 0.58046875 0.1046875 0.2421875
28 0.38203125 0.6109375 0.0625 0.2453125
27 0.41484375 0.62578125 0.07109375 0.20546875
26 0.4515625 0.64453125 0.0375 0.1703125
25 0.48203125 0.615625 0.04140625 0.18203125
24 0.5140625 0.61328125 0.03671875 0.1515625
16 0.55078125 0.63828125 0.0390625 0.15703125
17 0.5828125 0.65 0.05390625 0.21796875
18 0.6140625 0.64609375 0.05078125 0.2171875
19 0.65 0.625 0.0734375 0.2328125
20 0.6890625 0.6203125 0.0703125 0.2390625
21 0.74296875 0.58671875 0.1 0.23359375
23 0.8578125 0.55234375 0.0546875 0.19765625