7 0.19375 0.2953125 0.0546875 0.1140625
6 0.21875 0.40234375 0.06171875 0.15703125
5 0.284375 0.409375 0.0765625 0.19296875
4 0.33828125 0.4125 0.04609375 0.203125
3 0.384375 0.425 0.0640625 0.23203125
2 0.40546875 0.4109375 0.03515625 0.1921875
1 0.44375 0.434375 0.05234375 0.22578125
0 0.46953125 0.43515625 0.04296875 0.25390625
8 0.51171875 0.440625 0.05234375 0.246875
9 0.54453125 0.440625 0.04296875 0.22265625
10 0.58984375 0.42734375 0.05 0.2328125
11 0.62734375 0.42890625 0.04140625 0.23984375
12 0.6640625 0.4265625 0.0609375 0.21875
14 0.74765625 0.40546875 0.0609375 0.19375
15 0.7828125 0.3171875 0.0640625 0.1171875
31 0.1515625 0.56171875 0.0859375 0.134375
30 0.21640625 0.59375 0.10703125 0.19921875
23 0.809375 0.59375 0.0765625 0.1125
22 0.753125 0.62890625 0.1171875 0.1953125
20 0.68046875 0.69296875 0.059375 0.22734375
19 0.63125 0.69296875 0.05390625 0.22734375
18 0.5875 0.69765625 0.04453125 0.24140625
17 0.55 0.68671875 0.03671875 0.20625
16 0.51796875 0.678125 0.03359375 0.18046875
24 0.49453125 0.6796875 0.0375 0.1875
25 0.46484375 0.68359375 0.03671875 0.18671875
26 0.4234375 0.68984375 0.05 0.23359375
27 0.37890625 0.6875 0.05546875 0.22890625
28 0.33125 0.6640625 0.06640625 0.215625