6 0.23359375 0.3828125 0.05859375 0.1875
3 0.36875 0.4203125 0.0625 0.22578125
2 0.409375 0.43046875 0.04453125 0.23515625
1 0.44765625 0.465625 0.0359375 0.1875
0 0.4859375 0.47421875 0.04453125 0.19765625
8 0.53203125 0.4765625 0.04453125 0.2015625
9 0.57421875 0.47109375 0.03984375 0.1796875
10 0.6171875 0.4390625 0.0421875 0.21171875
12 0.6828125 0.42109375 0.03984375 0.21171875
14 0.78828125 0.38671875 0.0703125 0.171875
22 0.79296875 0.58671875 0.0921875 0.17734375
21 0.715625 0.60703125 0.07421875 0.1734375
20 0.66953125 0.6625 0.05859375 0.19140625
19 0.62421875 0.66796875 0.04453125 0.20390625
18 0.5875 0.68515625 0.03828125 0.21796875
17 0.553125 0.67421875 0.03046875 0.16796875
16 0.52578125 0.68046875 0.028125 0.16328125
24 0.50078125 0.66796875 0.0234375 0.13984375
25 0.4765625 0.68125 0.02734375 0.17734375
26 0.440625 0.6734375 0.03828125 0.17734375
27 0.39921875 0.66640625 0.03984375 0.1796875
28 0.359375 0.65 0.05625 0.16328125
30 0.23828125 0.565625 0.08671875 0.13984375