7 0.196875 0.38203125 0.05703125 0.11640625
6 0.24765625 0.40234375 0.053125 0.1609375
5 0.31328125 0.39609375 0.0734375 0.190625
4 0.3578125 0.39296875 0.04765625 0.23203125
3 0.40234375 0.41328125 0.0375 0.20625
2 0.43046875 0.40859375 0.04375 0.28359375
1 0.4734375 0.4078125 0.03359375 0.2546875
0 0.51015625 0.44453125 0.04375 0.26015625
8 0.553125 0.42265625 0.04765625 0.2765625
9 0.58515625 0.42265625 0.03125 0.24765625
10 0.6234375 0.4265625 0.04140625 0.26796875
11 0.65625 0.43359375 0.0359375 0.23828125
12 0.68515625 0.41484375 0.03359375 0.21640625
13 0.72734375 0.4 0.07109375 0.22265625
14 0.78984375 0.39609375 0.053125 0.1796875
15 0.834375 0.37734375 0.05859375 0.11796875
23 0.87265625 0.49921875 0.10859375 0.18515625
22 0.81484375 0.57578125 0.09296875 0.20390625
21 0.75390625 0.625 0.10859375 0.23046875
20 0.70234375 0.65625 0.07734375 0.23046875
19 0.65546875 0.64765625 0.05703125 0.17265625
18 0.62265625 0.66328125 0.0671875 0.19921875
17 0.5796875 0.66328125 0.0453125 0.16875
16 0.54453125 0.64375 0.03359375 0.1296875
24 0.51328125 0.6546875 0.025 0.15546875
25 0.47890625 0.646875 0.03359375 0.159375
26 0.4265625 0.6609375 0.075 0.19140625
27 0.4015625 0.63203125 0.05546875 0.15703125
28 0.3484375 0.65 0.06953125 0.21640625
29 0.28984375 0.62421875 0.10859375 0.2359375
30 0.2203125 0.58515625 0.10078125 0.22265625
31 0.15625 0.49375 0.10703125 0.15703125