31 0.084375 0.6359375 0.075 0.13515625
30 0.14296875 0.69921875 0.0859375 0.1984375
29 0.221875 0.72421875 0.0953125 0.2140625
28 0.28671875 0.7265625 0.06796875 0.20234375
27 0.33515625 0.728125 0.0546875 0.2015625
26 0.384375 0.7421875 0.04375 0.234375
25 0.4265625 0.7203125 0.05546875 0.15625
24 0.47421875 0.7203125 0.04453125 0.16953125
16 0.51328125 0.73046875 0.0546875 0.14296875
17 0.55546875 0.72421875 0.046875 0.14609375
18 0.59375 0.7546875 0.04609375 0.240625
19 0.64765625 0.7421875 0.053125 0.21171875
20 0.6984375 0.75 0.0609375 0.215625
21 0.77421875 0.73359375 0.0984375 0.22109375
22 0.8375 0.69375 0.08046875 0.1828125
23 0.90703125 0.6390625 0.06328125 0.12890625
7 0.15390625 0.36484375 0.08203125 0.1109375
6 0.178125 0.45390625 0.08828125 0.18671875
5 0.23359375 0.5 0.06796875 0.228125
4 0.28984375 0.50546875 0.05390625 0.209375
3 0.3390625 0.50078125 0.0671875 0.2296875
2 0.38671875 0.47734375 0.0640625 0.26640625
1 0.43125 0.5015625 0.05234375 0.2484375
0 0.47890625 0.52109375 0.0453125 0.20234375
8 0.53046875 0.51875 0.053125 0.22734375
9 0.5796875 0.50234375 0.053125 0.25390625
10 0.63125 0.49296875 0.0625 0.278125
11 0.66875 0.5078125 0.05234375 0.24296875
12 0.71875 0.5109375 0.046875 0.22890625
13 0.7703125 0.4953125 0.06953125 0.234375
14 0.8171875 0.440625 0.07734375 0.18984375
15 0.85390625 0.3671875 0.0671875 0.11015625