7 0.18046875 0.415625 0.05546875 0.1875
6 0.24140625 0.428125 0.06328125 0.1875
5 0.3015625 0.4265625 0.07421875 0.19609375
3 0.35625 0.4171875 0.0421875 0.2234375
2 0.39296875 0.4203125 0.04453125 0.246875
1 0.42890625 0.45 0.040625 0.21328125
0 0.46953125 0.43671875 0.04453125 0.24296875
8 0.5140625 0.43671875 0.040625 0.2296875
9 0.5515625 0.44140625 0.0359375 0.2140625
10 0.58828125 0.4125 0.040625 0.253125
11 0.62734375 0.42421875 0.03828125 0.21328125
12 0.6609375 0.42734375 0.03828125 0.18515625
13 0.70859375 0.4109375 0.065625 0.18671875
22 0.7765625 0.56796875 0.07421875 0.18359375
21 0.7265625 0.62265625 0.0890625 0.2109375
20 0.6734375 0.6484375 0.059375 0.19921875
19 0.6359375 0.65 0.0421875 0.18515625
18 0.59921875 0.66015625 0.0421875 0.19296875
17 0.56796875 0.66328125 0.03359375 0.17890625
16 0.54453125 0.66328125 0.02109375 0.128125
24 0.51796875 0.66171875 0.0234375 0.1578125
25 0.490625 0.65859375 0.02734375 0.16875
26 0.453125 0.65078125 0.0421875 0.175
27 0.41640625 0.65625 0.0484375 0.1765625
28 0.378125 0.65546875 0.05703125 0.18828125