7 0.19140625 0.38515625 0.06640625 0.1953125
6 0.2453125 0.40546875 0.0609375 0.20859375
5 0.30859375 0.41640625 0.06953125 0.2109375
3 0.3625 0.421875 0.05546875 0.21328125
2 0.40390625 0.421875 0.04453125 0.2375
1 0.44453125 0.43203125 0.053125 0.23359375
0 0.48359375 0.42578125 0.0375 0.24921875
8 0.5328125 0.434375 0.0453125 0.25078125
9 0.56875 0.4359375 0.04609375 0.24140625
10 0.61484375 0.43125 0.04140625 0.24765625
11 0.6453125 0.41953125 0.03984375 0.21171875
13 0.69375 0.4265625 0.05859375 0.20390625
14 0.7546875 0.4203125 0.0640625 0.203125
15 0.80625 0.40234375 0.0578125 0.1984375
31 0.19609375 0.61171875 0.0875 0.203125
30 0.25625 0.6671875 0.10546875 0.2234375
28 0.35546875 0.70546875 0.046875 0.22734375
27 0.39765625 0.70625 0.053125 0.22890625
25 0.45234375 0.67890625 0.040625 0.2
24 0.48671875 0.66328125 0.03125 0.16875
16 0.515625 0.66875 0.0390625 0.15703125
17 0.55234375 0.68359375 0.04140625 0.21796875
18 0.5953125 0.69453125 0.0578125 0.22109375
19 0.62265625 0.69609375 0.04453125 0.21875
20 0.66796875 0.7109375 0.046875 0.23828125
21 0.73515625 0.69140625 0.11328125 0.21484375
22 0.796875 0.63515625 0.0890625 0.190625