7 0.228125 0.3453125 0.05859375 0.11640625
6 0.25 0.4265625 0.0546875 0.1921875
5 0.30859375 0.42890625 0.05859375 0.2140625
4 0.3546875 0.428125 0.0484375 0.2234375
1 0.46015625 0.425 0.03828125 0.190625
2 0.42109375 0.4125 0.0375 0.2234375
3 0.3890625 0.4203125 0.03515625 0.2390625
0 0.49453125 0.42265625 0.046875 0.28203125
8 0.5328125 0.4234375 0.0375 0.26484375
9 0.5671875 0.41015625 0.0359375 0.2234375
10 0.59765625 0.428125 0.0296875 0.23203125
11 0.62890625 0.428125 0.04296875 0.21171875
12 0.6703125 0.42421875 0.0546875 0.2078125
13 0.71171875 0.434375 0.0609375 0.19609375
14 0.76875 0.4109375 0.053125 0.21171875
15 0.7984375 0.353125 0.05078125 0.1046875
31 0.19140625 0.63515625 0.06640625 0.121875
30 0.253125 0.6375 0.06875 0.184375
29 0.3109375 0.675 0.07421875 0.2140625
28 0.36640625 0.6734375 0.0453125 0.20234375
27 0.40546875 0.6828125 0.0375 0.221875
26 0.434375 0.68046875 0.0296875 0.215625
25 0.4625 0.65703125 0.02734375 0.18046875
24 0.49140625 0.66171875 0.021875 0.19453125
16 0.5125 0.6578125 0.021875 0.17890625
17 0.5375 0.64609375 0.03125 0.16328125
18 0.5671875 0.6671875 0.0296875 0.19453125
19 0.5984375 0.6765625 0.0375 0.21171875
20 0.6359375 0.665625 0.040625 0.20234375
21 0.690625 0.66171875 0.06875 0.20234375
22 0.75078125 0.6421875 0.0796875 0.19453125
23 0.815625 0.6296875 0.0609375 0.11796875