7 0.2109375 0.25 0.06953125 0.11875
6 0.24375 0.328125 0.0796875 0.2109375
5 0.2890625 0.41640625 0.0734375 0.209375
4 0.34140625 0.4234375 0.04765625 0.246875
3 0.38828125 0.43984375 0.0578125 0.22890625
2 0.41796875 0.38671875 0.05390625 0.18984375
1 0.44609375 0.45859375 0.05546875 0.2109375
0 0.47890625 0.45390625 0.0453125 0.2609375
8 0.52890625 0.45390625 0.0453125 0.26484375
9 0.56953125 0.4453125 0.0359375 0.25078125
10 0.60703125 0.42109375 0.03984375 0.27890625
11 0.65078125 0.421875 0.04765625 0.2640625
12 0.68671875 0.421875 0.05546875 0.2328125
13 0.74140625 0.40546875 0.06953125 0.22734375
14 0.775 0.33203125 0.08515625 0.20859375
15 0.80234375 0.2484375 0.07734375 0.11171875
23 0.8578125 0.57421875 0.065625 0.13203125
22 0.80390625 0.61171875 0.09140625 0.1953125
21 0.7328125 0.67421875 0.0890625 0.225
20 0.6765625 0.70390625 0.05546875 0.2015625
19 0.62734375 0.703125 0.0515625 0.19140625
18 0.5953125 0.7375 0.0515625 0.225
17 0.5546875 0.69921875 0.03359375 0.18359375
16 0.52734375 0.68125 0.02890625 0.13984375
24 0.50234375 0.69921875 0.03203125 0.17578125
25 0.47109375 0.69921875 0.0453125 0.19140625
27 0.37578125 0.6859375 0.06171875 0.21328125
29 0.296875 0.66484375 0.11328125 0.23515625
31 0.1484375 0.57265625 0.07578125 0.13359375
30 0.2125 0.61875 0.1109375 0.19375
28 0.359375 0.6890625 0.0953125 0.21953125
26 0.4296875 0.70234375 0.05390625 0.21796875