6 0.25234375 0.4546875 0.0625 0.1859375
5 0.3171875 0.44765625 0.06796875 0.19140625
4 0.3625 0.4375 0.05859375 0.18359375
2 0.421875 0.39375 0.0484375 0.2578125
1 0.4609375 0.434375 0.034375 0.17734375
0 0.5 0.4375 0.0484375 0.1796875
8 0.54609375 0.4484375 0.0484375 0.1859375
9 0.58671875 0.45234375 0.03203125 0.17734375
10 0.62421875 0.4578125 0.0484375 0.17265625
22 0.76171875 0.65625 0.06640625 0.18359375
21 0.69765625 0.6609375 0.05859375 0.18984375
20 0.64921875 0.653125 0.034375 0.18203125
19 0.61484375 0.65546875 0.0359375 0.1859375
18 0.5765625 0.659375 0.04453125 0.2140625
24 0.47578125 0.6296875 0.03203125 0.15546875
25 0.43671875 0.65234375 0.03828125 0.19296875
26 0.39765625 0.65078125 0.03984375 0.18046875
27 0.359375 0.6625 0.0484375 0.17265625
29 0.2453125 0.65625 0.08046875 0.18359375