7 0.15078125 0.35625 0.05390625 0.10859375
6 0.18203125 0.403125 0.0578125 0.21171875
5 0.23984375 0.409375 0.06171875 0.1953125
4 0.29140625 0.4109375 0.04140625 0.2234375
3 0.33359375 0.428125 0.04375 0.2203125
2 0.37265625 0.415625 0.04375 0.2734375
1 0.4109375 0.425 0.0375 0.25078125
0 0.45234375 0.4171875 0.0453125 0.2796875
8 0.49609375 0.42578125 0.0578125 0.26015625
9 0.5421875 0.43046875 0.0390625 0.228125
10 0.58125 0.4125 0.04375 0.284375
11 0.62421875 0.4140625 0.04921875 0.26953125
12 0.66796875 0.421875 0.04453125 0.22421875
13 0.721875 0.4203125 0.06796875 0.19921875
14 0.78203125 0.409375 0.0640625 0.203125
15 0.8109375 0.34765625 0.06015625 0.1
31 0.14453125 0.56328125 0.103125 0.13828125
29 0.259375 0.64921875 0.1015625 0.2328125
28 0.3171875 0.67578125 0.06015625 0.23671875
27 0.35859375 0.67421875 0.0515625 0.22421875
26 0.39765625 0.6921875 0.05546875 0.24375
25 0.43671875 0.69453125 0.0390625 0.240625
24 0.46640625 0.653125 0.0359375 0.1953125
16 0.49765625 0.65625 0.025 0.15625
17 0.528125 0.6671875 0.03125 0.17265625
18 0.56171875 0.69609375 0.0375 0.24296875
19 0.60625 0.67734375 0.0515625 0.2140625
20 0.64765625 0.67890625 0.0640625 0.23828125
21 0.71875 0.65234375 0.103125 0.23046875
23 0.8078125 0.58828125 0.12421875 0.16015625