31 0.175 0.5453125 0.134375 0.20078125
28 0.34140625 0.63359375 0.0515625 0.24453125
27 0.38359375 0.63125 0.0359375 0.23125
26 0.4203125 0.6328125 0.0375 0.25625
25 0.4578125 0.61875 0.0484375 0.20234375
24 0.48515625 0.62109375 0.0421875 0.19765625
16 0.51484375 0.621875 0.028125 0.2046875
17 0.5421875 0.62109375 0.040625 0.20703125
18 0.58359375 0.64921875 0.0546875 0.28125
19 0.615625 0.62734375 0.0453125 0.253125
20 0.65 0.634375 0.03828125 0.2671875
22 0.75703125 0.58828125 0.109375 0.2046875
23 0.8109375 0.53515625 0.10546875 0.16875
7 0.16328125 0.32578125 0.06796875 0.20390625
6 0.21171875 0.3234375 0.05703125 0.2671875
5 0.26875 0.40546875 0.06015625 0.19609375
4 0.321875 0.371875 0.05 0.22421875
3 0.35390625 0.37265625 0.040625 0.23359375
2 0.39375 0.3578125 0.04921875 0.25703125
1 0.43359375 0.37109375 0.04609375 0.23046875
0 0.475 0.38125 0.0390625 0.2296875
8 0.5234375 0.3796875 0.0546875 0.23984375
9 0.565625 0.36640625 0.04921875 0.2390625
10 0.609375 0.359375 0.0546875 0.2421875
11 0.6453125 0.34453125 0.040625 0.20390625
12 0.67734375 0.340625 0.04296875 0.24296875
13 0.725 0.34921875 0.07109375 0.2390625
14 0.77890625 0.33203125 0.06875 0.221875
15 0.83359375 0.31171875 0.06953125 0.21484375