7 0.2234375 0.38671875 0.0515625 0.16328125
6 0.278125 0.40390625 0.06171875 0.19453125
4 0.34296875 0.440625 0.06015625 0.20390625
3 0.378125 0.453125 0.04296875 0.21328125
2 0.409375 0.46015625 0.034375 0.228125
1 0.4515625 0.48671875 0.053125 0.19375
0 0.484375 0.48046875 0.0421875 0.253125
8 0.525 0.48671875 0.03359375 0.234375
9 0.5578125 0.49921875 0.04375 0.19453125
10 0.59609375 0.4609375 0.03671875 0.2453125
11 0.625 0.46640625 0.0359375 0.20859375
12 0.66171875 0.45 0.04140625 0.20703125
14 0.75625 0.43046875 0.0609375 0.1921875
15 0.8 0.40078125 0.06171875 0.153125
31 0.19296875 0.57265625 0.1125 0.1765625
30 0.253125 0.64765625 0.109375 0.2
28 0.3203125 0.67890625 0.06328125 0.19140625
27 0.36171875 0.68671875 0.04296875 0.17578125
26 0.40546875 0.69140625 0.03203125 0.1921875
25 0.44296875 0.68515625 0.0359375 0.140625
24 0.47890625 0.7 0.028125 0.1375
16 0.50859375 0.68828125 0.028125 0.1265625
17 0.54453125 0.7046875 0.02890625 0.15625
18 0.57734375 0.7109375 0.0359375 0.1953125
19 0.61875 0.70234375 0.04765625 0.1671875
20 0.66171875 0.70234375 0.0578125 0.18984375
22 0.7671875 0.65234375 0.11796875 0.18515625
23 0.821875 0.58984375 0.10078125 0.17109375