7 0.08125 0.41171875 0.05859375 0.19140625
6 0.13671875 0.42265625 0.0609375 0.221875
5 0.20390625 0.4234375 0.07421875 0.2453125
4 0.25546875 0.4375 0.0390625 0.23046875
3 0.296875 0.42265625 0.0515625 0.2609375
2 0.3453125 0.40859375 0.0625 0.29765625
1 0.396875 0.4375 0.05 0.2265625
0 0.44609375 0.42109375 0.04765625 0.2578125
9 0.54453125 0.43046875 0.0453125 0.25
10 0.58515625 0.4359375 0.05 0.26484375
11 0.62734375 0.43359375 0.04296875 0.2609375
12 0.66484375 0.4359375 0.0390625 0.25234375
13 0.7140625 0.425 0.06484375 0.2609375
14 0.77265625 0.409375 0.0515625 0.25625
15 0.825 0.39921875 0.05625 0.2140625
31 0.08515625 0.61328125 0.09296875 0.2
30 0.14921875 0.6578125 0.0953125 0.21953125
29 0.2296875 0.68671875 0.0953125 0.24765625
28 0.28984375 0.70078125 0.0609375 0.25
27 0.33671875 0.709375 0.05390625 0.25
26 0.38671875 0.68203125 0.05390625 0.221875
23 0.83125 0.603125 0.08671875 0.19375
22 0.7734375 0.659375 0.084375 0.215625
21 0.70859375 0.68671875 0.09296875 0.23046875
20 0.64921875 0.70390625 0.04765625 0.24375
19 0.6046875 0.70703125 0.03671875 0.24140625
18 0.56953125 0.71171875 0.0515625 0.25
17 0.528125 0.69453125 0.034375 0.2109375
16 0.49453125 0.6734375 0.028125 0.17421875
24 0.4640625 0.68046875 0.03984375 0.1703125
25 0.42890625 0.68125 0.04765625 0.1796875
8 0.49375 0.4359375 0.05234375 0.24375