6 0.19296875 0.34609375 0.0703125 0.2578125
5 0.24765625 0.38203125 0.065625 0.28203125
4 0.3046875 0.40859375 0.05234375 0.26875
3 0.346875 0.41484375 0.0484375 0.2859375
2 0.3921875 0.41796875 0.05234375 0.3015625
1 0.434375 0.4234375 0.05703125 0.3203125
0 0.47265625 0.4765625 0.05078125 0.246875
8 0.51953125 0.4734375 0.04375 0.26171875
9 0.5625 0.47890625 0.0375 0.23359375
10 0.6078125 0.46875 0.03984375 0.24921875
11 0.64375 0.4609375 0.05078125 0.23359375
12 0.68203125 0.4546875 0.0484375 0.20703125
13 0.7359375 0.4109375 0.06328125 0.25078125
14 0.79296875 0.36640625 0.06328125 0.246875
30 0.17578125 0.59921875 0.10546875 0.2203125
29 0.25 0.66484375 0.109375 0.246875
28 0.31875 0.678125 0.059375 0.203125
27 0.36875 0.68828125 0.04375 0.20078125
26 0.4109375 0.7109375 0.04140625 0.215625
25 0.45078125 0.7140625 0.0328125 0.17890625
24 0.4890625 0.709375 0.03984375 0.2125
16 0.51328125 0.7265625 0.03046875 0.20703125
17 0.546875 0.72421875 0.028125 0.18515625
18 0.58203125 0.725 0.0375 0.21796875
19 0.625 0.7125 0.03984375 0.209375
20 0.66875 0.70546875 0.05234375 0.22265625
21 0.73046875 0.68125 0.096875 0.23984375
22 0.8046875 0.61796875 0.10546875 0.2046875