7 0.15 0.36015625 0.0671875 0.165625
6 0.2 0.365625 0.05703125 0.2125
5 0.259375 0.37421875 0.0609375 0.2265625
4 0.31015625 0.38671875 0.040625 0.2140625
3 0.35078125 0.390625 0.04453125 0.2265625
2 0.38984375 0.3875 0.04921875 0.240625
1 0.4390625 0.41015625 0.04453125 0.2078125
0 0.47890625 0.409375 0.05078125 0.20625
8 0.53125 0.39921875 0.046875 0.2265625
9 0.57578125 0.39375 0.040625 0.240625
10 0.6203125 0.3796875 0.05703125 0.25703125
11 0.65078125 0.38671875 0.040625 0.2265625
12 0.6859375 0.3703125 0.03984375 0.2265625
13 0.734375 0.37421875 0.0609375 0.21015625
14 0.790625 0.35703125 0.05546875 0.2125
15 0.8421875 0.35546875 0.05546875 0.16328125
31 0.1390625 0.5578125 0.06953125 0.17734375
30 0.19453125 0.59921875 0.0921875 0.21875
29 0.2734375 0.6328125 0.0859375 0.24453125
28 0.32734375 0.63984375 0.05078125 0.24296875
27 0.36875 0.63984375 0.04296875 0.234375
26 0.40078125 0.65390625 0.06328125 0.25078125
25 0.453125 0.634375 0.03671875 0.1921875
24 0.48359375 0.62578125 0.02421875 0.18125
16 0.51015625 0.61875 0.02890625 0.1875
17 0.55078125 0.62890625 0.04921875 0.1796875
18 0.58984375 0.640625 0.065625 0.22890625
19 0.61875 0.6265625 0.0421875 0.21640625
20 0.6640625 0.62421875 0.05078125 0.21640625
21 0.71875 0.62265625 0.08125 0.22421875
22 0.78984375 0.5875 0.08984375 0.21640625
23 0.84921875 0.5390625 0.07734375 0.1796875