23 0.81796875 0.56171875 0.10390625 0.140625
22 0.7421875 0.6015625 0.09765625 0.2109375
21 0.68984375 0.6265625 0.10234375 0.20859375
31 0.2046875 0.58515625 0.08125 0.14765625
30 0.26953125 0.62109375 0.08515625 0.209375
29 0.328125 0.64140625 0.090625 0.22109375
28 0.38203125 0.6671875 0.0328125 0.2359375
27 0.4140625 0.6640625 0.03515625 0.1984375
26 0.44921875 0.68359375 0.03515625 0.2578125
25 0.478125 0.665625 0.03359375 0.19140625
15 0.796875 0.29921875 0.0578125 0.10078125
14 0.7578125 0.39296875 0.0578125 0.1609375
13 0.70078125 0.40078125 0.06171875 0.184375
6 0.25625 0.38671875 0.053125 0.19765625
5 0.31015625 0.41484375 0.059375 0.18125
20 0.62734375 0.68515625 0.0578125 0.209375
19 0.6078125 0.6671875 0.0390625 0.23359375
18 0.57734375 0.65859375 0.03515625 0.21171875
17 0.54609375 0.66015625 0.025 0.18515625
16 0.53125 0.671875 0.02890625 0.17890625
24 0.5 0.653125 0.0390625 0.15703125
9 0.55546875 0.43828125 0.03125 0.19140625
1 0.44765625 0.43984375 0.034375 0.18203125
8 0.51953125 0.446875 0.03828125 0.20078125
0 0.4828125 0.440625 0.03984375 0.2078125
2 0.41171875 0.41640625 0.0359375 0.2171875
10 0.5921875 0.42421875 0.03984375 0.215625
11 0.62578125 0.43671875 0.0265625 0.16484375
12 0.65859375 0.4046875 0.0484375 0.2078125
4 0.35703125 0.4265625 0.0328125 0.1765625
3 0.38359375 0.4390625 0.02578125 0.159375
7 0.2234375 0.29140625 0.0625 0.10078125