31 0.159375 0.62578125 0.0609375 0.09453125
30 0.2203125 0.6375 0.08203125 0.18046875
23 0.8515625 0.62421875 0.0625 0.10859375
22 0.815625 0.6390625 0.1265625 0.17265625
21 0.73515625 0.68984375 0.084375 0.184375
20 0.67578125 0.71015625 0.04296875 0.175
19 0.6328125 0.721875 0.0390625 0.1671875
18 0.6 0.73984375 0.05078125 0.18671875
17 0.55546875 0.728125 0.0328125 0.14765625
16 0.5265625 0.72109375 0.02421875 0.1375
24 0.496875 0.71328125 0.0296875 0.1296875
25 0.465625 0.721875 0.0296875 0.14375
26 0.42890625 0.721875 0.0453125 0.17890625
27 0.38671875 0.71640625 0.04296875 0.17890625
28 0.340625 0.70625 0.05625 0.1828125
29 0.284375 0.6859375 0.084375 0.1921875
7 0.21953125 0.3625 0.053125 0.096875
1 0.43828125 0.5203125 0.025 0.153125
6 0.228125 0.4640625 0.0625 0.159375
5 0.27734375 0.4828125 0.05859375 0.184375
0 0.4859375 0.5296875 0.05390625 0.20078125
4 0.328125 0.509375 0.04296875 0.16328125
3 0.3671875 0.5140625 0.046875 0.18046875
2 0.40703125 0.51328125 0.040625 0.190625
15 0.79375 0.36015625 0.053125 0.09453125
14 0.7859375 0.46953125 0.0609375 0.14921875
13 0.73828125 0.49296875 0.05859375 0.1765625
12 0.6875 0.50625 0.046875 0.18046875
11 0.65234375 0.52421875 0.0390625 0.184375
10 0.6109375 0.54375 0.0390625 0.153125
9 0.57890625 0.575 0.0296875 0.09453125
8 0.53515625 0.52578125 0.05078125 0.2078125