7 0.16328125 0.3828125 0.0703125 0.1484375
6 0.203125 0.4140625 0.06171875 0.16875
5 0.26796875 0.42109375 0.0734375 0.1953125
4 0.3203125 0.43984375 0.04375 0.1984375
3 0.36015625 0.45546875 0.04375 0.18359375
2 0.403125 0.43203125 0.0421875 0.2375
1 0.4453125 0.45546875 0.04609375 0.2171875
0 0.47890625 0.47109375 0.0421875 0.20234375
8 0.521875 0.4671875 0.03984375 0.2109375
9 0.56484375 0.43125 0.0375 0.253125
10 0.6 0.4203125 0.0359375 0.253125
11 0.63828125 0.41953125 0.03359375 0.23828125
12 0.6671875 0.4125 0.04296875 0.215625
13 0.721875 0.4046875 0.0609375 0.20078125
14 0.771875 0.40078125 0.05703125 0.18828125
15 0.80859375 0.38203125 0.06328125 0.1375
23 0.8234375 0.54765625 0.10078125 0.15
22 0.75078125 0.63671875 0.08203125 0.215625
21 0.68984375 0.65078125 0.0984375 0.2171875
20 0.62578125 0.66875 0.04609375 0.21953125
19 0.5875 0.66875 0.04375 0.20234375
18 0.56328125 0.6984375 0.06328125 0.225
17 0.51875 0.69140625 0.0296875 0.1859375
16 0.48828125 0.684375 0.0359375 0.1671875
24 0.46640625 0.68203125 0.025 0.1625
25 0.4390625 0.69609375 0.03359375 0.1984375
26 0.40234375 0.684375 0.04375 0.18828125
27 0.36640625 0.671875 0.0484375 0.2046875
28 0.33125 0.675 0.0484375 0.215625
29 0.27734375 0.659375 0.08828125 0.22265625
30 0.20078125 0.62734375 0.09453125 0.19609375
31 0.1421875 0.56953125 0.0984375 0.1859375