7 0.16796875 0.42578125 0.0625 0.15625
6 0.221875 0.434375 0.0640625 0.19375
5 0.2796875 0.4453125 0.05859375 0.21875
4 0.328125 0.44453125 0.0390625 0.2203125
3 0.3671875 0.440625 0.04296875 0.225
2 0.40703125 0.43671875 0.0453125 0.25625
1 0.453125 0.4671875 0.046875 0.1953125
0 0.490625 0.484375 0.04296875 0.1875
8 0.5328125 0.4796875 0.04296875 0.2015625
9 0.57421875 0.4625 0.03515625 0.21484375
10 0.6125 0.45390625 0.040625 0.225
11 0.65 0.44375 0.0390625 0.2109375
12 0.6890625 0.4421875 0.0390625 0.2125
13 0.7359375 0.44921875 0.05859375 0.19921875
14 0.79296875 0.4421875 0.0546875 0.18125
15 0.83671875 0.38984375 0.0484375 0.1625
31 0.1625 0.6265625 0.07421875 0.18359375
30 0.2296875 0.6578125 0.0875 0.2109375
29 0.29609375 0.6890625 0.0875 0.21875
28 0.353125 0.68125 0.046875 0.1953125
27 0.39375 0.6953125 0.040625 0.21875
26 0.42890625 0.6984375 0.040625 0.2171875
25 0.46953125 0.70390625 0.0375 0.2046875
24 0.49609375 0.70625 0.03125 0.19375
16 0.51875 0.7015625 0.021875 0.1796875
17 0.54765625 0.68046875 0.0296875 0.1578125
18 0.58515625 0.69921875 0.040625 0.21484375
19 0.61640625 0.6921875 0.040625 0.2171875
20 0.659375 0.675 0.053125 0.1890625
21 0.7171875 0.68671875 0.0859375 0.225
22 0.78203125 0.659375 0.0875 0.209375
23 0.84296875 0.63359375 0.071875 0.1859375