7 0.20234375 0.28984375 0.0640625 0.10234375
6 0.240625 0.36640625 0.08984375 0.2125
5 0.296875 0.38671875 0.05859375 0.21875
4 0.3453125 0.3890625 0.04296875 0.234375
3 0.3875 0.3890625 0.0484375 0.25390625
2 0.428125 0.3921875 0.046875 0.2734375
1 0.4734375 0.39921875 0.053125 0.271875
0 0.5 0.415625 0.0390625 0.26640625
8 0.5421875 0.41796875 0.040625 0.27734375
9 0.57734375 0.453125 0.025 0.203125
10 0.6140625 0.4453125 0.040625 0.203125
11 0.6484375 0.4375 0.0390625 0.1953125
12 0.6859375 0.41015625 0.03515625 0.2265625
13 0.7296875 0.403125 0.053125 0.2203125
14 0.778125 0.3875 0.0609375 0.19375
15 0.803125 0.32421875 0.05390625 0.09375
31 0.1421875 0.53515625 0.06640625 0.1328125
30 0.20390625 0.59375 0.103125 0.1953125
29 0.271875 0.64375 0.09765625 0.2171875
28 0.3328125 0.653125 0.05 0.2125
27 0.378125 0.6546875 0.053125 0.203125
26 0.4265625 0.66015625 0.0578125 0.1875
25 0.471875 0.653125 0.025 0.1421875
24 0.5015625 0.66015625 0.02734375 0.15234375
16 0.53125 0.6640625 0.01953125 0.16015625
17 0.55859375 0.6734375 0.02734375 0.16796875
18 0.59921875 0.6828125 0.05 0.196875
19 0.6296875 0.66875 0.0375 0.1703125
20 0.66484375 0.6578125 0.0375 0.17578125
21 0.72578125 0.653125 0.084375 0.2015625
22 0.7875 0.6109375 0.08984375 0.1953125
23 0.83515625 0.57421875 0.0609375 0.11328125