30 0.21171875 0.621875 0.103125 0.2171875
29 0.2828125 0.66015625 0.10546875 0.23046875
28 0.346875 0.67109375 0.071875 0.1890625
27 0.39140625 0.68515625 0.0640625 0.18046875
26 0.428125 0.7015625 0.0625 0.16796875
25 0.4765625 0.66328125 0.0390625 0.103125
24 0.50859375 0.6609375 0.0296875 0.0921875
16 0.54140625 0.6796875 0.03046875 0.08984375
17 0.571875 0.69140625 0.0390625 0.15625
18 0.61640625 0.70625 0.065625 0.178125
19 0.6484375 0.684375 0.05859375 0.1703125
20 0.684375 0.6796875 0.0609375 0.19140625
23 0.8703125 0.60859375 0.084375 0.1859375
22 0.80546875 0.6265625 0.0921875 0.22265625
21 0.740625 0.6640625 0.09375 0.21875
7 0.19609375 0.3125 0.05625 0.1875
6 0.2375 0.39765625 0.06875 0.196875
5 0.290625 0.4296875 0.05859375 0.1796875
14 0.78984375 0.3984375 0.05625 0.203125
4 0.34453125 0.43828125 0.0484375 0.2015625
13 0.740625 0.4234375 0.05859375 0.203125
3 0.3828125 0.446875 0.03359375 0.2078125
2 0.42890625 0.44453125 0.03359375 0.25
1 0.4765625 0.45625 0.03359375 0.2203125
0 0.51015625 0.45625 0.0265625 0.23828125
8 0.54921875 0.453125 0.03359375 0.25234375
9 0.58828125 0.45625 0.040625 0.25234375
10 0.62734375 0.45078125 0.0375 0.23828125
11 0.665625 0.44375 0.0390625 0.23828125
12 0.69375 0.44296875 0.04765625 0.21875
15 0.825 0.31171875 0.0453125 0.15
31 0.14375 0.6015625 0.0953125 0.1796875