23 0.81875 0.5046875 0.10078125 0.1515625
22 0.72890625 0.5421875 0.090625 0.21640625
21 0.65859375 0.56328125 0.06640625 0.2109375
20 0.60703125 0.58828125 0.04453125 0.22890625
31 0.19765625 0.4625 0.1046875 0.20703125
30 0.26015625 0.5296875 0.10078125 0.2046875
18 0.54453125 0.60234375 0.03671875 0.21171875
17 0.5203125 0.60546875 0.02421875 0.16953125
16 0.5015625 0.5890625 0.02265625 0.1609375
29 0.32421875 0.5390625 0.0671875 0.1828125
28 0.36875 0.57578125 0.05078125 0.22265625
27 0.40859375 0.58671875 0.05078125 0.209375
26 0.4390625 0.59921875 0.03828125 0.2140625
25 0.45703125 0.58515625 0.02578125 0.18984375
24 0.4796875 0.58828125 0.03125 0.19140625
7 0.23046875 0.3 0.06171875 0.17109375
6 0.27890625 0.321875 0.05234375 0.20390625
5 0.33046875 0.3265625 0.0625 0.21640625
15 0.76328125 0.321875 0.0703125 0.2203125
14 0.7140625 0.31953125 0.06015625 0.22265625
13 0.65703125 0.3296875 0.0546875 0.246875
12 0.6125 0.34453125 0.046875 0.2328125
11 0.5828125 0.36953125 0.03515625 0.221875
10 0.55390625 0.3484375 0.03046875 0.2765625
9 0.528125 0.3734375 0.03515625 0.2171875
8 0.5015625 0.36953125 0.0296875 0.1984375
4 0.36328125 0.321875 0.0484375 0.23984375
3 0.3921875 0.33828125 0.04140625 0.2484375
2 0.41875 0.340625 0.046875 0.2765625
1 0.44375 0.359375 0.04453125 0.23828125
0 0.46875 0.35859375 0.04609375 0.228125
19 0.5734375 0.596875 0.040625 0.21640625