7 0.2078125 0.31328125 0.05859375 0.12421875
6 0.240625 0.3859375 0.08828125 0.22421875
5 0.2828125 0.43203125 0.06015625 0.22109375
4 0.334375 0.44296875 0.0421875 0.2390625
3 0.37734375 0.4546875 0.0484375 0.246875
2 0.41484375 0.46484375 0.0421875 0.26328125
1 0.45078125 0.47421875 0.034375 0.24921875
0 0.48671875 0.4828125 0.03828125 0.2671875
8 0.528125 0.48671875 0.03984375 0.26328125
9 0.5640625 0.48671875 0.03203125 0.2265625
10 0.59921875 0.46796875 0.0421875 0.240625
11 0.63515625 0.45859375 0.0421875 0.22421875
12 0.675 0.44921875 0.0359375 0.20546875
13 0.72109375 0.434375 0.05625 0.17890625
14 0.76640625 0.37734375 0.0625 0.2046875
15 0.78828125 0.2890625 0.05859375 0.11640625
31 0.13671875 0.58359375 0.07265625 0.13046875
30 0.21015625 0.6125 0.10625 0.18046875
29 0.27890625 0.6734375 0.10078125 0.20703125
28 0.33671875 0.70859375 0.0703125 0.2046875
27 0.3921875 0.7171875 0.04609375 0.20078125
26 0.43046875 0.72890625 0.03828125 0.20078125
25 0.4625 0.72421875 0.03046875 0.1703125
24 0.49140625 0.72265625 0.02890625 0.15625
16 0.5171875 0.72578125 0.02578125 0.15546875
17 0.5453125 0.72109375 0.03046875 0.1765625
18 0.5796875 0.721875 0.034375 0.21484375
19 0.6171875 0.703125 0.05 0.19140625
20 0.665625 0.69140625 0.06640625 0.20703125
21 0.721875 0.65234375 0.090625 0.20078125
22 0.78515625 0.590625 0.10078125 0.1765625
23 0.84609375 0.55390625 0.06640625 0.128125