6 0.19375 0.3515625 0.0734375 0.2265625
5 0.26796875 0.33671875 0.09375 0.21796875
14 0.70390625 0.35 0.05546875 0.18828125
2 0.3671875 0.390625 0.06015625 0.20078125
0 0.42890625 0.40703125 0.05 0.22578125
8 0.4703125 0.42265625 0.046875 0.23515625
9 0.50859375 0.409375 0.0421875 0.2078125
10 0.54140625 0.378125 0.03828125 0.2703125
11 0.57421875 0.396875 0.040625 0.2046875
23 0.74609375 0.52421875 0.11328125 0.1328125
16 0.4703125 0.62578125 0.0328125 0.1578125
17 0.49921875 0.6296875 0.0328125 0.17578125
18 0.5296875 0.6328125 0.05234375 0.21171875
24 0.44296875 0.61796875 0.02734375 0.1859375
25 0.42265625 0.61953125 0.034375 0.18203125
26 0.390625 0.6234375 0.04375 0.2140625
27 0.34921875 0.6171875 0.0484375 0.20234375