7 0.19609375 0.25234375 0.07421875 0.1515625
6 0.215625 0.33671875 0.078125 0.19609375
5 0.26875 0.35625 0.06796875 0.23359375
4 0.3265625 0.37578125 0.04609375 0.2046875
3 0.359375 0.3828125 0.04453125 0.2265625
2 0.40234375 0.38984375 0.04609375 0.25390625
1 0.44375 0.4078125 0.03984375 0.20859375
0 0.4796875 0.40703125 0.04453125 0.24765625
8 0.521875 0.409375 0.0359375 0.25234375
9 0.5671875 0.40390625 0.03828125 0.24921875
10 0.6078125 0.409375 0.0421875 0.25625
11 0.64921875 0.41640625 0.0421875 0.2109375
12 0.68671875 0.39609375 0.04453125 0.21796875
13 0.73671875 0.37265625 0.06015625 0.228125
14 0.7921875 0.36015625 0.05859375 0.19375
15 0.8125 0.28046875 0.0703125 0.13515625
23 0.8546875 0.5515625 0.090625 0.11953125
22 0.78046875 0.60703125 0.0703125 0.2140625
21 0.7171875 0.634375 0.08046875 0.215625
20 0.66484375 0.6484375 0.05625 0.19609375
19 0.62265625 0.653125 0.04453125 0.19375
18 0.59453125 0.6765625 0.0484375 0.215625
17 0.55625 0.646875 0.03203125 0.18203125
16 0.525 0.6390625 0.03046875 0.2015625
24 0.4984375 0.6421875 0.03125 0.1796875
25 0.475 0.64140625 0.03828125 0.17734375
26 0.42734375 0.66796875 0.06015625 0.228125
27 0.39765625 0.65078125 0.05234375 0.23828125
28 0.35546875 0.63515625 0.0484375 0.21796875
30 0.228125 0.5828125 0.11484375 0.19375
31 0.16484375 0.5296875 0.0921875 0.1515625