7 0.215625 0.26484375 0.09140625 0.1109375
6 0.22578125 0.353125 0.065625 0.15859375
5 0.275 0.403125 0.0765625 0.2125
4 0.33125 0.4453125 0.0515625 0.15625
3 0.3796875 0.44765625 0.05390625 0.1734375
2 0.42109375 0.36015625 0.05390625 0.26875
1 0.4640625 0.46015625 0.04765625 0.2109375
0 0.49921875 0.45 0.04765625 0.27734375
8 0.55625 0.4390625 0.05 0.29375
9 0.59453125 0.459375 0.0515625 0.2046875
10 0.63046875 0.40078125 0.05 0.2953125
11 0.675 0.4203125 0.0515625 0.22265625
12 0.72109375 0.4203125 0.04765625 0.18984375
13 0.775 0.41015625 0.0765625 0.2109375
14 0.81953125 0.328125 0.075 0.17421875
15 0.83828125 0.24453125 0.0828125 0.1109375
23 0.87890625 0.55078125 0.0640625 0.1390625
22 0.83203125 0.61796875 0.10390625 0.19375
21 0.75703125 0.6796875 0.11171875 0.23125
20 0.6921875 0.69375 0.08125 0.19609375
19 0.64609375 0.7265625 0.04765625 0.1921875
18 0.6015625 0.72578125 0.04140625 0.21875
17 0.5671875 0.7078125 0.03515625 0.1875
16 0.5375 0.70625 0.028125 0.18359375
24 0.5203125 0.7078125 0.021875 0.1921875
25 0.490625 0.70703125 0.0390625 0.19375
26 0.4578125 0.73203125 0.04765625 0.2109375
27 0.415625 0.71015625 0.05625 0.1921875
28 0.37890625 0.68828125 0.07265625 0.1984375
29 0.31328125 0.6828125 0.10390625 0.22890625
30 0.23125 0.6125 0.11015625 0.1921875
31 0.18125 0.53984375 0.0640625 0.15078125