6 0.2375 0.3859375 0.05625 0.1828125
3 0.36796875 0.42265625 0.0609375 0.21953125
2 0.4078125 0.4328125 0.04296875 0.228125
1 0.4453125 0.46640625 0.03515625 0.1828125
0 0.4828125 0.475 0.04296875 0.1921875
8 0.52734375 0.47734375 0.04296875 0.19609375
9 0.56875 0.471875 0.0390625 0.175
10 0.61015625 0.440625 0.040625 0.20625
12 0.6734375 0.4234375 0.0390625 0.20625
14 0.7765625 0.38984375 0.06875 0.1671875
22 0.78125 0.584375 0.08984375 0.17265625
21 0.70625 0.60390625 0.071875 0.16875
20 0.6609375 0.6578125 0.05625 0.18671875
19 0.6171875 0.66328125 0.04296875 0.1984375
18 0.58125 0.68046875 0.0375 0.21171875
17 0.54765625 0.66953125 0.0296875 0.16328125
16 0.521875 0.675 0.02734375 0.159375
24 0.496875 0.66328125 0.02265625 0.1359375
25 0.4734375 0.6765625 0.0265625 0.17265625
26 0.43828125 0.66875 0.0375 0.17265625
27 0.3984375 0.66171875 0.0390625 0.175
28 0.359375 0.64609375 0.0546875 0.159375
30 0.24140625 0.5640625 0.084375 0.1359375