31 0.134375 0.65625 0.07421875 0.1390625
30 0.19609375 0.696875 0.10390625 0.2109375
29 0.26484375 0.75078125 0.1015625 0.2296875
28 0.328125 0.76640625 0.05546875 0.2359375
27 0.37109375 0.775 0.0421875 0.265625
26 0.4109375 0.775 0.0421875 0.29140625
23 0.815625 0.6296875 0.08046875 0.1453125
22 0.75859375 0.6921875 0.09765625 0.20625
21 0.69140625 0.740625 0.08671875 0.21953125
20 0.62890625 0.76640625 0.0421875 0.24453125
19 0.59140625 0.77265625 0.03828125 0.265625
18 0.55703125 0.7609375 0.03359375 0.25078125
17 0.5234375 0.74296875 0.02578125 0.2109375
16 0.49609375 0.73671875 0.0203125 0.18984375
24 0.46953125 0.7421875 0.02734375 0.2046875
25 0.4484375 0.74453125 0.0359375 0.21328125
15 0.75078125 0.396875 0.09140625 0.13203125
14 0.7328125 0.4953125 0.05546875 0.16015625
13 0.675 0.50078125 0.05703125 0.19296875
12 0.625 0.49765625 0.03828125 0.2109375
11 0.5953125 0.490625 0.0296875 0.21953125
10 0.55859375 0.48984375 0.0359375 0.22109375
9 0.52421875 0.49453125 0.03203125 0.22109375
8 0.4890625 0.5046875 0.03828125 0.2
0 0.44921875 0.49765625 0.03828125 0.228125
1 0.415625 0.49921875 0.0296875 0.20234375
2 0.371875 0.46171875 0.05703125 0.28671875
3 0.3484375 0.46875 0.04453125 0.2765625
7 0.18828125 0.37890625 0.09296875 0.1515625
6 0.20625 0.49296875 0.05625 0.1515625
5 0.2640625 0.4953125 0.06171875 0.18125
4 0.315625 0.46171875 0.0421875 0.27890625