6 0.1796875 0.31015625 0.0671875 0.19921875
5 0.2421875 0.325 0.05859375 0.22734375
4 0.3015625 0.32734375 0.06015625 0.25859375
3 0.34140625 0.33828125 0.04921875 0.25078125
2 0.3765625 0.346875 0.05234375 0.2890625
1 0.41875 0.3625 0.05234375 0.26171875
0 0.46640625 0.38828125 0.053125 0.23359375
8 0.51484375 0.384375 0.05390625 0.2421875
9 0.5515625 0.375 0.04375 0.23671875
10 0.59609375 0.3625 0.05 0.27890625
11 0.63515625 0.37109375 0.05234375 0.22890625
12 0.6734375 0.36015625 0.05 0.23984375
13 0.7265625 0.34296875 0.0734375 0.21796875
14 0.77578125 0.30859375 0.075 0.203125
30 0.17265625 0.5484375 0.10703125 0.2
29 0.23984375 0.6125 0.1 0.24921875
28 0.296875 0.634375 0.03515625 0.17578125
27 0.3484375 0.6546875 0.04609375 0.275
26 0.39609375 0.65 0.05390625 0.2703125
25 0.4359375 0.653125 0.04140625 0.26796875
24 0.4625 0.6390625 0.028125 0.23203125
16 0.48984375 0.61875 0.03359375 0.190625
17 0.51328125 0.62890625 0.05390625 0.21171875
18 0.55546875 0.65546875 0.0484375 0.2765625
19 0.6 0.63359375 0.0453125 0.2203125
21 0.7 0.634375 0.103125 0.2421875
22 0.76953125 0.5640625 0.109375 0.1984375