7 0.2734375 0.371875 0.07421875 0.14140625
6 0.30625 0.46015625 0.07421875 0.190625
5 0.365625 0.5078125 0.05859375 0.11875
3 0.41484375 0.40078125 0.0640625 0.15703125
21 0.44375 0.34140625 0.0734375 0.18203125
1 0.4828125 0.4546875 0.05078125 0.20234375
0 0.51484375 0.4671875 0.0484375 0.215625
8 0.553125 0.47421875 0.04296875 0.221875
9 0.590625 0.4984375 0.0328125 0.1765625
10 0.63125 0.37265625 0.0625 0.16953125
11 0.66015625 0.440625 0.05859375 0.1203125
13 0.6890625 0.5359375 0.04296875 0.08671875
14 0.73828125 0.46328125 0.05859375 0.19609375
15 0.76484375 0.384375 0.0609375 0.1359375
31 0.23515625 0.66875 0.071875 0.1390625
30 0.30390625 0.6734375 0.103125 0.21015625
26 0.465625 0.78203125 0.053125 0.16484375
25 0.49609375 0.7125 0.03125 0.23359375
24 0.52421875 0.7125 0.021875 0.19453125
16 0.54609375 0.70625 0.025 0.1984375
17 0.56953125 0.69609375 0.0296875 0.18828125
18 0.60234375 0.81328125 0.040625 0.2
22 0.7328125 0.68125 0.09765625 0.21796875
23 0.790625 0.675 0.0625 0.13203125
4 0.37109375 0.3921875 0.0515625 0.11328125
12 0.68984375 0.45078125 0.03359375 0.12109375
21 0.6734375 0.66015625 0.05859375 0.11328125
20 0.62890625 0.665625 0.04296875 0.1015625
19 0.59765625 0.659375 0.0234375 0.1046875
29 0.371875 0.6609375 0.06875 0.13125
28 0.425 0.65546875 0.0453125 0.1125
27 0.4609375 0.6453125 0.0296875 0.1