5 0.2609375 0.38671875 0.07421875 0.22890625
3 0.34609375 0.3875 0.04609375 0.23125
2 0.38359375 0.390625 0.04609375 0.2703125
1 0.42421875 0.42109375 0.0421875 0.2265625
0 0.47265625 0.39296875 0.04609375 0.275
8 0.5203125 0.39609375 0.05703125 0.24765625
9 0.5640625 0.390625 0.053125 0.240625
10 0.60859375 0.3625 0.0484375 0.2859375
11 0.6453125 0.36875 0.06328125 0.23125
14 0.74453125 0.32421875 0.08203125 0.22265625
22 0.7984375 0.48984375 0.103125 0.190625
21 0.75390625 0.5765625 0.12421875 0.19921875
20 0.67578125 0.62265625 0.0609375 0.2203125
19 0.63046875 0.6421875 0.04609375 0.2203125
18 0.58984375 0.675 0.053125 0.24921875
17 0.54609375 0.65 0.03359375 0.190625
16 0.5171875 0.64296875 0.03359375 0.171875
24 0.48671875 0.63984375 0.0390625 0.16953125
25 0.46484375 0.66015625 0.04453125 0.21015625
26 0.42265625 0.64765625 0.0484375 0.1984375
27 0.3734375 0.640625 0.05078125 0.19296875
28 0.328125 0.63203125 0.0484375 0.22265625