31 0.18359375 0.578125 0.09296875 0.184375
30 0.25390625 0.61875 0.084375 0.2046875
29 0.32578125 0.6203125 0.0984375 0.1921875
27 0.4125 0.62578125 0.04609375 0.1984375
26 0.4546875 0.62890625 0.0421875 0.2046875
25 0.4921875 0.62109375 0.03203125 0.1625
24 0.52421875 0.62109375 0.028125 0.15
16 0.553125 0.62421875 0.0265625 0.15234375
17 0.58359375 0.63125 0.03046875 0.165625
18 0.62578125 0.6453125 0.04609375 0.1984375
19 0.6625 0.640625 0.03828125 0.18828125
21 0.72890625 0.646875 0.08671875 0.196875
22 0.79453125 0.6234375 0.08046875 0.1984375
23 0.8640625 0.57734375 0.08671875 0.17421875
7 0.184375 0.4171875 0.0546875 0.128125
6 0.24296875 0.41875 0.0625 0.1640625
5 0.31015625 0.4296875 0.0765625 0.18125
13 0.73359375 0.45 0.07265625 0.1984375
14 0.79453125 0.43125 0.05625 0.17265625
15 0.85078125 0.4265625 0.05625 0.128125
3 0.37734375 0.40234375 0.04453125 0.21171875
2 0.4234375 0.40234375 0.04453125 0.2328125
1 0.46875 0.41484375 0.034375 0.20078125
0 0.509375 0.41953125 0.0421875 0.20546875
8 0.553125 0.41796875 0.0421875 0.2109375
9 0.59453125 0.42421875 0.0359375 0.19453125
10 0.64140625 0.41953125 0.05625 0.2109375
11 0.6703125 0.42890625 0.03828125 0.20078125