7 0.2234375 0.25859375 0.06484375 0.14296875
31 0.2 0.55625 0.08046875 0.140625
29 0.3 0.640625 0.09609375 0.2296875
28 0.3671875 0.65859375 0.053125 0.2234375
27 0.40546875 0.6734375 0.046875 0.2296875
26 0.44453125 0.66171875 0.046875 0.2171875
25 0.48203125 0.66484375 0.03515625 0.184375
24 0.50625 0.66484375 0.0265625 0.18828125
16 0.53359375 0.6734375 0.0234375 0.19375
17 0.5609375 0.6875 0.03125 0.21328125
18 0.60078125 0.703125 0.046875 0.253125
19 0.63125 0.6921875 0.04140625 0.21171875
20 0.67734375 0.6875 0.0515625 0.2171875
21 0.7390625 0.67578125 0.0921875 0.23359375
22 0.79453125 0.6359375 0.08046875 0.21328125
23 0.8421875 0.5765625 0.06328125 0.125
6 0.2453125 0.34609375 0.08046875 0.25078125
5 0.2890625 0.39453125 0.06328125 0.18671875
4 0.34375 0.39140625 0.04921875 0.22734375
3 0.38125 0.3875 0.04140625 0.25078125
2 0.42109375 0.4109375 0.04296875 0.23125
1 0.4609375 0.41328125 0.04296875 0.246875
0 0.496875 0.42421875 0.0453125 0.25390625
8 0.5390625 0.4328125 0.0390625 0.23984375
9 0.5765625 0.41953125 0.03515625 0.25703125
10 0.6109375 0.40234375 0.03359375 0.28046875
11 0.6453125 0.415625 0.04296875 0.2375
12 0.69375 0.4140625 0.04921875 0.22578125
13 0.7421875 0.4015625 0.05546875 0.23984375
14 0.78671875 0.38828125 0.06875 0.20546875
15 0.79296875 0.26796875 0.075 0.1703125