31 0.20703125 0.57734375 0.0734375 0.16640625
30 0.25859375 0.6171875 0.0734375 0.1703125
29 0.31640625 0.63828125 0.07734375 0.184375
28 0.37109375 0.6515625 0.04375 0.19609375
27 0.40390625 0.659375 0.0453125 0.19609375
23 0.82578125 0.56953125 0.09140625 0.146875
22 0.75625 0.6140625 0.06328125 0.18046875
21 0.70703125 0.62890625 0.0859375 0.190625
20 0.6546875 0.6515625 0.059375 0.18828125
19 0.61875 0.665625 0.0515625 0.20078125
18 0.584375 0.6625 0.03359375 0.21015625
26 0.43828125 0.65859375 0.0359375 0.18671875
7 0.209375 0.421875 0.04921875 0.15703125
6 0.25625 0.434375 0.04375 0.18671875
5 0.30625 0.4453125 0.05390625 0.19609375
15 0.7984375 0.42578125 0.06171875 0.1484375
14 0.75 0.4359375 0.0515625 0.17578125
4 0.35 0.440625 0.03359375 0.20234375
3 0.38359375 0.4453125 0.0296875 0.19609375
2 0.41484375 0.42734375 0.0359375 0.228125
13 0.7015625 0.434375 0.05390625 0.18671875
12 0.6546875 0.4375 0.0359375 0.20078125
11 0.62265625 0.43359375 0.0359375 0.2125
10 0.5890625 0.4296875 0.0359375 0.2203125
9 0.55625 0.43828125 0.0296875 0.190625
17 0.5484375 0.6484375 0.03359375 0.1703125
1 0.4453125 0.440625 0.0265625 0.17421875
8 0.5171875 0.43671875 0.0453125 0.2109375
0 0.48046875 0.43828125 0.03984375 0.21015625
25 0.47109375 0.63984375 0.0296875 0.14453125
16 0.52109375 0.64453125 0.028125 0.16015625
24 0.49765625 0.65546875 0.0203125 0.140625