30 0.153125 0.5390625 0.121875 0.19609375
28 0.28125 0.57265625 0.04609375 0.209375
27 0.32578125 0.565625 0.0421875 0.20703125
26 0.36328125 0.56640625 0.03359375 0.221875
25 0.39921875 0.56953125 0.0296875 0.215625
24 0.43203125 0.57734375 0.0234375 0.21328125
16 0.4578125 0.5828125 0.025 0.2078125
17 0.48515625 0.5921875 0.0296875 0.22578125
18 0.5171875 0.6109375 0.03359375 0.246875
19 0.55390625 0.61953125 0.0359375 0.22578125
20 0.5921875 0.6328125 0.04609375 0.21953125
22 0.7671875 0.6140625 0.14296875 0.215625