30 0.240625 0.50703125 0.11328125 0.13984375
22 0.778125 0.52265625 0.084375 0.1265625
28 0.3359375 0.59921875 0.0546875 0.23359375
27 0.38671875 0.61796875 0.04296875 0.246875
26 0.43046875 0.6046875 0.040625 0.22578125
25 0.46796875 0.59609375 0.0328125 0.17265625
24 0.5 0.6 0.02734375 0.1453125
16 0.5234375 0.6 0.02734375 0.153125
17 0.5515625 0.60390625 0.0296875 0.18828125
18 0.5859375 0.6078125 0.03515625 0.2109375
19 0.63203125 0.6125 0.0484375 0.21015625
20 0.6796875 0.6 0.05078125 0.2234375
6 0.2359375 0.31328125 0.0546875 0.2
5 0.2921875 0.35390625 0.06875 0.1921875
4 0.33671875 0.3703125 0.040625 0.1828125
3 0.378125 0.36484375 0.0609375 0.20234375
2 0.415625 0.36015625 0.04296875 0.246875
1 0.453125 0.3671875 0.0390625 0.25
0 0.4921875 0.37421875 0.0390625 0.228125
8 0.53125 0.3859375 0.03515625 0.21796875
9 0.56953125 0.36015625 0.0375 0.2515625
10 0.609375 0.35078125 0.04296875 0.253125
11 0.653125 0.3609375 0.0375 0.22578125
12 0.6859375 0.36171875 0.046875 0.18046875
14 0.790625 0.32890625 0.0625 0.1921875
13 0.73046875 0.334375 0.06640625 0.24296875