7 0.22578125 0.321875 0.07265625 0.12265625
6 0.25 0.40546875 0.0765625 0.21796875
5 0.309375 0.43125 0.0703125 0.209375
4 0.3703125 0.42421875 0.05859375 0.215625
3 0.40625 0.434375 0.0421875 0.21171875
2 0.446875 0.4109375 0.0625 0.22578125
1 0.48203125 0.46953125 0.05234375 0.17421875
0 0.51171875 0.47578125 0.0484375 0.18984375
8 0.54765625 0.478125 0.0421875 0.18984375
9 0.5875 0.48125 0.034375 0.1703125
10 0.6296875 0.4375 0.04609375 0.23359375
11 0.665625 0.44453125 0.0484375 0.2359375
12 0.7078125 0.44765625 0.0359375 0.209375
13 0.75625 0.43515625 0.06015625 0.21796875
14 0.796875 0.4125 0.0765625 0.1859375
15 0.821875 0.31875 0.06640625 0.1046875
31 0.14921875 0.6046875 0.07265625 0.12890625
30 0.21640625 0.63203125 0.08671875 0.20390625
29 0.275 0.6765625 0.1109375 0.23203125
28 0.34296875 0.696875 0.06484375 0.215625
27 0.39609375 0.70859375 0.0546875 0.21953125
26 0.44140625 0.721875 0.05625 0.2578125
25 0.48359375 0.68359375 0.03203125 0.16953125
24 0.51328125 0.684375 0.025 0.17578125
16 0.54140625 0.68515625 0.0265625 0.17421875
17 0.571875 0.69140625 0.03046875 0.18125
18 0.6171875 0.72109375 0.05625 0.228125
19 0.65078125 0.70390625 0.0515625 0.209375
20 0.6953125 0.70234375 0.0515625 0.2078125
21 0.7578125 0.68515625 0.09296875 0.221875
22 0.81640625 0.64140625 0.08046875 0.209375
23 0.87109375 0.61875 0.06484375 0.12109375