7 0.20546875 0.434375 0.05078125 0.19921875
6 0.25390625 0.46171875 0.05078125 0.21171875
5 0.30546875 0.47421875 0.059375 0.22421875
3 0.3515625 0.49453125 0.03828125 0.20546875
2 0.3875 0.49609375 0.03828125 0.22890625
1 0.4234375 0.50546875 0.03359375 0.22265625
0 0.46328125 0.503125 0.040625 0.24375
8 0.50625 0.50625 0.0421875 0.2328125
9 0.54453125 0.496875 0.03828125 0.22265625
10 0.5859375 0.4875 0.040625 0.21640625
11 0.62265625 0.4828125 0.0421875 0.2078125
13 0.66953125 0.45859375 0.05546875 0.2265625
14 0.7234375 0.4546875 0.053125 0.19296875
15 0.77421875 0.40390625 0.053125 0.23515625
31 0.1703125 0.62578125 0.0828125 0.184375
30 0.2265625 0.67890625 0.0890625 0.2015625
29 0.28671875 0.70859375 0.09921875 0.19296875
28 0.35 0.73125 0.0453125 0.203125
27 0.38671875 0.7390625 0.040625 0.19453125
26 0.421875 0.73203125 0.03359375 0.1671875
25 0.4546875 0.740625 0.02734375 0.13671875
24 0.48203125 0.728125 0.03203125 0.15390625
16 0.5109375 0.7375 0.03671875 0.1734375
17 0.53828125 0.734375 0.03828125 0.1703125
18 0.5765625 0.740625 0.059375 0.196875
19 0.61015625 0.7296875 0.05546875 0.196875
20 0.65 0.7171875 0.05859375 0.19296875
21 0.69921875 0.7015625 0.0890625 0.203125
22 0.75390625 0.65703125 0.07109375 0.178125
23 0.81328125 0.59921875 0.08046875 0.1609375