7 0.225 0.3703125 0.0671875 0.22890625
6 0.28984375 0.37734375 0.07265625 0.2390625
4 0.36953125 0.3984375 0.053125 0.25625
3 0.40546875 0.39296875 0.05078125 0.2625
2 0.43828125 0.40859375 0.0546875 0.2484375
1 0.47734375 0.4171875 0.040625 0.240625
0 0.515625 0.440625 0.05546875 0.23359375
8 0.559375 0.44296875 0.04765625 0.23359375
9 0.59609375 0.43828125 0.05078125 0.2328125
10 0.6375 0.4140625 0.05078125 0.2875
11 0.67578125 0.4109375 0.04765625 0.28125
12 0.70703125 0.4171875 0.04453125 0.26484375
13 0.7453125 0.42578125 0.06171875 0.26484375
14 0.796875 0.40625 0.06171875 0.2265625
15 0.83984375 0.37109375 0.05546875 0.2015625
31 0.1921875 0.6203125 0.1421875 0.19375
29 0.3125 0.71640625 0.10078125 0.2703125
28 0.3765625 0.71484375 0.05546875 0.25390625
27 0.4203125 0.7078125 0.04765625 0.27421875
26 0.4609375 0.70859375 0.05859375 0.26640625
25 0.49296875 0.68203125 0.04765625 0.20625
24 0.51953125 0.6828125 0.03828125 0.21171875
16 0.54765625 0.66953125 0.028125 0.19765625
17 0.5765625 0.69921875 0.04453125 0.23203125
18 0.60546875 0.70078125 0.03984375 0.25546875
19 0.6390625 0.6984375 0.04140625 0.27109375
20 0.6796875 0.70390625 0.05625 0.265625
23 0.85703125 0.6296875 0.1109375 0.184375