7 0.215625 0.2734375 0.06015625 0.1609375
6 0.25234375 0.37890625 0.0734375 0.1703125
5 0.29765625 0.4046875 0.05390625 0.1859375
4 0.34140625 0.409375 0.05546875 0.2109375
3 0.37734375 0.4234375 0.04921875 0.1984375
2 0.40703125 0.409375 0.0421875 0.26015625
1 0.4359375 0.42890625 0.034375 0.2265625
0 0.4828125 0.43046875 0.03515625 0.26640625
8 0.51875 0.4234375 0.04453125 0.26015625
9 0.55703125 0.42421875 0.04453125 0.2203125
10 0.5890625 0.41796875 0.0453125 0.2578125
11 0.6125 0.4265625 0.040625 0.20859375
12 0.65703125 0.41953125 0.05078125 0.21015625
13 0.6953125 0.4296875 0.06953125 0.17890625
14 0.75078125 0.40078125 0.0625 0.16875
15 0.78203125 0.3015625 0.059375 0.15078125
31 0.1734375 0.53671875 0.0921875 0.1625
30 0.2265625 0.57578125 0.1078125 0.16328125
28 0.3140625 0.6546875 0.05390625 0.2109375
27 0.36328125 0.66171875 0.05390625 0.21640625
26 0.4125 0.66953125 0.0375 0.21171875
25 0.4484375 0.64921875 0.0390625 0.16328125
24 0.475 0.65078125 0.03125 0.1703125
16 0.50234375 0.6578125 0.028125 0.17578125
17 0.5296875 0.6578125 0.0296875 0.16640625
18 0.5640625 0.6765625 0.0453125 0.23359375
19 0.6140625 0.68515625 0.0546875 0.23359375
20 0.66171875 0.67890625 0.0640625 0.21796875
22 0.74921875 0.615625 0.12109375 0.18125
23 0.79921875 0.5765625 0.09375 0.16484375