31 0.2125 0.534375 0.09765625 0.1515625
30 0.2609375 0.5890625 0.103125 0.175
27 0.39375 0.62421875 0.0328125 0.1984375
26 0.425 0.63515625 0.0328125 0.20390625
25 0.45390625 0.61875 0.025 0.16328125
24 0.48125 0.62578125 0.021875 0.16484375
16 0.50625 0.6234375 0.01953125 0.1609375
17 0.53125 0.63203125 0.02734375 0.17890625
18 0.56328125 0.65078125 0.0375 0.2234375
19 0.5921875 0.6453125 0.03515625 0.2234375
22 0.6984375 0.596875 0.0765625 0.1828125
23 0.740625 0.5328125 0.05859375 0.128125
7 0.253125 0.3609375 0.0609375 0.1796875
5 0.32890625 0.39140625 0.0640625 0.2078125
4 0.375 0.3859375 0.046875 0.21015625
2 0.425 0.40390625 0.040625 0.190625
1 0.4515625 0.4234375 0.03125 0.17578125
0 0.48125 0.40859375 0.0328125 0.20390625
8 0.51875 0.425 0.0375 0.1828125
9 0.55078125 0.41796875 0.02734375 0.19140625
10 0.578125 0.3921875 0.03515625 0.23046875
14 0.728125 0.3625 0.05078125 0.178125
13 0.68046875 0.3859375 0.053125 0.18125
12 0.64140625 0.38984375 0.0328125 0.18125