0 0.49921875 0.49375 0.0421875 0.2109375
1 0.4640625 0.4640625 0.05234375 0.17265625
2 0.425 0.3328125 0.065625 0.15703125
3 0.4078125 0.43046875 0.05625 0.125
5 0.35703125 0.51015625 0.0578125 0.1171875
6 0.3046875 0.46640625 0.06875 0.17734375
7 0.27109375 0.38984375 0.0578125 0.1109375
8 0.5421875 0.4828125 0.03984375 0.140625
9 0.5796875 0.4578125 0.0359375 0.175
10 0.6203125 0.390625 0.05234375 0.125
11 0.6359375 0.48515625 0.04765625 0.09921875
12 0.67578125 0.4671875 0.05234375 0.09921875
13 0.73203125 0.50546875 0.06796875 0.17890625
15 0.76484375 0.4375 0.06171875 0.10703125
31 0.228125 0.66171875 0.06796875 0.11484375
30 0.2953125 0.66640625 0.08984375 0.16875
29 0.359375 0.70078125 0.078125 0.1890625
28 0.415625 0.68046875 0.04765625 0.1171875
26 0.4171875 0.84140625 0.0703125 0.14296875
25 0.471875 0.74921875 0.04375 0.1578125
24 0.50390625 0.69921875 0.028125 0.18671875
16 0.5328125 0.69765625 0.0296875 0.1828125
17 0.55703125 0.75234375 0.03828125 0.12890625
18 0.59921875 0.86875 0.065625 0.1453125
21 0.67421875 0.6984375 0.07578125 0.125
22 0.73203125 0.7015625 0.09609375 0.1671875
23 0.80703125 0.71484375 0.065625 0.1140625
4 0.3640625 0.3828125 0.040625 0.10703125
13 0.675 0.55703125 0.0546875 0.1015625
20 0.615625 0.70234375 0.05234375 0.1046875
19 0.58125 0.715625 0.034375 0.1546875
27 0.453125 0.68125 0.03046875 0.1515625