7 0.25625 0.41015625 0.0578125 0.12890625
6 0.29765625 0.51328125 0.06171875 0.18359375
4 0.36953125 0.53203125 0.0421875 0.2125
3 0.4015625 0.54375 0.0484375 0.1953125
2 0.4390625 0.546875 0.03984375 0.20546875
15 0.77578125 0.44296875 0.04609375 0.16015625
14 0.7375 0.5171875 0.059375 0.17890625
12 0.68125 0.5453125 0.04140625 0.20234375
11 0.64453125 0.54921875 0.03828125 0.19375
10 0.61171875 0.54921875 0.03515625 0.2109375
30 0.246875 0.6578125 0.09375 0.1609375
29 0.30546875 0.71640625 0.10078125 0.21953125
28 0.35625 0.73984375 0.07890625 0.20390625
27 0.41015625 0.75 0.0484375 0.203125
26 0.44765625 0.7421875 0.03984375 0.2328125
25 0.47890625 0.73125 0.03671875 0.17421875
23 0.853125 0.61875 0.07578125 0.15390625
22 0.7984375 0.6484375 0.1078125 0.1546875
20 0.703125 0.7359375 0.0515625 0.2
19 0.65546875 0.73671875 0.05078125 0.19765625
18 0.62265625 0.74140625 0.03984375 0.1984375
17 0.5828125 0.74296875 0.0390625 0.2015625