7 0.18984375 0.4078125 0.0671875 0.1828125
6 0.25234375 0.42265625 0.0609375 0.24140625
5 0.3109375 0.40703125 0.07734375 0.1890625
4 0.3609375 0.40078125 0.05859375 0.20859375
3 0.4046875 0.421875 0.06328125 0.2546875
15 0.8953125 0.40703125 0.053125 0.2015625
14 0.84140625 0.4109375 0.05078125 0.23515625
13 0.7859375 0.41796875 0.0609375 0.25703125
12 0.7375 0.4328125 0.0359375 0.2203125
10 0.66328125 0.41796875 0.0515625 0.25625
9 0.62421875 0.40703125 0.0453125 0.234375
8 0.58046875 0.421875 0.0546875 0.21796875
2 0.44765625 0.4296875 0.0640625 0.23515625
1 0.49140625 0.41015625 0.05234375 0.25546875
0 0.5328125 0.42265625 0.05234375 0.21171875
31 0.16953125 0.5890625 0.09921875 0.19921875
30 0.246875 0.64921875 0.08828125 0.21796875
29 0.31953125 0.66484375 0.0953125 0.25
27 0.428125 0.65859375 0.05078125 0.21484375
23 0.89765625 0.58359375 0.07421875 0.17109375
21 0.78828125 0.65234375 0.078125 0.19140625
20 0.73125 0.678125 0.053125 0.25859375
19 0.6890625 0.65703125 0.03984375 0.21171875
18 0.659375 0.6796875 0.05703125 0.265625
17 0.6140625 0.66328125 0.04609375 0.2078125
16 0.584375 0.66484375 0.05078125 0.1734375
26 0.46875 0.68984375 0.0671875 0.265625
25 0.51953125 0.66953125 0.06328125 0.225
24 0.55 0.675 0.0484375 0.221875
11 0.70390625 0.4265625 0.05234375 0.24140625
22 0.8359375 0.6359375 0.07109375 0.190625
28 0.3796875 0.67421875 0.0546875 0.23515625