6 0.19453125 0.28359375 0.07109375 0.19375
5 0.2578125 0.3234375 0.06953125 0.209375
4 0.31953125 0.33984375 0.05390625 0.22734375
2 0.409375 0.3453125 0.05546875 0.27734375
1 0.45859375 0.36484375 0.0515625 0.225
0 0.5 0.36953125 0.0421875 0.2421875
8 0.54921875 0.37578125 0.05390625 0.23515625
9 0.58984375 0.3671875 0.04375 0.24921875
10 0.62734375 0.35 0.04375 0.2671875
11 0.66328125 0.32265625 0.04609375 0.2078125
12 0.70078125 0.3484375 0.05234375 0.2109375
13 0.74921875 0.36015625 0.05390625 0.1484375
14 0.8 0.30078125 0.04765625 0.14765625
15 0.853125 0.30625 0.05859375 0.18671875
3 0.3640625 0.31875 0.04453125 0.15234375
31 0.1796875 0.4703125 0.1203125 0.1859375
30 0.2421875 0.52890625 0.134375 0.1765625
28 0.34140625 0.578125 0.0546875 0.21875
27 0.3875 0.58671875 0.04453125 0.22890625
26 0.4234375 0.609375 0.0453125 0.234375
25 0.46640625 0.6 0.03515625 0.190625
24 0.4984375 0.60390625 0.03515625 0.1953125
16 0.52578125 0.61171875 0.03671875 0.16015625
17 0.559375 0.60390625 0.04296875 0.1953125
18 0.6 0.62578125 0.05703125 0.278125
19 0.6421875 0.590625 0.06171875 0.22109375
20 0.6921875 0.56875 0.06640625 0.22734375
22 0.74921875 0.5359375 0.1171875 0.20625
23 0.80625 0.46328125 0.10546875 0.18359375