30 0.2421875 0.60234375 0.09765625 0.20390625
29 0.30390625 0.64921875 0.0953125 0.21171875
22 0.778125 0.6046875 0.0921875 0.17890625
21 0.709375 0.65 0.09765625 0.20234375
28 0.365625 0.6734375 0.046875 0.21796875
27 0.4078125 0.68046875 0.0390625 0.2234375
26 0.44453125 0.6671875 0.0375 0.24140625
25 0.478125 0.6625 0.02734375 0.20390625
24 0.50859375 0.6734375 0.0203125 0.1828125
16 0.5359375 0.665625 0.0296875 0.2140625
18 0.5671875 0.68125 0.0328125 0.2453125
19 0.603125 0.68125 0.04296875 0.234375
20 0.6515625 0.684375 0.053125 0.22734375
5 0.2875 0.37421875 0.0625 0.1859375
4 0.340625 0.371875 0.040625 0.21953125
3 0.38203125 0.3734375 0.0453125 0.23515625
2 0.41328125 0.37265625 0.0484375 0.253125
1 0.45703125 0.4203125 0.04296875 0.184375
0 0.49140625 0.44609375 0.0453125 0.16484375
8 0.53984375 0.42578125 0.0484375 0.2109375
9 0.5765625 0.42265625 0.03515625 0.184375
10 0.61328125 0.39375 0.04296875 0.2453125
12 0.64921875 0.38203125 0.0375 0.2296875
13 0.7 0.39765625 0.0609375 0.1859375
14 0.7640625 0.3875 0.06640625 0.184375