7 0.1953125 0.34921875 0.06796875 0.1609375
6 0.2265625 0.425 0.059375 0.20625
5 0.28515625 0.4453125 0.06953125 0.20703125
1 0.4265625 0.48515625 0.0453125 0.21640625
0 0.4671875 0.47890625 0.0453125 0.2328125
4 0.334375 0.453125 0.040625 0.2140625
8 0.515625 0.46796875 0.046875 0.2390625
9 0.55546875 0.4875 0.040625 0.175
10 0.5859375 0.4484375 0.053125 0.23671875
11 0.62265625 0.43203125 0.053125 0.21640625
12 0.65859375 0.4328125 0.0515625 0.19765625
13 0.70625 0.40859375 0.06328125 0.2015625
14 0.7625 0.38046875 0.06171875 0.18359375
23 0.83203125 0.5828125 0.0859375 0.11953125
22 0.76015625 0.61328125 0.08984375 0.20625
21 0.703125 0.65078125 0.1109375 0.2078125
20 0.6421875 0.6890625 0.05546875 0.19765625
19 0.60625 0.696875 0.053125 0.18515625
18 0.56796875 0.6984375 0.0328125 0.17109375
17 0.53828125 0.7046875 0.0265625 0.15859375
16 0.50390625 0.7015625 0.03671875 0.16875
24 0.478125 0.7046875 0.0359375 0.1671875
25 0.44375 0.7125 0.03515625 0.175
26 0.4078125 0.703125 0.040625 0.1734375
27 0.37109375 0.71484375 0.040625 0.20390625
28 0.3296875 0.703125 0.04921875 0.19765625
29 0.2625 0.67890625 0.0984375 0.19765625
30 0.19765625 0.6 0.10078125 0.16328125
2 0.3890625 0.4546875 0.04921875 0.21640625