5 0.27890625 0.4421875 0.06484375 0.2109375
4 0.33203125 0.4453125 0.0375 0.2015625
3 0.36484375 0.44921875 0.04140625 0.22109375
2 0.40078125 0.4453125 0.0296875 0.18984375
1 0.43828125 0.43515625 0.02578125 0.19765625
0 0.48359375 0.42265625 0.0296875 0.2234375
13 0.6765625 0.4109375 0.05703125 0.215625
27 0.375 0.69140625 0.04140625 0.2296875
26 0.40625 0.7 0.0375 0.22734375
25 0.44375 0.6984375 0.0375 0.18046875
24 0.47734375 0.69453125 0.04140625 0.2
16 0.51015625 0.67890625 0.04453125 0.18046875
17 0.54296875 0.68515625 0.03515625 0.209375
18 0.578125 0.69140625 0.03359375 0.2296875
19 0.61796875 0.68828125 0.059375 0.22734375