31 0.140625 0.5453125 0.1015625 0.2
30 0.221875 0.5859375 0.0734375 0.20390625
29 0.28828125 0.58828125 0.06484375 0.20859375
23 0.828125 0.5484375 0.0875 0.19375
22 0.75390625 0.58203125 0.0734375 0.20859375
21 0.6828125 0.6 0.06484375 0.24921875
28 0.34921875 0.59296875 0.04765625 0.23046875
27 0.38203125 0.57265625 0.03671875 0.19375
26 0.415625 0.56953125 0.03828125 0.21640625
25 0.4515625 0.553125 0.028125 0.18359375
24 0.47421875 0.559375 0.02109375 0.18828125
16 0.5 0.565625 0.028125 0.20390625
17 0.5296875 0.55234375 0.03046875 0.18203125
18 0.5609375 0.56875 0.0328125 0.2140625
19 0.59765625 0.56953125 0.040625 0.18828125
20 0.63046875 0.5890625 0.040625 0.22265625
7 0.140625 0.33671875 0.0609375 0.165625
6 0.1984375 0.34296875 0.06328125 0.1984375
5 0.25859375 0.35703125 0.06796875 0.1734375
4 0.31640625 0.34375 0.0546875 0.1921875
3 0.34453125 0.33046875 0.04296875 0.20625
2 0.3875 0.31640625 0.03828125 0.2265625
1 0.4265625 0.3265625 0.03671875 0.21015625
0 0.46328125 0.34375 0.040625 0.1921875
8 0.52109375 0.33515625 0.03828125 0.21015625
9 0.5578125 0.328125 0.03046875 0.19296875
10 0.5953125 0.3125 0.03671875 0.2265625
11 0.6390625 0.31953125 0.04296875 0.2203125
12 0.66953125 0.328125 0.05078125 0.2125
13 0.7171875 0.346875 0.0609375 0.20234375
14 0.778125 0.3453125 0.0609375 0.20234375
15 0.83828125 0.33203125 0.0546875 0.1890625