7 0.22578125 0.3109375 0.05625 0.12109375
6 0.2578125 0.38125 0.0859375 0.21796875
5 0.2984375 0.42578125 0.05859375 0.21484375
4 0.3484375 0.43671875 0.040625 0.2328125
3 0.390625 0.4484375 0.046875 0.240625
2 0.4265625 0.4578125 0.040625 0.25625
1 0.46171875 0.4671875 0.0328125 0.2421875
0 0.496875 0.47578125 0.0375 0.259375
8 0.5375 0.4796875 0.0390625 0.25625
9 0.571875 0.4796875 0.03125 0.2203125
10 0.60625 0.4609375 0.040625 0.234375
11 0.64140625 0.4515625 0.040625 0.21796875
12 0.6796875 0.44296875 0.03515625 0.2
13 0.725 0.42890625 0.0546875 0.1734375
14 0.76875 0.3734375 0.0609375 0.19921875
15 0.78984375 0.2875 0.05625 0.11328125
31 0.15625 0.5734375 0.0703125 0.1265625
30 0.22734375 0.6015625 0.103125 0.17578125
29 0.2953125 0.6609375 0.09765625 0.2015625
28 0.35078125 0.6953125 0.06875 0.19921875
27 0.40546875 0.703125 0.0453125 0.1953125
26 0.4421875 0.71484375 0.0375 0.1953125
25 0.4734375 0.71015625 0.0296875 0.165625
24 0.5015625 0.709375 0.028125 0.15234375
16 0.5265625 0.71171875 0.025 0.1515625
17 0.55390625 0.70703125 0.0296875 0.171875
18 0.58671875 0.7078125 0.0328125 0.209375
19 0.62421875 0.68984375 0.0484375 0.18671875
20 0.67109375 0.67890625 0.0640625 0.2015625
21 0.72578125 0.640625 0.0875 0.1953125
22 0.7875 0.5796875 0.09765625 0.171875
23 0.846875 0.5453125 0.0640625 0.125