7 0.24375 0.3046875 0.0625 0.1171875
6 0.26640625 0.40703125 0.071875 0.178125
5 0.3109375 0.44765625 0.0625 0.17109375
4 0.35546875 0.45 0.046875 0.196875
3 0.39140625 0.45390625 0.0453125 0.2171875
2 0.421875 0.46796875 0.0390625 0.2171875
1 0.45703125 0.475 0.0390625 0.22265625
0 0.490625 0.49140625 0.0390625 0.2328125
8 0.53125 0.49140625 0.0390625 0.225
9 0.56484375 0.48046875 0.03828125 0.203125
10 0.6 0.47734375 0.03515625 0.18125
11 0.6296875 0.45390625 0.0453125 0.196875
12 0.66484375 0.4421875 0.040625 0.19375
13 0.70703125 0.44453125 0.05859375 0.165625
14 0.7515625 0.4046875 0.0625 0.1796875
15 0.7703125 0.2984375 0.0609375 0.125
31 0.1765625 0.55390625 0.0609375 0.1234375
30 0.22578125 0.59296875 0.103125 0.1890625
29 0.29140625 0.65 0.10234375 0.203125
28 0.3578125 0.684375 0.06640625 0.2046875
27 0.40078125 0.69140625 0.05390625 0.1796875
26 0.44140625 0.68359375 0.0390625 0.15234375
25 0.47734375 0.709375 0.0328125 0.1328125
24 0.50703125 0.715625 0.03203125 0.15
16 0.5421875 0.71796875 0.0484375 0.146875
17 0.56328125 0.69921875 0.040625 0.1171875
18 0.60546875 0.69375 0.0546875 0.13671875
19 0.63515625 0.68046875 0.0515625 0.1734375
20 0.675 0.66796875 0.0609375 0.1875
21 0.73046875 0.646875 0.09765625 0.203125
22 0.78515625 0.58125 0.08984375 0.1734375
23 0.83515625 0.5453125 0.0609375 0.12109375