14 0.8 0.4328125 0.05625 0.16328125
13 0.7453125 0.4390625 0.05625 0.171875
12 0.7 0.42421875 0.0375 0.16875
10 0.6125 0.4078125 0.0484375 0.18671875
9 0.5703125 0.4046875 0.03515625 0.16015625
8 0.52421875 0.3875 0.0453125 0.1859375
0 0.46796875 0.3953125 0.040625 0.165625
1 0.4234375 0.39765625 0.03515625 0.1515625
2 0.38359375 0.39296875 0.0375 0.15703125
3 0.34375 0.4046875 0.04296875 0.15234375
4 0.3046875 0.425 0.0390625 0.1671875
5 0.2625 0.44453125 0.05625 0.17109375
6 0.20703125 0.43671875 0.0546875 0.16328125
23 0.80625 0.5890625 0.05078125 0.07734375
20 0.671875 0.6296875 0.046875 0.1609375
19 0.62578125 0.6015625 0.053125 0.1640625
18 0.565625 0.5953125 0.040625 0.17890625
17 0.53125 0.584375 0.02734375 0.16484375
16 0.4984375 0.56328125 0.03515625 0.16875
24 0.4703125 0.57890625 0.02265625 0.14140625
25 0.43828125 0.584375 0.0296875 0.14921875
26 0.39921875 0.60390625 0.0453125 0.184375
27 0.359375 0.6078125 0.03515625 0.16484375
28 0.321875 0.621875 0.0390625 0.146875
30 0.228125 0.64140625 0.08984375 0.1421875
31 0.1984375 0.59140625 0.0453125 0.08125