31 0.14375 0.4578125 0.1015625 0.16875
30 0.2109375 0.5265625 0.1078125 0.221875
29 0.290625 0.5625 0.10546875 0.23671875
23 0.83359375 0.50078125 0.09296875 0.17421875
22 0.77265625 0.565625 0.103125 0.2140625
28 0.3484375 0.578125 0.07265625 0.23046875
27 0.3984375 0.57734375 0.06640625 0.22421875
26 0.43203125 0.596875 0.0375 0.1609375
25 0.46796875 0.57109375 0.0390625 0.19921875
24 0.49609375 0.56953125 0.02890625 0.16875
16 0.52578125 0.5859375 0.0265625 0.19765625
17 0.55390625 0.584375 0.0375 0.20546875
18 0.584375 0.59453125 0.04921875 0.221875
19 0.62890625 0.6 0.04375 0.215625
20 0.671875 0.603125 0.04140625 0.24296875
13 0.75859375 0.31328125 0.06171875 0.225
14 0.81796875 0.29296875 0.0578125 0.19765625
15 0.86640625 0.2703125 0.0640625 0.16875
12 0.7046875 0.309375 0.04140625 0.234375
11 0.6671875 0.31328125 0.0375 0.246875
10 0.63359375 0.29609375 0.04375 0.30703125
9 0.58984375 0.31875 0.03515625 0.265625
8 0.546875 0.3203125 0.0515625 0.28515625
0 0.496875 0.28125 0.04765625 0.3515625
1 0.4609375 0.290625 0.04921875 0.2671875
7 0.1703125 0.2640625 0.06015625 0.18515625
6 0.23671875 0.26796875 0.07265625 0.21796875
4 0.340625 0.2796875 0.04921875 0.240625
3 0.37578125 0.28984375 0.0328125 0.240625
2 0.4109375 0.26328125 0.05390625 0.290625