6 0.20859375 0.35546875 0.06484375 0.15859375
5 0.26484375 0.3609375 0.06484375 0.2
4 0.31484375 0.390625 0.04765625 0.18125
3 0.35625 0.38203125 0.04765625 0.225
2 0.3953125 0.3796875 0.04375 0.25546875
1 0.43671875 0.41171875 0.0390625 0.21875
0 0.47265625 0.409375 0.0453125 0.2703125
8 0.52265625 0.42265625 0.0453125 0.2578125
9 0.5578125 0.42265625 0.04140625 0.21875
10 0.5953125 0.41328125 0.0390625 0.2140625
11 0.63125 0.41015625 0.05 0.19453125
12 0.67421875 0.39375 0.04375 0.1953125
13 0.721875 0.3796875 0.0609375 0.17734375
14 0.77578125 0.35625 0.06484375 0.17265625
23 0.8390625 0.52109375 0.07421875 0.1421875
22 0.77734375 0.57421875 0.0890625 0.196875
21 0.7171875 0.61875 0.1 0.2078125
20 0.65859375 0.6453125 0.06484375 0.203125
19 0.61328125 0.6578125 0.05234375 0.203125
18 0.57421875 0.6828125 0.03515625 0.21015625
17 0.5453125 0.67109375 0.02578125 0.17265625
16 0.5140625 0.6734375 0.028125 0.1859375
24 0.48671875 0.6734375 0.02734375 0.1859375
25 0.46171875 0.65625 0.0328125 0.15078125
26 0.43046875 0.6796875 0.0390625 0.2203125
27 0.3890625 0.64765625 0.0609375 0.19921875
28 0.34375 0.63984375 0.0609375 0.21015625
29 0.2828125 0.6203125 0.1046875 0.2140625
30 0.2203125 0.57265625 0.0890625 0.1921875
31 0.16171875 0.54375 0.0671875 0.15234375