31 0.1625 0.56953125 0.05859375 0.1125
30 0.2171875 0.58125 0.08984375 0.19453125
29 0.2796875 0.63046875 0.08984375 0.21015625
28 0.33671875 0.65703125 0.0609375 0.2
27 0.38671875 0.6703125 0.04296875 0.19921875
25 0.45703125 0.678125 0.02734375 0.1921875
23 0.8421875 0.58359375 0.05859375 0.1125
22 0.78203125 0.584375 0.084375 0.19609375
21 0.72734375 0.63046875 0.0953125 0.20625
20 0.6734375 0.66171875 0.06640625 0.19453125
19 0.6203125 0.67109375 0.0453125 0.20234375
18 0.5859375 0.70078125 0.0390625 0.24140625
17 0.5484375 0.659375 0.03125 0.14765625
26 0.4234375 0.66953125 0.0390625 0.1828125
16 0.5171875 0.6609375 0.02734375 0.153125
24 0.48828125 0.6609375 0.02734375 0.17265625
7 0.240625 0.27421875 0.05859375 0.09453125
6 0.2515625 0.37578125 0.08203125 0.18125
5 0.2890625 0.40078125 0.06640625 0.215625
4 0.3390625 0.4 0.0453125 0.20234375
15 0.7828125 0.27109375 0.0546875 0.096875
14 0.76875 0.37421875 0.0765625 0.18671875
13 0.72734375 0.41171875 0.0640625 0.1984375
12 0.68125 0.39921875 0.0390625 0.184375
11 0.646875 0.41953125 0.0390625 0.25703125
10 0.60625 0.4265625 0.0328125 0.2328125
9 0.57421875 0.43203125 0.03125 0.2390625
8 0.53515625 0.459375 0.04296875 0.20390625
0 0.484375 0.46796875 0.046875 0.1828125
1 0.4515625 0.45859375 0.04296875 0.1828125
2 0.4125 0.396875 0.0390625 0.2234375
3 0.38125 0.43671875 0.04296875 0.20234375