22 0.709375 0.6609375 0.09609375 0.17265625
20 0.6296875 0.71328125 0.059375 0.21796875
19 0.58515625 0.709375 0.05 0.228125
18 0.54921875 0.70234375 0.03359375 0.25234375
17 0.51953125 0.6875 0.034375 0.24765625
16 0.4859375 0.684375 0.034375 0.2359375
24 0.4640625 0.6765625 0.0375 0.225
25 0.43515625 0.68125 0.03828125 0.22578125
26 0.4015625 0.690625 0.04375 0.24453125
28 0.3171875 0.71171875 0.05703125 0.228125
30 0.21875 0.66796875 0.15234375 0.20390625
6 0.18515625 0.3984375 0.0640625 0.19453125
14 0.70390625 0.39375 0.05546875 0.21015625