31 0.209375 0.565625 0.0765625 0.1703125
23 0.76796875 0.5859375 0.08671875 0.140625
22 0.715625 0.6484375 0.09609375 0.18671875
21 0.64921875 0.67890625 0.046875 0.1921875
20 0.60703125 0.6921875 0.0375 0.2234375
19 0.57265625 0.70234375 0.03125 0.2234375
28 0.36328125 0.67890625 0.053125 0.196875
27 0.40234375 0.6828125 0.040625 0.2078125
30 0.253125 0.6109375 0.1078125 0.17734375
29 0.31015625 0.65625 0.0875 0.1859375
7 0.2328125 0.39296875 0.06640625 0.171875
6 0.2796875 0.4234375 0.0640625 0.18046875
5 0.33125 0.42421875 0.05234375 0.19453125
15 0.78203125 0.3953125 0.07734375 0.17578125
14 0.74609375 0.42890625 0.06171875 0.16875
13 0.69453125 0.42890625 0.05703125 0.20546875
12 0.64921875 0.42734375 0.0453125 0.2234375
11 0.621875 0.428125 0.0390625 0.2328125
10 0.5890625 0.440625 0.0390625 0.25390625
9 0.56171875 0.46484375 0.03359375 0.19140625
8 0.5359375 0.46328125 0.04296875 0.2140625
4 0.3625 0.44140625 0.04921875 0.20234375
3 0.3921875 0.4484375 0.0390625 0.18828125
2 0.425 0.4546875 0.04609375 0.1828125
1 0.46015625 0.45546875 0.04765625 0.1875
0 0.49296875 0.46953125 0.04765625 0.1984375
26 0.42265625 0.69140625 0.02578125 0.2203125
25 0.44296875 0.6828125 0.021875 0.20546875
24 0.4625 0.6875 0.03515625 0.21171875
16 0.4921875 0.6890625 0.01796875 0.23125
17 0.5125 0.68671875 0.02578125 0.22265625
18 0.53515625 0.69296875 0.03359375 0.21796875