6 0.19609375 0.33671875 0.07578125 0.23984375
5 0.265625 0.3671875 0.06640625 0.24453125
4 0.3078125 0.3828125 0.0515625 0.25859375
3 0.36015625 0.3984375 0.0609375 0.24140625
2 0.40234375 0.39609375 0.04140625 0.259375
1 0.44453125 0.39453125 0.03984375 0.2734375
0 0.48515625 0.3796875 0.06015625 0.3171875
8 0.53203125 0.37890625 0.05546875 0.2984375
9 0.56953125 0.36640625 0.06015625 0.2734375
10 0.6125 0.34140625 0.05078125 0.30078125
11 0.64765625 0.34609375 0.07734375 0.29765625
12 0.69765625 0.34453125 0.05703125 0.26875
13 0.76328125 0.334375 0.075 0.265625
14 0.8328125 0.31640625 0.0734375 0.22890625
15 0.88125 0.25625 0.07734375 0.190625
31 0.12421875 0.57890625 0.11328125 0.16484375
30 0.209375 0.6265625 0.11953125 0.29140625
29 0.2859375 0.659375 0.1078125 0.29140625
28 0.3609375 0.65625 0.0453125 0.2421875
27 0.40234375 0.68125 0.0515625 0.27890625
26 0.440625 0.67265625 0.04453125 0.240625
25 0.48203125 0.6546875 0.04921875 0.2
24 0.51796875 0.65234375 0.04296875 0.2125
16 0.5484375 0.64765625 0.04375 0.2171875
17 0.578125 0.66328125 0.04296875 0.24296875
18 0.61796875 0.6796875 0.053125 0.2890625
19 0.65703125 0.65390625 0.06171875 0.2640625
20 0.70078125 0.653125 0.07578125 0.25859375
21 0.765625 0.64140625 0.1015625 0.2859375
22 0.84296875 0.5875 0.12265625 0.26484375
23 0.92578125 0.5640625 0.1234375 0.1703125