30 0.22265625 0.56796875 0.0953125 0.1828125
29 0.2953125 0.61015625 0.0890625 0.21953125
28 0.35703125 0.63828125 0.0609375 0.2296875
27 0.3953125 0.6578125 0.05 0.23671875
26 0.4375 0.6640625 0.0390625 0.2453125
25 0.471875 0.628125 0.02578125 0.165625
24 0.4953125 0.63125 0.03046875 0.18046875
16 0.52734375 0.61875 0.03671875 0.1546875
17 0.58671875 0.6359375 0.034375 0.16328125
18 0.61328125 0.65625 0.0453125 0.2265625
19 0.65546875 0.66640625 0.0390625 0.2546875
20 0.69609375 0.6609375 0.04140625 0.2390625
21 0.76171875 0.6328125 0.090625 0.2171875
22 0.83203125 0.5640625 0.09765625 0.1765625
6 0.215625 0.38046875 0.05 0.171875
1 0.46953125 0.38515625 0.040625 0.20703125
2 0.4375 0.3859375 0.0421875 0.265625
3 0.39921875 0.3859375 0.046875 0.25390625
10 0.63203125 0.3765625 0.05 0.2921875
13 0.753125 0.396875 0.05625 0.1828125
14 0.81484375 0.38125 0.0625 0.21640625
15 0.85859375 0.3578125 0.07109375 0.1828125
5 0.26640625 0.346875 0.04765625 0.1484375
9 0.58984375 0.3984375 0.0234375 0.17890625