7 0.20703125 0.346875 0.0625 0.153125
6 0.2421875 0.39609375 0.06484375 0.1953125
5 0.29609375 0.4265625 0.06015625 0.1875
4 0.346875 0.4203125 0.04453125 0.2359375
3 0.3859375 0.434375 0.04609375 0.228125
2 0.4203125 0.446875 0.04609375 0.2359375
1 0.4609375 0.44375 0.03046875 0.23359375
0 0.48828125 0.4453125 0.0359375 0.2578125
8 0.528125 0.4625 0.040625 0.228125
9 0.5703125 0.44765625 0.04453125 0.24609375
10 0.60390625 0.446875 0.0421875 0.24375
11 0.64453125 0.43984375 0.03828125 0.24609375
12 0.68359375 0.43046875 0.0390625 0.24375
13 0.7359375 0.434375 0.06015625 0.2078125
14 0.7921875 0.39921875 0.06015625 0.23359375
15 0.81171875 0.271875 0.07890625 0.2140625
31 0.18984375 0.57734375 0.07265625 0.11484375
30 0.24375 0.62265625 0.1046875 0.19765625
29 0.31328125 0.67109375 0.103125 0.221875
28 0.365625 0.6984375 0.06640625 0.23203125
27 0.40390625 0.7046875 0.0546875 0.2234375
26 0.43515625 0.71640625 0.0484375 0.215625
25 0.4734375 0.6953125 0.028125 0.20546875
24 0.49765625 0.68984375 0.0203125 0.19375
16 0.5203125 0.6875 0.0234375 0.18125
17 0.54609375 0.6953125 0.028125 0.18515625
18 0.57578125 0.725 0.03046875 0.24765625
19 0.61328125 0.71171875 0.04453125 0.23828125
20 0.65390625 0.71171875 0.0484375 0.23828125
21 0.71796875 0.68515625 0.1046875 0.22578125
22 0.790625 0.6296875 0.10859375 0.1875
23 0.8484375 0.584375 0.0890625 0.10078125