6 0.25 0.33359375 0.06328125 0.2203125
5 0.30546875 0.353125 0.05703125 0.20703125
4 0.35546875 0.346875 0.04140625 0.2265625
3 0.38671875 0.36875 0.0421875 0.1828125
2 0.41953125 0.33203125 0.04375 0.25625
1 0.4578125 0.3375 0.0296875 0.2390625
0 0.490625 0.353125 0.03984375 0.2109375
8 0.52734375 0.3421875 0.0421875 0.2328125
9 0.5671875 0.34140625 0.0421875 0.24296875
10 0.6046875 0.33046875 0.04609375 0.28046875
11 0.63984375 0.35078125 0.04921875 0.21875
12 0.6765625 0.34609375 0.04453125 0.2171875
13 0.71875 0.3421875 0.0578125 0.19375
14 0.778125 0.31953125 0.06875 0.20390625
31 0.14921875 0.5375 0.11640625 0.1421875
30 0.23515625 0.56640625 0.0984375 0.23515625
29 0.309375 0.58984375 0.09296875 0.25
28 0.36640625 0.60390625 0.0609375 0.2234375
27 0.403125 0.609375 0.046875 0.2296875
26 0.440625 0.5859375 0.0390625 0.19921875
25 0.46875 0.5765625 0.04296875 0.203125
24 0.49296875 0.56171875 0.02890625 0.18203125
16 0.515625 0.56640625 0.02265625 0.17890625
17 0.5375 0.58359375 0.03125 0.18203125
18 0.5703125 0.609375 0.0328125 0.24140625
19 0.6140625 0.603125 0.04921875 0.21328125
20 0.6515625 0.59375 0.05703125 0.23046875
21 0.70390625 0.57578125 0.09140625 0.22578125
22 0.77265625 0.54921875 0.0984375 0.21953125