7 0.2375 0.375 0.0703125 0.23984375
6 0.30625 0.38203125 0.0765625 0.25
4 0.3890625 0.40390625 0.05625 0.26875
3 0.42734375 0.39921875 0.053125 0.27578125
2 0.46171875 0.415625 0.05703125 0.26015625
1 0.50234375 0.42421875 0.0421875 0.25234375
0 0.54296875 0.44921875 0.05859375 0.2453125
8 0.58828125 0.45078125 0.05 0.24453125
9 0.62734375 0.44609375 0.053125 0.24375
10 0.6703125 0.42109375 0.053125 0.3015625
11 0.71015625 0.4171875 0.05 0.29453125
12 0.74296875 0.42421875 0.046875 0.27734375
13 0.7828125 0.4328125 0.06484375 0.27734375
14 0.83671875 0.4125 0.06484375 0.2375
15 0.88203125 0.37578125 0.05859375 0.2109375
31 0.203125 0.63671875 0.14921875 0.203125
29 0.3296875 0.7375 0.10625 0.28359375
28 0.396875 0.7359375 0.0578125 0.26640625
27 0.44296875 0.72890625 0.05 0.2875
26 0.48515625 0.72890625 0.06171875 0.2796875
25 0.51875 0.7015625 0.05 0.215625
24 0.546875 0.70234375 0.03984375 0.221875
16 0.5765625 0.6890625 0.0296875 0.20703125
17 0.60625 0.71953125 0.04609375 0.24296875
18 0.63671875 0.72109375 0.04140625 0.26796875
19 0.671875 0.71875 0.04296875 0.28359375
20 0.71484375 0.72421875 0.05859375 0.27890625
23 0.9 0.646875 0.11640625 0.19296875