31 0.1796875 0.5484375 0.10546875 0.1984375
30 0.246875 0.62421875 0.1296875 0.23125
28 0.32890625 0.6828125 0.07421875 0.27734375
27 0.39375 0.68125 0.05078125 0.284375
26 0.43984375 0.66953125 0.04140625 0.26875
25 0.48359375 0.62890625 0.05078125 0.1875
24 0.521875 0.62578125 0.03984375 0.20703125
16 0.56171875 0.6234375 0.03515625 0.1984375
17 0.5953125 0.6296875 0.0375 0.203125
18 0.646875 0.65859375 0.04375 0.2640625
19 0.6953125 0.68359375 0.0484375 0.2578125
20 0.75078125 0.690625 0.059375 0.27109375
22 0.84296875 0.6203125 0.1296875 0.23125
23 0.90703125 0.5453125 0.11640625 0.20078125
7 0.1875 0.36015625 0.06796875 0.18515625
6 0.24921875 0.36875 0.06796875 0.23359375
4 0.30390625 0.378125 0.04140625 0.246875
3 0.34765625 0.375 0.059375 0.2546875
2 0.3921875 0.3703125 0.05234375 0.26171875
1 0.4328125 0.36953125 0.04140625 0.26953125
0 0.4859375 0.371875 0.05078125 0.275
8 0.53828125 0.3609375 0.05078125 0.27109375
9 0.58203125 0.359375 0.05078125 0.2578125
10 0.6359375 0.35546875 0.06171875 0.25078125
11 0.68515625 0.36484375 0.059375 0.246875
12 0.73125 0.37109375 0.05078125 0.246875
14 0.79375 0.346875 0.08359375 0.28203125
15 0.859375 0.35546875 0.07890625 0.18515625