30 0.23359375 0.5203125 0.11953125 0.14765625
22 0.80234375 0.5359375 0.0890625 0.134375
28 0.334375 0.6171875 0.0578125 0.246875
27 0.38828125 0.63671875 0.0453125 0.26171875
26 0.43515625 0.6234375 0.04375 0.23828125
25 0.47421875 0.6140625 0.03515625 0.1828125
24 0.50859375 0.61796875 0.02890625 0.15390625
16 0.5328125 0.61796875 0.02890625 0.1625
17 0.56328125 0.62265625 0.03125 0.19921875
18 0.59921875 0.62578125 0.0375 0.2234375
19 0.64765625 0.63203125 0.0515625 0.221875
20 0.6984375 0.61796875 0.05390625 0.23671875
6 0.2296875 0.31484375 0.0578125 0.21171875
5 0.28828125 0.3578125 0.07265625 0.203125
4 0.3359375 0.37578125 0.04375 0.19296875
3 0.37890625 0.36953125 0.0640625 0.2140625
2 0.41953125 0.3640625 0.0453125 0.26171875
1 0.45859375 0.371875 0.04140625 0.26484375
0 0.5 0.37890625 0.04140625 0.24140625
8 0.54140625 0.3921875 0.0375 0.23046875
9 0.58125 0.36484375 0.0390625 0.26640625
10 0.62421875 0.3546875 0.0453125 0.2671875
11 0.6703125 0.36484375 0.0390625 0.23828125
12 0.7046875 0.36640625 0.04921875 0.19140625
14 0.81640625 0.33125 0.06640625 0.203125
13 0.75234375 0.3375 0.0703125 0.25703125