28 0.31171875 0.67578125 0.053125 0.21640625
27 0.35859375 0.6703125 0.04921875 0.2265625
26 0.39765625 0.671875 0.03671875 0.22578125
25 0.43125 0.65546875 0.03046875 0.175
24 0.4640625 0.64921875 0.03046875 0.16328125
16 0.49375 0.65625 0.02890625 0.16875
17 0.52421875 0.66015625 0.0328125 0.18515625
18 0.55625 0.67265625 0.03515625 0.2015625
19 0.59296875 0.67890625 0.04296875 0.2140625
20 0.6359375 0.68359375 0.046875 0.1953125
23 0.7765625 0.62578125 0.1109375 0.16875
6 0.1953125 0.40859375 0.05546875 0.19765625
5 0.24609375 0.43828125 0.07265625 0.20390625
4 0.31015625 0.4421875 0.0515625 0.21171875
14 0.7578125 0.4265625 0.053125 0.19375
13 0.703125 0.4546875 0.065625 0.21171875
12 0.65234375 0.4578125 0.04296875 0.234375