5 0.2671875 0.34765625 0.0578125 0.1953125
4 0.3140625 0.35703125 0.03671875 0.1859375
2 0.3953125 0.38515625 0.04296875 0.2421875
1 0.4328125 0.37890625 0.0453125 0.23359375
0 0.4765625 0.3828125 0.04921875 0.24140625
3 0.35546875 0.42421875 0.05703125 0.103125
8 0.5328125 0.378125 0.0453125 0.259375
9 0.57109375 0.365625 0.0421875 0.221875
10 0.61328125 0.34765625 0.0421875 0.26328125
11 0.6484375 0.346875 0.05625 0.23828125
12 0.6859375 0.359375 0.04609375 0.20078125
13 0.73515625 0.34921875 0.0609375 0.1796875
30 0.2390625 0.534375 0.12265625 0.19296875
29 0.29765625 0.565625 0.11015625 0.21171875
28 0.34375 0.596875 0.0671875 0.2140625
22 0.7578125 0.509375 0.0921875 0.19375
21 0.69296875 0.55703125 0.10390625 0.19296875
20 0.6453125 0.5859375 0.0796875 0.19609375
19 0.60625 0.59765625 0.04375 0.2359375
18 0.5765625 0.5984375 0.05546875 0.23203125