27 0.37890625 0.6515625 0.0453125 0.209375
26 0.415625 0.6625 0.040625 0.209375
25 0.4515625 0.66484375 0.03203125 0.18359375
24 0.48046875 0.65859375 0.025 0.1703125
16 0.51171875 0.66328125 0.03203125 0.18125
17 0.53984375 0.66484375 0.040625 0.1921875
18 0.57421875 0.66328125 0.040625 0.21484375
19 0.6125 0.66015625 0.0234375 0.1578125
8 0.5265625 0.41875 0.04921875 0.27109375
9 0.56953125 0.43828125 0.03671875 0.215625
0 0.4796875 0.434375 0.03203125 0.17734375
1 0.44296875 0.440625 0.0234375 0.14375
6 0.19609375 0.38828125 0.0578125 0.21484375
5 0.25 0.37109375 0.05 0.19609375
4 0.2859375 0.4109375 0.02734375 0.14765625