0 0.49296875 0.49375 0.04140625 0.209375
1 0.45859375 0.4640625 0.0515625 0.17109375
2 0.41953125 0.33359375 0.065625 0.15546875
3 0.403125 0.43125 0.05546875 0.12421875
5 0.35234375 0.51015625 0.0578125 0.11640625
6 0.3 0.46640625 0.06875 0.17578125
7 0.2671875 0.390625 0.0578125 0.11015625
8 0.5359375 0.4828125 0.03984375 0.13984375
9 0.5734375 0.4578125 0.0359375 0.1734375
10 0.61328125 0.39140625 0.0515625 0.12421875
11 0.62890625 0.4859375 0.04765625 0.0984375
12 0.66875 0.46796875 0.0515625 0.0984375
13 0.72421875 0.50546875 0.0671875 0.17734375
15 0.75703125 0.43828125 0.06171875 0.10625
31 0.22421875 0.66015625 0.0671875 0.1140625
30 0.290625 0.66484375 0.0890625 0.16796875
29 0.35390625 0.69921875 0.07734375 0.1875
28 0.4109375 0.67890625 0.04765625 0.11640625
26 0.41171875 0.8390625 0.06953125 0.1421875
25 0.46640625 0.746875 0.04375 0.15703125
24 0.49765625 0.69765625 0.028125 0.18515625
16 0.5265625 0.69609375 0.0296875 0.18125
17 0.55078125 0.75078125 0.0375 0.128125
18 0.5921875 0.865625 0.065625 0.14375
21 0.66640625 0.696875 0.07578125 0.12421875
22 0.72421875 0.7 0.0953125 0.165625
23 0.7984375 0.71328125 0.065625 0.11328125
4 0.359375 0.38359375 0.040625 0.10625
13 0.6671875 0.55625 0.05390625 0.10078125
20 0.609375 0.70078125 0.0515625 0.10390625
19 0.57421875 0.7140625 0.03359375 0.15390625
27 0.44765625 0.6796875 0.03046875 0.15