7 0.17578125 0.35546875 0.05234375 0.10546875
6 0.20546875 0.4015625 0.05625 0.20703125
5 0.26171875 0.4078125 0.06015625 0.190625
4 0.3125 0.409375 0.040625 0.21796875
3 0.35390625 0.42578125 0.0421875 0.21484375
2 0.3921875 0.4140625 0.0421875 0.2671875
1 0.4296875 0.42265625 0.0359375 0.2453125
0 0.46953125 0.41484375 0.04453125 0.2734375
8 0.51171875 0.4234375 0.05625 0.25390625
9 0.5578125 0.428125 0.03828125 0.22265625
10 0.59609375 0.4109375 0.0421875 0.27734375
11 0.63671875 0.41171875 0.0484375 0.26328125
12 0.6796875 0.41953125 0.04296875 0.21875
13 0.7328125 0.41796875 0.06640625 0.19453125
14 0.79140625 0.4078125 0.0625 0.1984375
15 0.81953125 0.34765625 0.05859375 0.09765625
31 0.16953125 0.5578125 0.10078125 0.13515625
29 0.28125 0.64140625 0.0984375 0.2265625
28 0.3375 0.66796875 0.05859375 0.23046875
27 0.378125 0.665625 0.05078125 0.21875
26 0.41640625 0.68359375 0.0546875 0.23828125
25 0.4546875 0.6859375 0.03828125 0.23515625
24 0.48359375 0.6453125 0.03515625 0.190625
16 0.5140625 0.6484375 0.02421875 0.15234375
17 0.54296875 0.65859375 0.03046875 0.16796875
18 0.5765625 0.68671875 0.0359375 0.23671875
19 0.6203125 0.66875 0.05078125 0.20859375
20 0.66015625 0.67109375 0.0625 0.2328125
21 0.7296875 0.64453125 0.10078125 0.225
23 0.81640625 0.58203125 0.12109375 0.15625