6 0.2921875 0.37109375 0.07109375 0.19296875
5 0.334375 0.38984375 0.0546875 0.21171875
4 0.378125 0.41640625 0.03984375 0.19921875
3 0.41484375 0.41796875 0.040625 0.2109375
2 0.44765625 0.43828125 0.03828125 0.19921875
1 0.475 0.44609375 0.03046875 0.18046875
0 0.4984375 0.446875 0.0359375 0.221875
8 0.53046875 0.44765625 0.03203125 0.21796875
9 0.5625 0.471875 0.03046875 0.1625
10 0.59609375 0.4328125 0.03515625 0.25078125
11 0.6265625 0.43515625 0.05234375 0.20859375
12 0.65859375 0.43203125 0.03828125 0.19921875
13 0.6953125 0.4265625 0.0546875 0.184375
14 0.740625 0.38203125 0.0515625 0.2046875
31 0.228125 0.525 0.08046875 0.14765625
30 0.27265625 0.5765625 0.084375 0.1953125
29 0.3359375 0.6203125 0.09609375 0.2078125
28 0.3765625 0.646875 0.06484375 0.1984375
27 0.4171875 0.64453125 0.0453125 0.19375
26 0.45234375 0.6671875 0.04453125 0.18515625
25 0.4828125 0.64765625 0.02734375 0.15
24 0.50703125 0.65546875 0.025 0.16875
16 0.5265625 0.646875 0.02109375 0.1640625
17 0.54375 0.6453125 0.0328125 0.1484375
18 0.57578125 0.66640625 0.04140625 0.18359375
19 0.60859375 0.6453125 0.04453125 0.17265625
20 0.646875 0.64375 0.05859375 0.1765625
21 0.69375 0.6296875 0.09296875 0.1953125
22 0.753125 0.59453125 0.1078125 0.1875
23 0.7890625 0.53046875 0.0859375 0.15