7 0.14609375 0.428125 0.078125 0.19296875
6 0.2078125 0.44921875 0.0765625 0.2171875
4 0.296875 0.46640625 0.04296875 0.23125
3 0.3515625 0.46953125 0.05234375 0.2671875
2 0.3890625 0.44765625 0.04921875 0.296875
1 0.43828125 0.48203125 0.0484375 0.2703125
0 0.4796875 0.49609375 0.040625 0.234375
8 0.5296875 0.49609375 0.04921875 0.2515625
9 0.56953125 0.50859375 0.04765625 0.23671875
10 0.6140625 0.48125 0.04921875 0.25625
11 0.653125 0.48671875 0.05 0.2359375
12 0.6875 0.48515625 0.04453125 0.24609375
13 0.740625 0.490625 0.0734375 0.2625
14 0.8 0.465625 0.07578125 0.24296875
15 0.859375 0.43046875 0.08125 0.2234375
31 0.1203125 0.60625 0.11484375 0.18046875
30 0.17734375 0.6765625 0.1234375 0.22265625
29 0.25625 0.70390625 0.10390625 0.23828125
28 0.31875 0.725 0.08671875 0.2234375
27 0.378125 0.7359375 0.0609375 0.22890625
26 0.4265625 0.7390625 0.046875 0.2125
25 0.46640625 0.7328125 0.0359375 0.196875
24 0.50703125 0.72578125 0.0390625 0.165625
16 0.54375 0.725 0.0515625 0.1546875
17 0.58125 0.73046875 0.04921875 0.17421875
18 0.615625 0.75546875 0.05703125 0.25546875
19 0.6546875 0.75703125 0.0578125 0.23984375
20 0.690625 0.7546875 0.06484375 0.2359375
22 0.83203125 0.696875 0.1359375 0.2109375
23 0.884375 0.63046875 0.11796875 0.190625