6 0.15390625 0.38828125 0.115625 0.2296875
3 0.3390625 0.3671875 0.0703125 0.25546875
2 0.35703125 0.265625 0.06015625 0.19375
0 0.48515625 0.3 0.06875 0.33046875
8 0.5578125 0.303125 0.06875 0.31953125
9 0.61953125 0.353125 0.06015625 0.2359375
10 0.67109375 0.35078125 0.0765625 0.27890625
11 0.7140625 0.3640625 0.08515625 0.253125
30 0.16640625 0.6 0.115625 0.1828125
28 0.27265625 0.6578125 0.0578125 0.30234375
27 0.36328125 0.64765625 0.05546875 0.2703125
26 0.41328125 0.64296875 0.04453125 0.2984375
25 0.45625 0.61796875 0.040625 0.24453125
24 0.49609375 0.61875 0.03515625 0.25546875
16 0.53515625 0.62734375 0.040625 0.27265625
17 0.5734375 0.63203125 0.04921875 0.27265625
18 0.62109375 0.653125 0.04921875 0.3109375
19 0.68515625 0.65 0.04921875 0.27890625
20 0.74375 0.66328125 0.0640625 0.29140625
22 0.86328125 0.5859375 0.1109375 0.19765625