7 0.225 0.38359375 0.06640625 0.1234375
6 0.25859375 0.43046875 0.05625 0.1625
5 0.3046875 0.4453125 0.05078125 0.19140625
4 0.3484375 0.4640625 0.0375 0.1734375
3 0.384375 0.48125 0.0390625 0.1625
2 0.4171875 0.471875 0.0328125 0.2015625
1 0.4515625 0.46484375 0.03515625 0.20703125
0 0.4828125 0.4875 0.03125 0.1890625
8 0.51640625 0.49375 0.0375 0.18359375
9 0.5484375 0.49296875 0.03125 0.1859375
10 0.5828125 0.503125 0.0328125 0.18125
11 0.62109375 0.5046875 0.0390625 0.1625
12 0.65703125 0.49375 0.0375 0.16796875
13 0.703125 0.46953125 0.0546875 0.19375
14 0.75625 0.45 0.0546875 0.1734375
15 0.7921875 0.3828125 0.05625 0.14453125
31 0.19375 0.5515625 0.07421875 0.1390625
30 0.240625 0.596875 0.09375 0.1546875
29 0.3015625 0.6515625 0.084375 0.18125
28 0.35078125 0.6609375 0.053125 0.1546875
27 0.3859375 0.6875 0.040625 0.18359375
26 0.4171875 0.69453125 0.0375 0.19375
25 0.4515625 0.678125 0.02734375 0.1484375
24 0.47265625 0.67109375 0.03125 0.146875
16 0.5046875 0.67265625 0.03046875 0.1734375
17 0.52734375 0.675 0.02734375 0.13125
18 0.55625 0.6921875 0.03125 0.165625
19 0.59296875 0.7 0.0453125 0.18125
20 0.6328125 0.67890625 0.0546875 0.1625
21 0.69375 0.67265625 0.08984375 0.1890625
22 0.75859375 0.62890625 0.1 0.16796875
23 0.803125 0.5828125 0.06640625 0.1546875