31 0.1328125 0.67421875 0.06953125 0.1359375
7 0.1921875 0.4078125 0.07578125 0.146875
6 0.22421875 0.5 0.078125 0.19140625
5 0.29453125 0.5046875 0.071875 0.22265625
4 0.3578125 0.51171875 0.0546875 0.23125
3 0.39765625 0.51796875 0.03515625 0.23125
2 0.43984375 0.5078125 0.0546875 0.21484375
15 0.8828125 0.4078125 0.07421875 0.14140625
14 0.8546875 0.4953125 0.06953125 0.19921875
13 0.7921875 0.515625 0.06328125 0.2140625
12 0.7390625 0.5171875 0.04375 0.2203125
11 0.69453125 0.52265625 0.0453125 0.22265625
10 0.65625 0.52109375 0.04375 0.2078125
9 0.6171875 0.52578125 0.0390625 0.23515625
8 0.57734375 0.515625 0.05 0.22734375
0 0.528125 0.515625 0.04375 0.2140625
1 0.4859375 0.54296875 0.04140625 0.17265625
30 0.19453125 0.703125 0.09375 0.20234375
29 0.2703125 0.76796875 0.10625 0.2359375
28 0.3453125 0.7734375 0.0609375 0.225
27 0.39453125 0.78515625 0.04140625 0.2359375
26 0.43984375 0.78515625 0.0546875 0.253125
25 0.48828125 0.74296875 0.03671875 0.16875
24 0.52578125 0.73984375 0.03046875 0.1796875
16 0.56171875 0.7375 0.0328125 0.1703125
17 0.5953125 0.75703125 0.03515625 0.1921875
18 0.6390625 0.78046875 0.0390625 0.24765625
19 0.68125 0.7828125 0.04140625 0.22578125
20 0.728125 0.7796875 0.04765625 0.2203125
21 0.79375 0.76484375 0.09140625 0.2296875
22 0.8828125 0.70234375 0.12578125 0.1921875
23 0.9171875 0.67265625 0.06484375 0.13125