7 0.22109375 0.3953125 0.0703125 0.13046875
6 0.25703125 0.4453125 0.06015625 0.171875
5 0.30546875 0.4609375 0.05390625 0.20234375
4 0.35234375 0.48046875 0.0390625 0.18359375
3 0.390625 0.49921875 0.04140625 0.171875
2 0.42421875 0.48828125 0.03515625 0.2125
1 0.4609375 0.48125 0.0375 0.21875
0 0.49375 0.50546875 0.0328125 0.20078125
8 0.5296875 0.5125 0.0390625 0.19453125
9 0.5640625 0.51171875 0.0328125 0.19609375
10 0.6 0.521875 0.03515625 0.1921875
11 0.640625 0.5234375 0.04140625 0.171875
12 0.67890625 0.5125 0.0390625 0.17734375
13 0.72734375 0.48671875 0.0578125 0.2046875
14 0.7828125 0.465625 0.0578125 0.18359375
15 0.82109375 0.39453125 0.06015625 0.153125
31 0.18828125 0.5734375 0.078125 0.146875
30 0.2375 0.62109375 0.09921875 0.16328125
29 0.30234375 0.67890625 0.0890625 0.1921875
28 0.3546875 0.6890625 0.05546875 0.16328125
27 0.39140625 0.7171875 0.04375 0.19453125
26 0.42421875 0.72421875 0.0390625 0.2046875
25 0.4609375 0.70625 0.02890625 0.15703125
24 0.48359375 0.69921875 0.0328125 0.1546875
16 0.5171875 0.7015625 0.03203125 0.18359375
17 0.54140625 0.703125 0.02890625 0.13828125
18 0.57265625 0.721875 0.0328125 0.17578125
19 0.61015625 0.73046875 0.04765625 0.1921875
20 0.653125 0.7078125 0.0578125 0.171875
21 0.7171875 0.7015625 0.0953125 0.20078125
22 0.7859375 0.6546875 0.10546875 0.17734375
23 0.8328125 0.60625 0.0703125 0.16328125