7 0.21484375 0.4 0.06953125 0.1
6 0.26015625 0.459375 0.06953125 0.16015625
5 0.30625 0.51484375 0.0578125 0.19296875
4 0.3515625 0.396875 0.06484375 0.171875
2 0.41484375 0.34921875 0.059375 0.22421875
1 0.46015625 0.48828125 0.04453125 0.22109375
0 0.49921875 0.490625 0.0375 0.23828125
8 0.54765625 0.48515625 0.05078125 0.24296875
9 0.5796875 0.48359375 0.03671875 0.24296875
10 0.621875 0.39765625 0.0484375 0.2328125
12 0.68125 0.4046875 0.05234375 0.14765625
13 0.74609375 0.50859375 0.05703125 0.21484375
14 0.784375 0.446875 0.07109375 0.175
15 0.82109375 0.3921875 0.071875 0.11953125
23 0.85546875 0.67109375 0.0625 0.1265625
22 0.81953125 0.76484375 0.084375 0.16484375
21 0.74609375 0.74765625 0.08125 0.22109375
20 0.68125 0.71015625 0.06796875 0.1265625
19 0.646875 0.8421875 0.0515625 0.16015625
18 0.59765625 0.821875 0.065625 0.209375
17 0.56015625 0.72890625 0.034375 0.1921875
16 0.53046875 0.734375 0.0375 0.21015625
24 0.49765625 0.7296875 0.034375 0.21953125
25 0.47734375 0.72890625 0.040625 0.1953125
31 0.1765625 0.6765625 0.0671875 0.134375
30 0.2109375 0.753125 0.0703125 0.16953125
29 0.2890625 0.74609375 0.09609375 0.2296875
28 0.365625 0.70546875 0.07734375 0.12734375
27 0.38984375 0.83984375 0.04453125 0.1796875
26 0.4453125 0.8328125 0.0546875 0.22265625
3 0.396875 0.44765625 0.05703125 0.1921875
11 0.6453125 0.5484375 0.0453125 0.140625