7 0.16875 0.38046875 0.06484375 0.16015625
6 0.2171875 0.38515625 0.05546875 0.20546875
5 0.275 0.39453125 0.059375 0.21953125
4 0.32421875 0.40625 0.03984375 0.2078125
3 0.36328125 0.41015625 0.04375 0.21953125
2 0.4015625 0.40703125 0.04765625 0.2328125
1 0.4484375 0.42890625 0.04375 0.2015625
0 0.4875 0.428125 0.04921875 0.19921875
8 0.53828125 0.41796875 0.0453125 0.21953125
9 0.58125 0.41328125 0.03984375 0.2328125
10 0.62421875 0.39921875 0.05546875 0.24921875
11 0.65390625 0.40625 0.03984375 0.21953125
12 0.68828125 0.390625 0.03828125 0.21953125
13 0.73515625 0.39453125 0.059375 0.20390625
14 0.78984375 0.37734375 0.053125 0.20546875
15 0.8390625 0.37578125 0.053125 0.1578125
31 0.1578125 0.571875 0.0671875 0.171875
30 0.2125 0.61171875 0.0890625 0.21171875
29 0.28828125 0.64453125 0.0828125 0.2375
28 0.340625 0.6515625 0.04921875 0.23515625
27 0.38046875 0.6515625 0.04140625 0.22734375
26 0.41171875 0.66484375 0.0609375 0.24296875
25 0.4625 0.64609375 0.0359375 0.1859375
24 0.4921875 0.6375 0.0234375 0.17578125
16 0.51796875 0.63046875 0.02734375 0.18203125
17 0.55703125 0.640625 0.04765625 0.17421875
18 0.59453125 0.65234375 0.06328125 0.22109375
19 0.62265625 0.63828125 0.040625 0.209375
20 0.6671875 0.63671875 0.04921875 0.209375
21 0.71953125 0.634375 0.07890625 0.2171875
22 0.78828125 0.60078125 0.08671875 0.209375
23 0.84609375 0.553125 0.075 0.17421875