7 0.2265625 0.303125 0.065625 0.13828125
6 0.25625 0.39609375 0.07421875 0.184375
4 0.30625 0.34921875 0.05078125 0.1625
3 0.3546875 0.4109375 0.04609375 0.21796875
2 0.4015625 0.35 0.053125 0.265625
1 0.440625 0.4359375 0.05078125 0.2390625
0 0.484375 0.44375 0.04453125 0.25
8 0.5328125 0.43125 0.04453125 0.27109375
9 0.5625 0.42421875 0.078125 0.24609375
10 0.6 0.3515625 0.065625 0.21015625
11 0.659375 0.41015625 0.05703125 0.225
12 0.70234375 0.321875 0.08046875 0.16875
13 0.77421875 0.390625 0.071875 0.1953125
14 0.8125 0.29921875 0.06328125 0.171875
15 0.840625 0.23125 0.07109375 0.1109375
31 0.15703125 0.53671875 0.0609375 0.140625
30 0.20234375 0.603125 0.08046875 0.16328125
29 0.2703125 0.66171875 0.08828125 0.2265625
28 0.3203125 0.709375 0.071875 0.21171875
27 0.3765625 0.7328125 0.0484375 0.22890625
26 0.42421875 0.7609375 0.05078125 0.2265625
25 0.46171875 0.6953125 0.03828125 0.184375
24 0.49375 0.6796875 0.025 0.16953125
16 0.525 0.6890625 0.0296875 0.196875
17 0.55625 0.690625 0.04453125 0.17421875
18 0.603125 0.7609375 0.0546875 0.23125
19 0.6515625 0.71484375 0.0546875 0.22265625
20 0.71328125 0.6921875 0.08046875 0.20703125
21 0.76796875 0.6515625 0.10546875 0.2265625
22 0.8484375 0.61015625 0.10546875 0.190625
23 0.8890625 0.53671875 0.0609375 0.140625