7 0.146875 0.34375 0.07109375 0.2078125
6 0.21875 0.346875 0.07109375 0.228125
2 0.37890625 0.3296875 0.05234375 0.31015625
1 0.41875 0.32734375 0.04375 0.31796875
0 0.46640625 0.3640625 0.04609375 0.24921875
8 0.509375 0.37734375 0.0484375 0.25078125
9 0.55234375 0.34609375 0.0421875 0.246875
10 0.59140625 0.3375 0.03984375 0.26796875
11 0.62890625 0.32578125 0.04375 0.28671875
12 0.665625 0.3328125 0.0375 0.24453125
13 0.7125 0.334375 0.06328125 0.240625
14 0.765625 0.31796875 0.05703125 0.17734375
15 0.81640625 0.31640625 0.05703125 0.11640625
23 0.78671875 0.4890625 0.11953125 0.15859375
16 0.50859375 0.61953125 0.0296875 0.17578125
17 0.53671875 0.62734375 0.03125 0.21328125
18 0.57109375 0.653125 0.03359375 0.209375
20 0.64921875 0.6265625 0.0375 0.21953125
24 0.4796875 0.6234375 0.03125 0.18828125
25 0.45625 0.61484375 0.0296875 0.22578125
26 0.41796875 0.62421875 0.05078125 0.24453125
27 0.378125 0.60625 0.05859375 0.2171875
28 0.334375 0.61640625 0.0671875 0.25703125