22 0.7328125 0.63359375 0.0703125 0.1921875
21 0.6828125 0.67109375 0.1 0.21015625
20 0.62578125 0.66640625 0.040625 0.18828125
19 0.5921875 0.6890625 0.0390625 0.20234375
18 0.55625 0.6921875 0.03125 0.19609375
17 0.5234375 0.67109375 0.03125 0.159375
16 0.4953125 0.6703125 0.0296875 0.16484375
24 0.471875 0.6703125 0.025 0.17265625
25 0.44140625 0.67109375 0.02734375 0.17109375
26 0.40625 0.66953125 0.03515625 0.17890625
27 0.371875 0.66484375 0.040625 0.1890625
28 0.3375 0.66171875 0.04296875 0.19453125
29 0.28828125 0.65546875 0.0765625 0.20625
30 0.2375 0.6234375 0.0765625 0.18828125
0 0.47578125 0.4640625 0.040625 0.17890625
2 0.43046875 0.4578125 0.0484375 0.20390625
3 0.371875 0.43046875 0.05625 0.20390625
4 0.33671875 0.42890625 0.0484375 0.1890625
5 0.29609375 0.42890625 0.0640625 0.17109375
6 0.2375 0.4328125 0.05390625 0.1515625
8 0.51875 0.4546875 0.040625 0.21875
10 0.5609375 0.4625 0.04296875 0.20234375
11 0.6125 0.45390625 0.040625 0.184375
12 0.63125 0.45390625 0.0390625 0.184375
13 0.678125 0.43828125 0.06640625 0.1765625
14 0.7328125 0.4328125 0.05078125 0.1515625