7 0.175 0.3390625 0.0546875 0.159375
6 0.21484375 0.41640625 0.0671875 0.225
15 0.821875 0.36015625 0.05703125 0.159375
14 0.78359375 0.45703125 0.065625 0.1890625
13 0.7265625 0.47265625 0.0609375 0.21953125
12 0.67734375 0.475 0.0421875 0.225
10 0.58984375 0.48046875 0.04453125 0.2609375
23 0.85234375 0.628125 0.084375 0.16796875
22 0.7828125 0.6796875 0.096875 0.2234375
21 0.71484375 0.71875 0.096875 0.23125
20 0.64765625 0.73359375 0.06328125 0.2265625
19 0.60234375 0.7359375 0.04453125 0.2265625
18 0.559375 0.734375 0.0421875 0.2203125
31 0.153125 0.5921875 0.06953125 0.1421875
30 0.21015625 0.65234375 0.090625 0.21171875
29 0.26875 0.6859375 0.090625 0.2203125
28 0.321875 0.71015625 0.065625 0.21796875
27 0.36484375 0.70859375 0.05078125 0.2015625
26 0.39765625 0.73359375 0.05703125 0.23515625
25 0.4421875 0.71015625 0.0359375 0.184375
9 0.55078125 0.47109375 0.04609375 0.25859375
5 0.265625 0.45390625 0.0546875 0.20390625
4 0.31015625 0.475 0.0421875 0.1953125
2 0.3875 0.48046875 0.03984375 0.23515625
1 0.42578125 0.48359375 0.03828125 0.225
0 0.46328125 0.4984375 0.053125 0.19921875
8 0.5109375 0.48828125 0.05078125 0.228125
24 0.47109375 0.71953125 0.02890625 0.16953125
16 0.49296875 0.72578125 0.03203125 0.1484375
17 0.521875 0.721875 0.03203125 0.18515625
17 0.62719345625 0.38794861406250003 0.623584240625 0.4637759640625 0.6375527046875 0.356962028125 0.62719345625 0.38794861406250003
17 0.6103186203125001 0.5652153921874999 0.6178349015625 0.507739959375 0.6086311624999999 0.536514934375 0.6103186203125001 0.5652153921874999
11 0.63828125 0.48828125 0.05234375 0.2515625
3 0.3484375 0.48046875 0.0421875 0.2140625