7 0.12578125 0.29453125 0.06875 0.22734375
6 0.18828125 0.3171875 0.0625 0.25546875
5 0.25390625 0.32734375 0.07265625 0.2625
4 0.30546875 0.33515625 0.0578125 0.26484375
3 0.34609375 0.35390625 0.05234375 0.2625
2 0.3859375 0.3546875 0.053125 0.28203125
1 0.4296875 0.36484375 0.04140625 0.26796875
0 0.47265625 0.3703125 0.04921875 0.27421875
8 0.51484375 0.36796875 0.059375 0.2828125
9 0.56015625 0.37578125 0.0546875 0.25
10 0.60234375 0.37109375 0.04375 0.2625
11 0.65 0.35390625 0.046875 0.2546875
12 0.69140625 0.35703125 0.04296875 0.2390625
13 0.74296875 0.33671875 0.0765625 0.2375
14 0.8078125 0.32421875 0.0671875 0.23046875
15 0.859375 0.303125 0.06953125 0.21796875
31 0.1125 0.49140625 0.13359375 0.15078125
30 0.19609375 0.5625 0.09140625 0.22421875
29 0.2609375 0.57890625 0.09453125 0.2265625
28 0.325 0.59375 0.05703125 0.2
27 0.36484375 0.5984375 0.05703125 0.196875
24 0.471875 0.5921875 0.034375 0.15390625
25 0.4359375 0.6078125 0.0359375 0.16796875
26 0.396875 0.61328125 0.0453125 0.19921875
16 0.49609375 0.61328125 0.034375 0.19140625
17 0.52734375 0.6203125 0.0453125 0.153125
18 0.571875 0.628125 0.0640625 0.215625
19 0.60703125 0.61171875 0.065625 0.21875
20 0.6484375 0.6109375 0.06640625 0.225
22 0.78515625 0.578125 0.109375 0.234375
23 0.8640625 0.51015625 0.14375 0.14140625