6 0.2390625 0.38203125 0.0578125 0.1859375
3 0.371875 0.41953125 0.06171875 0.2234375
2 0.4125 0.4296875 0.04375 0.23203125
1 0.45078125 0.4640625 0.0359375 0.18515625
0 0.48828125 0.47265625 0.04375 0.1953125
8 0.53359375 0.475 0.04375 0.19921875
9 0.57578125 0.46953125 0.03984375 0.17734375
10 0.61796875 0.43828125 0.04140625 0.209375
12 0.6828125 0.4203125 0.03984375 0.209375
14 0.78671875 0.38671875 0.06953125 0.16953125
22 0.79140625 0.58359375 0.09140625 0.17578125
21 0.715625 0.60390625 0.0734375 0.171875
20 0.66953125 0.65859375 0.0578125 0.18984375
19 0.625 0.6640625 0.04375 0.2015625
18 0.58828125 0.68125 0.0375 0.215625
17 0.5546875 0.6703125 0.0296875 0.165625
16 0.528125 0.67578125 0.028125 0.16171875
24 0.50234375 0.6640625 0.02265625 0.13828125
25 0.47890625 0.67734375 0.0265625 0.17578125
26 0.44375 0.66953125 0.0375 0.17578125
27 0.403125 0.6625 0.03984375 0.17734375
28 0.36328125 0.64609375 0.05546875 0.16171875
30 0.24296875 0.56328125 0.08515625 0.13828125