30 0.2 0.53828125 0.121875 0.165625
24 0.5265625 0.61875 0.02890625 0.1609375
25 0.47421875 0.6328125 0.04296875 0.19375
26 0.4296875 0.65546875 0.04296875 0.2296875
27 0.38359375 0.66640625 0.04921875 0.22578125
16 0.5578125 0.61796875 0.0296875 0.1375
17 0.59296875 0.62109375 0.04453125 0.1953125
18 0.63984375 0.63203125 0.04453125 0.2296875
19 0.68515625 0.634375 0.04921875 0.2296875
20 0.73515625 0.62109375 0.0515625 0.22109375
22 0.8640625 0.528125 0.121875 0.171875
7 0.19375 0.315625 0.075 0.18671875
6 0.24375 0.3671875 0.06875 0.20390625
5 0.29921875 0.41953125 0.0640625 0.2015625
4 0.3515625 0.35234375 0.04453125 0.3234375
3 0.39453125 0.390625 0.04453125 0.2171875
2 0.43359375 0.36875 0.0515625 0.2796875
1 0.4765625 0.38828125 0.03828125 0.20859375
0 0.52265625 0.39140625 0.04921875 0.21484375
8 0.575 0.38984375 0.05546875 0.215625
9 0.6171875 0.3671875 0.046875 0.2171875
10 0.66484375 0.33515625 0.05546875 0.28125
13 0.7375 0.34140625 0.08515625 0.22109375
14 0.8109375 0.34375 0.06640625 0.2265625
15 0.86015625 0.3015625 0.06640625 0.21015625