6 0.234375 0.309375 0.04921875 0.17734375
5 0.290625 0.32109375 0.06328125 0.20546875
4 0.340625 0.3390625 0.04453125 0.21328125
3 0.38125 0.35625 0.04453125 0.2234375
2 0.4203125 0.37109375 0.053125 0.25234375
1 0.459375 0.39375 0.04921875 0.25234375
0 0.48984375 0.40078125 0.040625 0.27890625
8 0.5296875 0.41953125 0.046875 0.2359375
9 0.56015625 0.4046875 0.04296875 0.24609375
10 0.603125 0.38828125 0.04296875 0.26640625
11 0.6390625 0.3796875 0.03671875 0.26953125
30 0.215625 0.51171875 0.1078125 0.18671875
12 0.66875 0.365625 0.0390625 0.2375
13 0.71953125 0.35625 0.0671875 0.190625
14 0.7796875 0.31875 0.065625 0.209375
15 0.8328125 0.31875 0.0609375 0.14765625
27 0.39375 0.621875 0.0609375 0.203125
26 0.4328125 0.66953125 0.04921875 0.23359375
29 0.28984375 0.55234375 0.11015625 0.19453125
28 0.34765625 0.5953125 0.0796875 0.19921875
25 0.47421875 0.64921875 0.03046875 0.16875
24 0.50625 0.65078125 0.02890625 0.1703125
16 0.5328125 0.6453125 0.02421875 0.1640625
17 0.5578125 0.64921875 0.04296875 0.17265625
18 0.59609375 0.67578125 0.04453125 0.22109375
19 0.6296875 0.64453125 0.0921875 0.18359375
20 0.6734375 0.6328125 0.07734375 0.196875
21 0.7234375 0.59765625 0.0875 0.17421875
22 0.78359375 0.54375 0.09375 0.17265625