7 0.24140625 0.35390625 0.0609375 0.11796875
6 0.25859375 0.4546875 0.084375 0.17109375
5 0.309375 0.46015625 0.084375 0.253125
4 0.3484375 0.50546875 0.040625 0.2140625
3 0.38359375 0.521875 0.0328125 0.20390625
2 0.41015625 0.4859375 0.04296875 0.26484375
1 0.45 0.5125 0.0484375 0.2484375
0 0.48359375 0.51484375 0.0484375 0.253125
8 0.51640625 0.503125 0.05625 0.26484375
9 0.54609375 0.5046875 0.0609375 0.2390625
10 0.59765625 0.49765625 0.04296875 0.221875
11 0.625 0.5109375 0.05078125 0.2171875
12 0.66015625 0.50625 0.046875 0.1953125
13 0.71015625 0.49453125 0.071875 0.19609375
14 0.75 0.45546875 0.08359375 0.1828125
15 0.7640625 0.3484375 0.05859375 0.11015625
31 0.178125 0.6078125 0.046875 0.1140625
30 0.234375 0.64609375 0.07421875 0.17890625
29 0.28984375 0.6921875 0.1 0.2
28 0.35078125 0.728125 0.053125 0.1828125
27 0.390625 0.7390625 0.05859375 0.18046875
26 0.4234375 0.753125 0.05859375 0.19453125
25 0.4703125 0.746875 0.0390625 0.17265625
24 0.503125 0.74296875 0.0328125 0.165625
16 0.5359375 0.74296875 0.0328125 0.1609375
17 0.5703125 0.7453125 0.03515625 0.19453125
18 0.609375 0.75546875 0.04296875 0.22578125
20 0.65546875 0.7328125 0.040625 0.1921875
22 0.76484375 0.6359375 0.0953125 0.14765625
23 0.81875 0.59296875 0.05859375 0.1203125