7 0.1609375 0.40859375 0.053125 0.17265625
6 0.2109375 0.41875 0.0546875 0.2
5 0.271875 0.41953125 0.0671875 0.221875
4 0.31875 0.43203125 0.03515625 0.2078125
3 0.35546875 0.41875 0.046875 0.23515625
2 0.39921875 0.40546875 0.05625 0.26875
1 0.44609375 0.43203125 0.0453125 0.20390625
0 0.490625 0.4171875 0.04296875 0.2328125
9 0.57890625 0.425 0.040625 0.22578125
10 0.61640625 0.43046875 0.0453125 0.2390625
11 0.6546875 0.428125 0.0390625 0.23515625
12 0.6875 0.43046875 0.03515625 0.22734375
13 0.7328125 0.4203125 0.05859375 0.23515625
14 0.78515625 0.40703125 0.046875 0.23125
15 0.83203125 0.39765625 0.05078125 0.19375
31 0.16484375 0.590625 0.084375 0.18046875
30 0.22265625 0.63046875 0.0859375 0.1984375
29 0.2953125 0.65703125 0.0859375 0.2234375
28 0.35 0.66953125 0.0546875 0.22578125
27 0.39140625 0.67734375 0.0484375 0.22578125
26 0.43671875 0.653125 0.0484375 0.2
23 0.8375 0.58125 0.078125 0.175
22 0.7859375 0.63203125 0.0765625 0.19453125
21 0.72734375 0.65703125 0.084375 0.2078125
20 0.6734375 0.67265625 0.04296875 0.21953125
19 0.63359375 0.675 0.0328125 0.21796875
18 0.6015625 0.67890625 0.046875 0.22578125
17 0.5640625 0.66328125 0.03125 0.190625
16 0.534375 0.6453125 0.025 0.15703125
24 0.50625 0.6515625 0.0359375 0.153125
25 0.475 0.6515625 0.04296875 0.16171875
8 0.53359375 0.43046875 0.046875 0.21953125