7 0.18984375 0.46796875 0.059375 0.10234375
6 0.25078125 0.48046875 0.07109375 0.15
5 0.31484375 0.4828125 0.06328125 0.18125
4 0.36875 0.48203125 0.0484375 0.209375
3 0.415625 0.48828125 0.05078125 0.21796875
2 0.4546875 0.4828125 0.04609375 0.2421875
1 0.49375 0.46953125 0.03984375 0.215625
0 0.5359375 0.4625 0.05078125 0.20078125
8 0.58671875 0.4421875 0.05078125 0.2359375
9 0.62734375 0.4625 0.04375 0.22265625
10 0.665625 0.4859375 0.06328125 0.26640625
11 0.70078125 0.5171875 0.0375 0.228125
12 0.7359375 0.5171875 0.05078125 0.22265625
13 0.79375 0.52109375 0.0703125 0.1921875
14 0.86484375 0.50859375 0.06796875 0.19609375
15 0.9203125 0.48671875 0.08125 0.184375
23 0.953125 0.7 0.0765625 0.19375
22 0.8859375 0.71015625 0.0875 0.22265625
21 0.8234375 0.74921875 0.103125 0.23984375
20 0.7453125 0.74375 0.0484375 0.21171875
19 0.69609375 0.7375 0.05078125 0.19375
18 0.64609375 0.73984375 0.05078125 0.1984375
17 0.60390625 0.75390625 0.04609375 0.23984375
16 0.56875 0.696875 0.04609375 0.15234375
24 0.534375 0.68828125 0.04140625 0.1390625
25 0.4921875 0.71328125 0.04609375 0.1984375
26 0.4515625 0.715625 0.05234375 0.19375
27 0.409375 0.7109375 0.05078125 0.19375
28 0.35625 0.703125 0.059375 0.20078125
29 0.284375 0.69765625 0.103125 0.22890625
30 0.22734375 0.65 0.08515625 0.19921875
31 0.17109375 0.6265625 0.065625 0.19609375