28 0.34453125 0.62109375 0.0671875 0.18125
27 0.39921875 0.61953125 0.04296875 0.178125
26 0.43203125 0.6296875 0.034375 0.18984375
25 0.465625 0.6125 0.02421875 0.159375
24 0.490625 0.60859375 0.0265625 0.1390625
16 0.5203125 0.6109375 0.0328125 0.153125
17 0.5484375 0.61953125 0.028125 0.17109375
18 0.58359375 0.62890625 0.040625 0.18828125
19 0.63046875 0.6296875 0.053125 0.1734375
20 0.678125 0.6296875 0.06328125 0.1734375
6 0.24765625 0.403125 0.053125 0.1921875
5 0.3015625 0.41953125 0.0546875 0.16875
4 0.35234375 0.41484375 0.04296875 0.1796875
3 0.39296875 0.3890625 0.03828125 0.2296875
1 0.46171875 0.4046875 0.03671875 0.171875
8 0.5375 0.43046875 0.04296875 0.16953125
9 0.57734375 0.425 0.03671875 0.175
10 0.61875 0.4046875 0.04296875 0.21640625
11 0.653125 0.41640625 0.034375 0.19375
12 0.68984375 0.421875 0.046875 0.178125
2 0.41953125 0.39375 0.034375 0.2265625