7 0.2546875 0.24375 0.05859375 0.10703125
6 0.27265625 0.35234375 0.0734375 0.1546875
5 0.31484375 0.41953125 0.07109375 0.20703125
4 0.37734375 0.43359375 0.05859375 0.19609375
3 0.42890625 0.44765625 0.0609375 0.21953125
2 0.47265625 0.4703125 0.0625 0.2046875
1 0.5109375 0.47109375 0.04296875 0.23125
0 0.55390625 0.48125 0.04765625 0.2828125
8 0.60078125 0.47578125 0.0453125 0.2671875
9 0.63984375 0.465625 0.0453125 0.23515625
10 0.67890625 0.4453125 0.0484375 0.228125
11 0.7140625 0.434375 0.0609375 0.20234375
12 0.76171875 0.41953125 0.04765625 0.16328125
13 0.8140625 0.38828125 0.06953125 0.2265625
14 0.84609375 0.31640625 0.08203125 0.1859375
15 0.8703125 0.2234375 0.0515625 0.1046875
23 0.92890625 0.53359375 0.0609375 0.13671875
22 0.87578125 0.621875 0.084375 0.1875
21 0.80703125 0.65234375 0.0953125 0.221875
20 0.746875 0.671875 0.0609375 0.1609375
19 0.69140625 0.7 0.0453125 0.19609375
18 0.64921875 0.70859375 0.0390625 0.21015625
17 0.61328125 0.703125 0.0328125 0.16796875
16 0.5875 0.70546875 0.025 0.15078125
24 0.55390625 0.7296875 0.03046875 0.2046875
25 0.52578125 0.70625 0.04453125 0.16953125
26 0.4953125 0.68984375 0.04296875 0.1546875
27 0.4484375 0.71640625 0.0515625 0.2078125
28 0.38984375 0.6953125 0.0609375 0.165625
29 0.31484375 0.6765625 0.10625 0.2328125
30 0.23515625 0.64140625 0.09765625 0.17890625
31 0.1765625 0.55625 0.07109375 0.13828125