31 0.19453125 0.5125 0.0953125 0.14609375
30 0.24921875 0.571875 0.090625 0.1828125
28 0.3265625 0.60390625 0.04296875 0.2078125
27 0.3671875 0.6171875 0.04140625 0.221875
26 0.4078125 0.6203125 0.04140625 0.1890625
25 0.44453125 0.625 0.0328125 0.19375
24 0.471875 0.6171875 0.02578125 0.1828125
16 0.4921875 0.6203125 0.0453125 0.19375
17 0.52890625 0.61640625 0.0328125 0.18515625
18 0.56484375 0.63046875 0.0390625 0.2265625
19 0.603125 0.63671875 0.04140625 0.25234375
20 0.64140625 0.59765625 0.04140625 0.165625
22 0.728125 0.5765625 0.10625 0.19140625
23 0.778125 0.5234375 0.09765625 0.1890625
6 0.2125 0.3546875 0.05625 0.18515625
2 0.3953125 0.36875 0.04140625 0.253125
1 0.43203125 0.38046875 0.03671875 0.228125
0 0.46953125 0.3765625 0.04296875 0.23828125
8 0.5140625 0.37265625 0.0453125 0.24375
9 0.55390625 0.38359375 0.034375 0.2171875
10 0.58671875 0.38125 0.0390625 0.2390625