7 0.18046875 0.321875 0.05703125 0.1125
6 0.20859375 0.4171875 0.0671875 0.16796875
5 0.26015625 0.42578125 0.059375 0.19765625
4 0.31015625 0.4328125 0.04140625 0.2234375
3 0.34921875 0.4390625 0.0375 0.22421875
2 0.3875 0.440625 0.0515625 0.23515625
1 0.4328125 0.4484375 0.03515625 0.2078125
0 0.47109375 0.44375 0.04140625 0.24609375
8 0.5125 0.4265625 0.0453125 0.27421875
9 0.55234375 0.453125 0.040625 0.19375
10 0.5984375 0.415625 0.04296875 0.2765625
11 0.64140625 0.4171875 0.0390625 0.2625
12 0.68203125 0.41484375 0.04140625 0.24296875
13 0.734375 0.42109375 0.06328125 0.21171875
14 0.7890625 0.403125 0.0671875 0.19609375
15 0.821875 0.31328125 0.0609375 0.1375
23 0.85625 0.60390625 0.07890625 0.15625
22 0.78671875 0.63125 0.08046875 0.2
21 0.71953125 0.665625 0.084375 0.209375
20 0.6625 0.68515625 0.05703125 0.22578125
19 0.6171875 0.6875 0.04921875 0.22578125
18 0.5765625 0.70703125 0.04296875 0.2453125
17 0.5390625 0.69609375 0.03125 0.21171875
16 0.5109375 0.69453125 0.02578125 0.20390625
24 0.4890625 0.70703125 0.02578125 0.18203125
25 0.46328125 0.68125 0.0296875 0.2171875
26 0.428125 0.68671875 0.04140625 0.228125
27 0.38671875 0.69296875 0.0453125 0.23984375
28 0.33671875 0.68515625 0.06328125 0.2296875
29 0.28125 0.66875 0.08671875 0.21171875
30 0.21640625 0.628125 0.07890625 0.19375
31 0.146875 0.5921875 0.08046875 0.14921875