7 0.20546875 0.35625 0.05546875 0.1765625
6 0.26484375 0.375 0.0671875 0.21015625
4 0.334375 0.4140625 0.06484375 0.22109375
3 0.371875 0.428125 0.046875 0.23125
2 0.40625 0.4359375 0.0375 0.24609375
1 0.45234375 0.4640625 0.0578125 0.209375
0 0.48671875 0.4578125 0.04609375 0.2734375
8 0.53125 0.46484375 0.0359375 0.253125
9 0.56640625 0.47734375 0.046875 0.21015625
10 0.6078125 0.43671875 0.03984375 0.26484375
11 0.6390625 0.4421875 0.03828125 0.22578125
12 0.67890625 0.42421875 0.0453125 0.22421875
14 0.78125 0.40390625 0.065625 0.2078125
15 0.82890625 0.371875 0.0671875 0.165625
31 0.17265625 0.55703125 0.121875 0.190625
30 0.23671875 0.63828125 0.11875 0.21640625
28 0.31015625 0.67265625 0.06796875 0.20703125
27 0.3546875 0.68125 0.046875 0.18984375
26 0.40234375 0.6859375 0.034375 0.2078125
25 0.44296875 0.67890625 0.0390625 0.15234375
24 0.48125 0.69453125 0.03046875 0.14921875
16 0.51328125 0.68203125 0.03046875 0.13671875
17 0.55234375 0.7 0.03125 0.16875
18 0.58828125 0.70625 0.03828125 0.2109375
19 0.6328125 0.69765625 0.0515625 0.18046875
20 0.67890625 0.696875 0.0625 0.20546875
22 0.79296875 0.64296875 0.128125 0.2
23 0.85234375 0.57578125 0.109375 0.18515625