31 0.15390625 0.60390625 0.07890625 0.1671875
30 0.20859375 0.65 0.0984375 0.190625
29 0.28203125 0.69140625 0.0890625 0.1921875
23 0.8265625 0.62578125 0.07265625 0.1625
22 0.7734375 0.6765625 0.0828125 0.18828125
21 0.709375 0.71015625 0.09296875 0.19453125
20 0.64921875 0.73359375 0.05625 0.21640625
19 0.61015625 0.75078125 0.0421875 0.24296875
18 0.56875 0.703125 0.0359375 0.1640625
17 0.5375 0.69609375 0.0265625 0.15859375
16 0.51171875 0.7203125 0.01953125 0.18671875
24 0.4875 0.71796875 0.025 0.18671875
25 0.45703125 0.67890625 0.03046875 0.13984375
26 0.42734375 0.728125 0.0484375 0.25078125
27 0.38515625 0.73515625 0.0484375 0.24921875
28 0.3390625 0.7109375 0.06484375 0.21640625
7 0.1609375 0.40859375 0.06484375 0.115625
6 0.2 0.46796875 0.06953125 0.134375
5 0.259375 0.47578125 0.06640625 0.18125
15 0.82734375 0.4578125 0.04609375 0.096875
14 0.784375 0.46953125 0.06875 0.16796875
13 0.7328125 0.48671875 0.05859375 0.1984375
12 0.684375 0.48046875 0.0421875 0.21875
11 0.64453125 0.4875 0.03828125 0.2046875
10 0.6046875 0.48671875 0.0359375 0.23046875
9 0.56875 0.48359375 0.04453125 0.22109375
8 0.52734375 0.47265625 0.04609375 0.23515625
0 0.4796875 0.4734375 0.0484375 0.22109375
1 0.45078125 0.4734375 0.05078125 0.225
2 0.40625 0.47421875 0.05859375 0.21875
3 0.35859375 0.47421875 0.0484375 0.20703125
4 0.3140625 0.47421875 0.04296875 0.1984375