7 0.21640625 0.28125 0.071875 0.1578125
31 0.18984375 0.61015625 0.0890625 0.15546875
29 0.30078125 0.70234375 0.10625 0.253125
28 0.375 0.7234375 0.05859375 0.246875
27 0.4171875 0.73984375 0.05234375 0.253125
26 0.4609375 0.7265625 0.05234375 0.23984375
25 0.50234375 0.7296875 0.0390625 0.203125
24 0.52890625 0.7296875 0.0296875 0.2078125
16 0.55859375 0.73984375 0.02578125 0.2140625
17 0.5890625 0.7546875 0.03515625 0.2359375
18 0.6328125 0.77265625 0.05234375 0.2796875
19 0.66640625 0.76015625 0.0453125 0.23359375
20 0.7171875 0.7546875 0.05625 0.23984375
21 0.7859375 0.7421875 0.10234375 0.2578125
22 0.846875 0.6984375 0.0890625 0.2359375
23 0.9 0.63203125 0.06953125 0.13828125
6 0.23984375 0.37734375 0.0890625 0.27734375
5 0.2890625 0.43125 0.06953125 0.20625
4 0.34921875 0.42734375 0.0546875 0.25078125
3 0.38984375 0.4234375 0.0453125 0.27734375
2 0.43515625 0.44921875 0.04765625 0.25546875
1 0.478125 0.4515625 0.04765625 0.27265625
0 0.51875 0.4640625 0.05 0.28046875
8 0.56484375 0.47421875 0.04375 0.26484375
9 0.60625 0.459375 0.0390625 0.28359375
10 0.64453125 0.43984375 0.03671875 0.31015625
11 0.6828125 0.4546875 0.04765625 0.26171875
12 0.7359375 0.45234375 0.0546875 0.24921875
13 0.7890625 0.4390625 0.0609375 0.26484375
14 0.83828125 0.42421875 0.07578125 0.22734375
15 0.8453125 0.2921875 0.0828125 0.18828125