23 0.753125 0.55546875 0.071875 0.121875
22 0.7125 0.62265625 0.10546875 0.159375
20 0.64375 0.67265625 0.0484375 0.2078125
18 0.5640625 0.67109375 0.0390625 0.17109375
17 0.53046875 0.66875 0.0328125 0.18046875
16 0.50703125 0.6703125 0.025 0.18046875
24 0.48046875 0.6671875 0.02734375 0.175
25 0.45703125 0.675 0.0234375 0.18671875
26 0.42578125 0.66328125 0.03515625 0.17109375
27 0.3953125 0.66953125 0.0328125 0.19453125
28 0.353125 0.67421875 0.05078125 0.2
30 0.26484375 0.63515625 0.0875 0.1765625
5 0.278125 0.409375 0.053125 0.209375
4 0.33125 0.4234375 0.0609375 0.20234375
3 0.38359375 0.4234375 0.0453125 0.2140625
2 0.409375 0.43046875 0.0328125 0.225
1 0.44375 0.440625 0.03515625 0.21015625
0 0.48125 0.4421875 0.040625 0.20390625
8 0.521875 0.44453125 0.0390625 0.190625
9 0.55859375 0.446875 0.02734375 0.19453125
10 0.5921875 0.43671875 0.03515625 0.2140625
11 0.625 0.43359375 0.0390625 0.21484375
12 0.65234375 0.4203125 0.0390625 0.21171875
13 0.7015625 0.40859375 0.05859375 0.20390625
14 0.75 0.39140625 0.046875 0.18828125