7 0.2234375 0.3078125 0.0453125 0.0890625
6 0.24296875 0.40546875 0.06875 0.159375
5 0.2890625 0.42421875 0.0625 0.184375
14 0.77421875 0.38359375 0.05625 0.1453125
13 0.725 0.3921875 0.0625 0.19140625
12 0.67109375 0.43125 0.053125 0.1515625
11 0.63671875 0.43671875 0.05078125 0.17109375
10 0.60078125 0.43125 0.040625 0.24140625
9 0.5625 0.4515625 0.0390625 0.2
8 0.53046875 0.4640625 0.040625 0.2125
0 0.4828125 0.4703125 0.0390625 0.1984375
1 0.4546875 0.44296875 0.046875 0.22578125
2 0.4171875 0.4484375 0.040625 0.22578125
3 0.38203125 0.44609375 0.0484375 0.215625
4 0.3453125 0.446875 0.05078125 0.17890625
31 0.18046875 0.54921875 0.0609375 0.10625
30 0.23046875 0.59453125 0.09375 0.1921875
29 0.2859375 0.64296875 0.0921875 0.21171875
28 0.33984375 0.66328125 0.06640625 0.1984375
27 0.3875 0.66640625 0.0453125 0.184375
26 0.425 0.6671875 0.0375 0.175
25 0.46015625 0.6671875 0.0296875 0.14765625
24 0.4890625 0.66953125 0.021875 0.14765625
23 0.815625 0.5265625 0.053125 0.10859375
22 0.7671875 0.56796875 0.08984375 0.190625
21 0.7171875 0.61953125 0.09375 0.215625
20 0.65703125 0.64609375 0.05625 0.1984375
19 0.6125 0.65078125 0.040625 0.184375
18 0.57734375 0.67109375 0.040625 0.1984375
17 0.540625 0.665625 0.02734375 0.15546875
16 0.51484375 0.66484375 0.025 0.1453125