23 0.8109375 0.58515625 0.07421875 0.1671875
22 0.76953125 0.6296875 0.10546875 0.184375
20 0.671875 0.66328125 0.046875 0.20234375
19 0.63203125 0.65859375 0.0328125 0.19609375
18 0.60078125 0.6671875 0.0328125 0.221875
17 0.5703125 0.65546875 0.02734375 0.190625
16 0.5484375 0.65078125 0.02734375 0.16875
24 0.5265625 0.6671875 0.025 0.159375
25 0.5 0.6453125 0.03125 0.19609375
26 0.4734375 0.6703125 0.0328125 0.215625
27 0.43828125 0.66171875 0.040625 0.20234375
28 0.396875 0.66640625 0.046875 0.1921875
29 0.32890625 0.66328125 0.0953125 0.221875
30 0.25078125 0.62265625 0.1109375 0.18671875
31 0.20390625 0.61015625 0.071875 0.1859375
6 0.2296875 0.40546875 0.0640625 0.196875
5 0.29609375 0.42421875 0.06875 0.19609375
4 0.3546875 0.4265625 0.0453125 0.2
3 0.3875 0.42109375 0.0453125 0.23359375
1 0.4671875 0.42265625 0.03515625 0.225
0 0.5 0.428125 0.04296875 0.23125
8 0.55859375 0.440625 0.04296875 0.2359375
9 0.596875 0.434375 0.0296875 0.22734375
10 0.6265625 0.4390625 0.03515625 0.221875
11 0.66328125 0.43984375 0.0375 0.21171875
12 0.6953125 0.43671875 0.0390625 0.1984375
13 0.74140625 0.42734375 0.05625 0.17890625
14 0.796875 0.409375 0.05078125 0.19453125
2 0.43359375 0.4171875 0.0625 0.2375