7 0.25859375 0.4171875 0.059375 0.10078125
6 0.2765625 0.49609375 0.053125 0.1875
5 0.3296875 0.515625 0.05703125 0.2015625
4 0.37734375 0.534375 0.03828125 0.2
3 0.4140625 0.55 0.040625 0.17265625
2 0.43515625 0.46328125 0.04453125 0.1984375
1 0.46796875 0.5546875 0.03828125 0.18984375
0 0.50703125 0.5578125 0.040625 0.19609375
8 0.55 0.5515625 0.040625 0.19296875
9 0.59296875 0.55546875 0.03828125 0.17890625
10 0.62890625 0.55234375 0.03828125 0.18984375
11 0.67265625 0.5484375 0.040625 0.18515625
12 0.71171875 0.53203125 0.0421875 0.20859375
13 0.7625 0.5203125 0.06796875 0.20234375
14 0.81484375 0.48671875 0.06953125 0.20625
15 0.83828125 0.40078125 0.06171875 0.13203125
23 0.8875 0.7015625 0.071875 0.13203125
22 0.81875 0.740625 0.06953125 0.18828125
21 0.7640625 0.76328125 0.09921875 0.19609375
20 0.7 0.78671875 0.04453125 0.2
19 0.65859375 0.7875 0.0421875 0.19375
18 0.621875 0.7984375 0.040625 0.2234375
17 0.5921875 0.77578125 0.02734375 0.16171875
16 0.56484375 0.784375 0.02734375 0.16171875
24 0.5421875 0.771875 0.03828125 0.1703125
25 0.5078125 0.78359375 0.03671875 0.1765625
26 0.4765625 0.78984375 0.05546875 0.21484375
27 0.44609375 0.78828125 0.040625 0.21328125
28 0.4046875 0.78671875 0.0421875 0.1875
29 0.334375 0.77890625 0.1015625 0.21796875
30 0.28359375 0.728125 0.08046875 0.17265625
31 0.23125 0.71484375 0.06328125 0.13203125