6 0.2328125 0.3921875 0.06640625 0.1828125
5 0.2875 0.4046875 0.0625 0.2
3 0.37421875 0.42734375 0.0453125 0.19453125
2 0.41015625 0.4046875 0.0390625 0.2546875
1 0.45 0.42890625 0.0375 0.20625
0 0.490625 0.425 0.04296875 0.2296875
8 0.5390625 0.4203125 0.04296875 0.24296875
9 0.57890625 0.4421875 0.0296875 0.1859375
11 0.62578125 0.44609375 0.0375 0.184375
12 0.6609375 0.43203125 0.040625 0.20390625
14 0.7453125 0.43203125 0.0609375 0.18046875
21 0.7328125 0.63046875 0.078125 0.17890625
30 0.2328125 0.58125 0.08984375 0.175
29 0.30390625 0.61484375 0.0765625 0.17890625
28 0.359375 0.63125 0.046875 0.18828125
27 0.40234375 0.63515625 0.0390625 0.18046875
26 0.4375 0.62265625 0.03515625 0.1515625
25 0.475 0.64140625 0.02734375 0.16875
24 0.503125 0.65078125 0.02265625 0.16484375
16 0.534375 0.628125 0.0296875 0.16328125
17 0.56640625 0.6375 0.02734375 0.14921875
18 0.60078125 0.6546875 0.0328125 0.20390625
19 0.640625 0.6625 0.03515625 0.2234375
20 0.67578125 0.66484375 0.04296875 0.2390625