14 0.76953125 0.4578125 0.0734375 0.1890625
11 0.65546875 0.44609375 0.0453125 0.1890625
10 0.60859375 0.43515625 0.04375 0.21875
9 0.56796875 0.43828125 0.03359375 0.196875
8 0.525 0.42734375 0.0453125 0.234375
0 0.484375 0.42734375 0.03984375 0.234375
1 0.44765625 0.4296875 0.0296875 0.21015625
2 0.4109375 0.4265625 0.03984375 0.2125
3 0.37421875 0.434375 0.04140625 0.20859375
4 0.3359375 0.4390625 0.03984375 0.2015625
6 0.24140625 0.41796875 0.06328125 0.2078125
7 0.1859375 0.40546875 0.05546875 0.17109375
20 0.68203125 0.67421875 0.04375 0.21015625
19 0.6375 0.66171875 0.04140625 0.1859375
18 0.59453125 0.67265625 0.0359375 0.20234375
17 0.56328125 0.65390625 0.02734375 0.17265625
16 0.52890625 0.65078125 0.025 0.16328125
24 0.49765625 0.63359375 0.03125 0.16484375
25 0.46640625 0.65078125 0.03125 0.175
26 0.425 0.66640625 0.03984375 0.20625
27 0.38359375 0.66953125 0.04375 0.19296875
28 0.3390625 0.6703125 0.0453125 0.19453125
29 0.2625 0.6515625 0.09453125 0.19296875
30 0.19921875 0.59453125 0.08671875 0.153125