7 0.19921875 0.309375 0.0765625 0.13671875
6 0.225 0.39453125 0.078125 0.23046875
5 0.2859375 0.42265625 0.06875 0.228125
4 0.34453125 0.42890625 0.05546875 0.24140625
3 0.3859375 0.4421875 0.05390625 0.25546875
2 0.44140625 0.44296875 0.0546875 0.24375
1 0.4734375 0.440625 0.0515625 0.27265625
0 0.515625 0.4390625 0.0515625 0.2953125
8 0.56015625 0.44765625 0.05234375 0.27890625
9 0.5984375 0.45390625 0.05703125 0.24921875
10 0.63671875 0.4140625 0.05234375 0.26171875
11 0.675 0.4390625 0.0625 0.23203125
12 0.71796875 0.42265625 0.0515625 0.228125
13 0.775 0.41015625 0.07578125 0.23671875
14 0.83359375 0.38671875 0.0796875 0.23203125
15 0.8609375 0.3109375 0.07578125 0.1140625
30 0.21171875 0.6203125 0.10546875 0.21796875
29 0.2875 0.66875 0.0984375 0.25625
28 0.35234375 0.68515625 0.09140625 0.24296875
27 0.41328125 0.684375 0.053125 0.2
26 0.46171875 0.68984375 0.04453125 0.1796875
25 0.4921875 0.6890625 0.04296875 0.1875
24 0.5234375 0.71328125 0.03828125 0.21953125
16 0.55078125 0.7015625 0.03359375 0.190625
17 0.58125 0.70625 0.03828125 0.2046875
18 0.61875 0.69140625 0.04296875 0.2171875
19 0.653125 0.6828125 0.06015625 0.23046875
20 0.71953125 0.69375 0.07890625 0.26015625
21 0.7765625 0.68046875 0.0890625 0.25859375
22 0.846875 0.61796875 0.09765625 0.20546875