7 0.13359375 0.30703125 0.0609375 0.1203125
6 0.16484375 0.40859375 0.071875 0.18046875
5 0.21953125 0.41796875 0.06328125 0.21171875
4 0.2734375 0.42578125 0.04453125 0.2390625
3 0.315625 0.4328125 0.03984375 0.240625
2 0.35625 0.434375 0.0546875 0.25234375
1 0.4046875 0.4421875 0.03828125 0.22265625
0 0.44609375 0.4375 0.04453125 0.2640625
8 0.490625 0.41953125 0.0484375 0.29453125
9 0.53359375 0.44765625 0.04296875 0.2078125
10 0.58203125 0.4078125 0.04609375 0.29609375
11 0.62890625 0.40859375 0.0421875 0.28203125
12 0.671875 0.40703125 0.04453125 0.2609375
13 0.728125 0.41328125 0.0671875 0.2265625
14 0.78671875 0.39375 0.071875 0.21015625
15 0.821875 0.29765625 0.065625 0.14765625
23 0.85859375 0.609375 0.084375 0.16796875
22 0.78359375 0.6390625 0.08671875 0.2140625
21 0.71171875 0.67578125 0.090625 0.225
20 0.65078125 0.696875 0.0609375 0.24140625
19 0.60234375 0.69921875 0.053125 0.24140625
18 0.559375 0.7203125 0.04609375 0.2625
17 0.51875 0.70859375 0.03359375 0.2265625
16 0.48828125 0.70625 0.02734375 0.21796875
24 0.46484375 0.7203125 0.02734375 0.1953125
25 0.4375 0.6921875 0.03203125 0.2328125
26 0.4 0.6984375 0.04453125 0.24453125
27 0.35546875 0.7046875 0.0484375 0.25703125
28 0.3015625 0.696875 0.0671875 0.24609375
29 0.24296875 0.67890625 0.09296875 0.2265625
30 0.17265625 0.6359375 0.084375 0.2078125
31 0.0984375 0.596875 0.08671875 0.16015625