7 0.18125 0.4125 0.06875 0.17109375
6 0.240625 0.421875 0.0703125 0.21171875
5 0.303125 0.43359375 0.0640625 0.2390625
4 0.35703125 0.4328125 0.04296875 0.24140625
3 0.39921875 0.428125 0.046875 0.24609375
2 0.44375 0.42421875 0.04921875 0.2796875
1 0.49375 0.45703125 0.0515625 0.2140625
0 0.534375 0.4765625 0.046875 0.20546875
8 0.58125 0.47109375 0.046875 0.2203125
9 0.62578125 0.453125 0.03828125 0.23515625
10 0.66796875 0.44375 0.04453125 0.24609375
11 0.709375 0.43125 0.04296875 0.23046875
12 0.75234375 0.43046875 0.04296875 0.2328125
13 0.803125 0.43828125 0.0640625 0.21796875
14 0.865625 0.43046875 0.06015625 0.1984375
15 0.91328125 0.37265625 0.053125 0.17734375
31 0.175 0.6328125 0.08125 0.20078125
30 0.24921875 0.66640625 0.09609375 0.23046875
29 0.321875 0.70078125 0.09609375 0.2390625
28 0.384375 0.6921875 0.0515625 0.2140625
27 0.428125 0.70703125 0.04453125 0.2390625
26 0.4671875 0.71015625 0.04453125 0.2375
25 0.51171875 0.7171875 0.040625 0.22421875
24 0.540625 0.71875 0.034375 0.21171875
16 0.56484375 0.7140625 0.0234375 0.196875
17 0.596875 0.69140625 0.03203125 0.1734375
18 0.6375 0.71171875 0.04453125 0.23515625
19 0.671875 0.70390625 0.04453125 0.2375
20 0.71875 0.68515625 0.0578125 0.20703125
21 0.78203125 0.69765625 0.09375 0.24609375
22 0.85390625 0.66796875 0.09609375 0.22890625
23 0.91953125 0.63984375 0.07890625 0.203125