16 0.55078125 0.73359375 0.0375 0.1984375
17 0.5921875 0.79375 0.05078125 0.21328125
22 0.75703125 0.68515625 0.103125 0.2109375
23 0.82421875 0.6578125 0.0734375 0.13515625
24 0.52109375 0.73984375 0.04609375 0.1859375
25 0.48515625 0.81484375 0.05078125 0.1796875
30 0.2875 0.68515625 0.121875 0.2109375
31 0.209375 0.66640625 0.08203125 0.13984375
6 0.27109375 0.453125 0.08828125 0.22578125
0 0.50078125 0.50703125 0.0609375 0.23671875
1 0.475 0.50859375 0.05859375 0.20234375
8 0.55234375 0.5203125 0.05078125 0.19609375
9 0.59765625 0.52734375 0.04375 0.21015625
10 0.63671875 0.54375 0.0421875 0.20078125
14 0.7765625 0.459375 0.0734375 0.20078125
15 0.79921875 0.3375 0.06953125 0.15
21 0.68671875 0.71171875 0.0796875 0.17109375
20 0.63828125 0.7390625 0.0671875 0.17109375
29 0.37578125 0.709375 0.0796875 0.1671875
28 0.4328125 0.725 0.0671875 0.1515625
5 0.33203125 0.53125 0.07109375 0.1421875
2 0.42421875 0.36484375 0.0671875 0.1546875
3 0.4015625 0.4625 0.0671875 0.11328125
10 0.63203125 0.36796875 0.05859375 0.14296875
11 0.6625 0.4421875 0.05234375 0.1453125
4 0.34453125 0.403125 0.0546875 0.11328125
12 0.7125 0.396875 0.0421875 0.11640625
13 0.721875 0.528125 0.0609375 0.1453125
7 0.24140625 0.3421875 0.0796875 0.15859375