7 0.21015625 0.22578125 0.0609375 0.13984375
6 0.26328125 0.28984375 0.0671875 0.25859375
4 0.35390625 0.315625 0.0453125 0.2546875
3 0.38984375 0.3078125 0.0390625 0.28671875
2 0.425 0.30234375 0.05859375 0.3234375
1 0.47421875 0.328125 0.034375 0.24140625
0 0.50546875 0.34609375 0.04140625 0.2671875
8 0.55390625 0.3390625 0.04765625 0.2890625
9 0.5953125 0.328125 0.0390625 0.3015625
10 0.63671875 0.3265625 0.04296875 0.29765625
11 0.671875 0.33359375 0.05 0.2609375
12 0.715625 0.33203125 0.0453125 0.24375
15 0.83046875 0.23828125 0.05859375 0.15703125
22 0.8546875 0.5359375 0.090625 0.1765625
21 0.7828125 0.56640625 0.09765625 0.228125
20 0.7140625 0.61328125 0.0515625 0.24375
19 0.66328125 0.615625 0.0453125 0.2390625
18 0.615625 0.6296875 0.05 0.2890625
17 0.57109375 0.5890625 0.034375 0.1875
16 0.53984375 0.5921875 0.028125 0.175
24 0.509375 0.58125 0.05 0.196875
25 0.47890625 0.59453125 0.02890625 0.18046875
26 0.4328125 0.60234375 0.0515625 0.25625
27 0.3875 0.59609375 0.04765625 0.2390625
28 0.33515625 0.59609375 0.0609375 0.24375
30 0.203125 0.51875 0.0953125 0.1765625