7 0.23828125 0.35703125 0.06640625 0.13515625
6 0.25625 0.4625 0.06640625 0.1578125
5 0.31015625 0.48203125 0.06640625 0.184375
4 0.36328125 0.48984375 0.04453125 0.20390625
3 0.39921875 0.49375 0.04453125 0.22421875
2 0.43203125 0.48984375 0.04453125 0.2078125
1 0.471875 0.5203125 0.0359375 0.1734375
0 0.503125 0.515625 0.03828125 0.26796875
8 0.54453125 0.51328125 0.03984375 0.2078125
9 0.5796875 0.51953125 0.034375 0.19140625
10 0.61328125 0.496875 0.034375 0.22578125
11 0.6484375 0.50546875 0.03984375 0.21171875
12 0.684375 0.49765625 0.0359375 0.2
13 0.7296875 0.49140625 0.05859375 0.18359375
14 0.7734375 0.45546875 0.06015625 0.17578125
15 0.7890625 0.3640625 0.05625 0.10546875
23 0.8390625 0.5921875 0.06015625 0.11171875
22 0.7921875 0.64296875 0.08203125 0.1734375
21 0.740625 0.70234375 0.09609375 0.20390625
20 0.68359375 0.7328125 0.05 0.2
19 0.640625 0.7375 0.04453125 0.18984375
18 0.60546875 0.76640625 0.034375 0.22421875
17 0.57265625 0.7515625 0.03203125 0.19375
16 0.5453125 0.7484375 0.03046875 0.18359375
24 0.51640625 0.7515625 0.028125 0.18984375
25 0.4921875 0.74453125 0.03203125 0.18359375
26 0.4546875 0.740625 0.0421875 0.171875
27 0.41953125 0.7171875 0.05234375 0.1734375
28 0.3671875 0.72421875 0.05625 0.20390625
29 0.3015625 0.7 0.10859375 0.203125
30 0.23671875 0.64375 0.10078125 0.17578125
31 0.17890625 0.60859375 0.06796875 0.121875