31 0.1140625 0.5171875 0.08828125 0.1484375
30 0.19296875 0.54140625 0.08203125 0.19375
29 0.26328125 0.575 0.08828125 0.20390625
26 0.4078125 0.603125 0.0453125 0.21796875
25 0.4484375 0.59140625 0.03671875 0.17109375
24 0.4859375 0.5765625 0.0328125 0.15703125
16 0.5203125 0.57734375 0.0296875 0.146875
17 0.55703125 0.590625 0.04921875 0.18125
18 0.603125 0.61015625 0.05546875 0.22421875
19 0.64453125 0.5875 0.046875 0.2078125
20 0.68828125 0.575 0.04921875 0.1796875
28 0.31640625 0.5796875 0.04296875 0.175
27 0.35859375 0.59765625 0.04921875 0.2078125
21 0.753125 0.5734375 0.0796875 0.2078125
22 0.82890625 0.54140625 0.084375 0.19765625
23 0.89921875 0.515625 0.08203125 0.15859375
7 0.1515625 0.21953125 0.06953125 0.13203125
6 0.18359375 0.34921875 0.06796875 0.16484375
5 0.24453125 0.3515625 0.071875 0.2
4 0.3046875 0.37890625 0.04296875 0.18359375
3 0.34765625 0.3828125 0.0390625 0.18359375
2 0.3859375 0.35390625 0.046875 0.23671875
1 0.43359375 0.37578125 0.046875 0.19765625
0 0.484375 0.3796875 0.05546875 0.19375
8 0.540625 0.378125 0.053125 0.1984375
9 0.5921875 0.3640625 0.0453125 0.228125
10 0.628125 0.34375 0.046875 0.2078125
11 0.6640625 0.384375 0.0453125 0.175
12 0.7078125 0.37578125 0.04296875 0.18203125
13 0.765625 0.3609375 0.071875 0.184375
14 0.8296875 0.3265625 0.065625 0.21953125
15 0.86796875 0.2328125 0.06328125 0.13828125