16 0.49140625 0.71875 0.0296875 0.20546875
17 0.525 0.7234375 0.03359375 0.2140625
18 0.56328125 0.74296875 0.0421875 0.27109375
19 0.609375 0.7390625 0.0546875 0.25390625
24 0.46484375 0.7234375 0.0359375 0.20546875
25 0.434375 0.73671875 0.0421875 0.2203125
26 0.403125 0.75703125 0.059375 0.24921875
27 0.3515625 0.7625 0.0609375 0.2328125
29 0.21171875 0.725 0.11171875 0.2171875
0 0.4296875 0.47109375 0.03984375 0.2203125
2 0.38046875 0.459375 0.0609375 0.2734375
3 0.3078125 0.50234375 0.059375 0.20390625
8 0.4703125 0.46640625 0.0421875 0.2234375
9 0.52109375 0.47734375 0.04609375 0.1953125
10 0.5625 0.45390625 0.0484375 0.25390625
11 0.6046875 0.44765625 0.0484375 0.2796875
12 0.6484375 0.46015625 0.0484375 0.2203125