7 0.17734375 0.31015625 0.07578125 0.128125
6 0.1984375 0.40859375 0.0734375 0.190625
5 0.25234375 0.44296875 0.065625 0.184375
4 0.3046875 0.4515625 0.046875 0.19375
3 0.34765625 0.45 0.046875 0.21171875
2 0.3875 0.4359375 0.040625 0.25703125
1 0.4265625 0.4578125 0.0328125 0.19453125
0 0.46484375 0.4609375 0.03671875 0.21328125
8 0.50546875 0.4484375 0.03515625 0.23671875
9 0.54375 0.45 0.04296875 0.21953125
10 0.5828125 0.41640625 0.046875 0.24296875
11 0.621875 0.45 0.0390625 0.20390625
12 0.6578125 0.4421875 0.0453125 0.2
13 0.71171875 0.4453125 0.06328125 0.16875
15 0.796875 0.3296875 0.06328125 0.109375
23 0.815625 0.596875 0.065625 0.12421875
22 0.75625 0.61953125 0.08984375 0.18515625
21 0.68984375 0.65859375 0.0921875 0.2015625
20 0.62734375 0.6703125 0.053125 0.19765625
19 0.5890625 0.6734375 0.06328125 0.18359375
18 0.55546875 0.71796875 0.03671875 0.15703125
17 0.5234375 0.67890625 0.05546875 0.19765625
16 0.496875 0.678125 0.03515625 0.171875
24 0.4796875 0.671875 0.053125 0.20390625
25 0.4453125 0.6703125 0.03046875 0.15703125
26 0.4078125 0.703125 0.040625 0.19296875
27 0.37109375 0.68671875 0.04921875 0.19375
28 0.32890625 0.68359375 0.0515625 0.20390625
29 0.265625 0.66328125 0.0921875 0.2
30 0.203125 0.62265625 0.09453125 0.19140625
31 0.1453125 0.58828125 0.065625 0.12265625
14 0.7703125 0.415625 0.065625 0.1796875