31 0.17109375 0.5765625 0.1109375 0.184375
30 0.22890625 0.64140625 0.12734375 0.1703125
6 0.196875 0.40859375 0.05859375 0.196875
5 0.2578125 0.4296875 0.0734375 0.21875
4 0.321875 0.45390625 0.05078125 0.21875
3 0.371875 0.4484375 0.05078125 0.21484375
2 0.41640625 0.44921875 0.04609375 0.2328125
1 0.46171875 0.4390625 0.04453125 0.22890625
0 0.49921875 0.43515625 0.04765625 0.22890625
8 0.54765625 0.453125 0.05078125 0.2046875
9 0.58984375 0.45703125 0.0421875 0.2046875
10 0.63125 0.44765625 0.0484375 0.2421875
11 0.6609375 0.4484375 0.0359375 0.22265625
12 0.70078125 0.44609375 0.03828125 0.17421875
13 0.7421875 0.46015625 0.05625 0.20234375
14 0.7953125 0.4265625 0.0546875 0.23671875
15 0.84609375 0.4171875 0.0546875 0.18828125
23 0.85703125 0.58828125 0.096875 0.18046875
22 0.79296875 0.65 0.0828125 0.17421875
20 0.68828125 0.6625 0.03828125 0.2046875
19 0.6484375 0.65859375 0.03828125 0.196875
18 0.6140625 0.65546875 0.04609375 0.178125
17 0.57578125 0.6609375 0.0421875 0.1765625
16 0.5421875 0.65078125 0.0359375 0.1765625
24 0.51640625 0.66015625 0.040625 0.17109375
25 0.4765625 0.64140625 0.034375 0.15
26 0.43828125 0.65390625 0.04609375 0.18671875
27 0.39140625 0.6609375 0.04453125 0.20859375
28 0.34609375 0.6671875 0.04609375 0.22578125