31 0.18359375 0.51328125 0.090625 0.13984375
30 0.23359375 0.5875 0.10625 0.19140625
28 0.33046875 0.628125 0.04609375 0.22421875
27 0.371875 0.63984375 0.0484375 0.2359375
26 0.41796875 0.64921875 0.04453125 0.2421875
25 0.45703125 0.653125 0.034375 0.2421875
24 0.49296875 0.6375 0.034375 0.20703125
16 0.52421875 0.6140625 0.03203125 0.15546875
17 0.559375 0.64609375 0.03828125 0.21953125
18 0.603125 0.6734375 0.05390625 0.28203125
19 0.6453125 0.653125 0.05390625 0.23359375
20 0.684375 0.6453125 0.05234375 0.2296875
23 0.8203125 0.51953125 0.06640625 0.11953125
7 0.19375 0.325 0.04609375 0.14375
6 0.228125 0.340625 0.0625 0.2078125
5 0.28984375 0.37265625 0.0625 0.19609375
2 0.38828125 0.3546875 0.0421875 0.2921875
1 0.434375 0.3796875 0.05 0.23828125
0 0.47421875 0.371875 0.03984375 0.25
8 0.5171875 0.35703125 0.04609375 0.2640625
9 0.5609375 0.38671875 0.0421875 0.22421875
10 0.60625 0.384375 0.0484375 0.22578125
11 0.64453125 0.384375 0.04453125 0.20546875
12 0.68046875 0.3734375 0.03203125 0.2171875
13 0.72578125 0.39609375 0.0625 0.18984375
14 0.77734375 0.36171875 0.06796875 0.19765625
15 0.81953125 0.3390625 0.07265625 0.1484375