31 0.17109375 0.62578125 0.071875 0.121875
30 0.23359375 0.6375 0.0953125 0.1765625
29 0.303125 0.68125 0.0859375 0.19453125
28 0.36015625 0.696875 0.0640625 0.19921875
27 0.403125 0.7015625 0.053125 0.19609375
26 0.4421875 0.69765625 0.0484375 0.16875
25 0.4796875 0.68046875 0.040625 0.15703125
24 0.50859375 0.69921875 0.0296875 0.15625
16 0.53203125 0.68203125 0.025 0.13359375
17 0.559375 0.6921875 0.0328125 0.16875
18 0.5953125 0.70859375 0.0390625 0.19453125
19 0.634375 0.7 0.05078125 0.18828125
20 0.678125 0.68828125 0.046875 0.178125
21 0.72734375 0.6640625 0.084375 0.19140625
22 0.7859375 0.61015625 0.084375 0.178125
23 0.8515625 0.584375 0.0625 0.1140625
7 0.2234375 0.36875 0.0765625 0.128125
6 0.2515625 0.45546875 0.0625 0.1609375
5 0.309375 0.48046875 0.0640625 0.16015625
4 0.3609375 0.48046875 0.04296875 0.171875
3 0.39375 0.48125 0.0328125 0.18046875
2 0.421875 0.46875 0.04296875 0.1796875
1 0.45 0.4921875 0.040625 0.1640625
0 0.4859375 0.4703125 0.046875 0.22578125
8 0.52890625 0.4734375 0.0421875 0.2203125
9 0.56953125 0.475 0.0328125 0.1953125
10 0.603125 0.47734375 0.03515625 0.19375
11 0.6421875 0.47734375 0.046875 0.18125
12 0.68125 0.47109375 0.04296875 0.1765625
13 0.73125 0.465625 0.05625 0.14921875
14 0.778125 0.42578125 0.0640625 0.15234375