7 0.25234375 0.29453125 0.06484375 0.121875
6 0.27578125 0.4015625 0.075 0.18515625
5 0.32109375 0.44375 0.06484375 0.178125
4 0.36796875 0.44609375 0.0484375 0.20546875
3 0.40546875 0.45 0.046875 0.22578125
2 0.43671875 0.4640625 0.040625 0.22578125
1 0.4734375 0.471875 0.040625 0.23203125
0 0.5078125 0.4890625 0.040625 0.2421875
8 0.55078125 0.4890625 0.040625 0.23359375
9 0.5859375 0.47734375 0.03984375 0.21171875
10 0.621875 0.47421875 0.03671875 0.1890625
11 0.653125 0.45 0.046875 0.20546875
12 0.68984375 0.43828125 0.04296875 0.2015625
13 0.73359375 0.43984375 0.0609375 0.17265625
14 0.78046875 0.3984375 0.06484375 0.18671875
15 0.8 0.28828125 0.06328125 0.13046875
31 0.18203125 0.55390625 0.06328125 0.128125
30 0.2328125 0.59453125 0.1078125 0.196875
29 0.3015625 0.6546875 0.10703125 0.21171875
28 0.36953125 0.68984375 0.06875 0.21328125
27 0.41484375 0.696875 0.05625 0.18671875
26 0.45703125 0.6890625 0.040625 0.15859375
25 0.49453125 0.715625 0.034375 0.13828125
24 0.52578125 0.72265625 0.03359375 0.15625
16 0.56171875 0.72421875 0.05078125 0.15234375
17 0.584375 0.70546875 0.04296875 0.121875
18 0.628125 0.69921875 0.05703125 0.1421875
19 0.659375 0.6859375 0.05390625 0.18125
20 0.7 0.67265625 0.06328125 0.1953125
21 0.7578125 0.65078125 0.1015625 0.21171875
22 0.81484375 0.58203125 0.09375 0.18125
23 0.8671875 0.54453125 0.06328125 0.12578125