23 0.8109375 0.5859375 0.075 0.16796875
22 0.76953125 0.63046875 0.10625 0.1859375
20 0.67109375 0.66484375 0.046875 0.20390625
19 0.63125 0.66015625 0.03359375 0.19765625
18 0.59921875 0.66875 0.03359375 0.2234375
17 0.56875 0.65703125 0.02734375 0.1921875
16 0.546875 0.65234375 0.02734375 0.1703125
24 0.52421875 0.66875 0.02578125 0.16015625
25 0.49765625 0.64609375 0.03125 0.19765625
26 0.47109375 0.671875 0.03359375 0.2171875
27 0.4359375 0.66328125 0.04140625 0.20390625
28 0.39375 0.66796875 0.046875 0.19375
29 0.32578125 0.66484375 0.09609375 0.2234375
30 0.246875 0.6234375 0.1125 0.18828125
31 0.2 0.6109375 0.07265625 0.18671875
6 0.22578125 0.4046875 0.06484375 0.1984375
5 0.2921875 0.4234375 0.06875 0.19765625
4 0.3515625 0.42578125 0.0453125 0.2015625
3 0.38515625 0.42109375 0.0453125 0.23515625
1 0.46484375 0.421875 0.03515625 0.2265625
0 0.49765625 0.42734375 0.04296875 0.23359375
8 0.55703125 0.43984375 0.04296875 0.23828125
9 0.5953125 0.43359375 0.0296875 0.2296875
10 0.62578125 0.43828125 0.03515625 0.2234375
11 0.6625 0.43984375 0.0375 0.21328125
12 0.69453125 0.43671875 0.0390625 0.2
13 0.74140625 0.4265625 0.05703125 0.18046875
14 0.796875 0.40859375 0.0515625 0.19609375
2 0.43125 0.4171875 0.06328125 0.2390625