7 0.2265625 0.38125 0.05078125 0.0828125
6 0.25859375 0.43515625 0.0609375 0.1828125
5 0.31328125 0.4546875 0.0640625 0.19453125
4 0.36015625 0.46171875 0.040625 0.20390625
3 0.39921875 0.45234375 0.0453125 0.253125
2 0.43046875 0.47109375 0.0375 0.2390625
1 0.46484375 0.47734375 0.03125 0.21953125
0 0.5 0.4625 0.0390625 0.2609375
8 0.5421875 0.49140625 0.040625 0.21796875
9 0.57734375 0.471875 0.0296875 0.24140625
10 0.609375 0.46953125 0.03515625 0.25078125
11 0.64375 0.45859375 0.040625 0.2453125
12 0.6765625 0.45625 0.0328125 0.221875
13 0.7203125 0.4578125 0.05859375 0.19609375
14 0.7671875 0.4125 0.0625 0.234375
15 0.7953125 0.34921875 0.04296875 0.13984375
23 0.84375 0.60390625 0.078125 0.11796875
22 0.78984375 0.653125 0.0953125 0.2078125
21 0.72578125 0.69375 0.0953125 0.215625
20 0.6796875 0.709375 0.07421875 0.1921875
19 0.6296875 0.72734375 0.040625 0.2
18 0.59765625 0.72421875 0.0390625 0.19453125
17 0.5640625 0.7171875 0.02734375 0.1765625
16 0.5421875 0.72734375 0.03203125 0.18828125
24 0.5125 0.72734375 0.0296875 0.19609375
25 0.4890625 0.72578125 0.0375 0.1984375
26 0.459375 0.74375 0.03515625 0.23828125
27 0.42265625 0.71953125 0.040625 0.2
28 0.37421875 0.71640625 0.06875 0.2140625
29 0.31640625 0.6921875 0.09765625 0.215625
30 0.246875 0.65703125 0.103125 0.209375
31 0.18671875 0.615625 0.0875 0.1375