7 0.22265625 0.36328125 0.0828125 0.13515625
6 0.27265625 0.45078125 0.06953125 0.21328125
5 0.328125 0.5078125 0.06328125 0.10625
4 0.33046875 0.39921875 0.071875 0.14375
3 0.37109375 0.403125 0.0625 0.1796875
2 0.41328125 0.3453125 0.07109375 0.21484375
1 0.459375 0.44375 0.0671875 0.228125
0 0.49921875 0.49453125 0.05625 0.2171875
8 0.55859375 0.47890625 0.0578125 0.24453125
9 0.596875 0.4609375 0.0515625 0.18359375
10 0.628125 0.35390625 0.059375 0.18671875
11 0.66875 0.4078125 0.0484375 0.14375
12 0.71328125 0.39140625 0.0515625 0.1359375
13 0.7203125 0.4984375 0.0515625 0.1125
14 0.77109375 0.440625 0.06640625 0.18828125
15 0.815625 0.35703125 0.07109375 0.1421875
31 0.20703125 0.7125 0.08828125 0.15703125
30 0.28828125 0.7109375 0.10546875 0.2171875
29 0.36484375 0.68515625 0.0859375 0.128125
28 0.4109375 0.7796875 0.0671875 0.12265625
26 0.4671875 0.84609375 0.0671875 0.18671875
27 0.45625 0.69765625 0.03984375 0.1234375
25 0.4890625 0.70859375 0.04765625 0.15859375
24 0.51640625 0.73984375 0.0453125 0.20546875
16 0.5484375 0.7421875 0.03828125 0.22109375
17 0.5796875 0.74296875 0.0296875 0.2359375
19 0.6078125 0.6953125 0.03984375 0.12265625
18 0.6265625 0.8453125 0.07265625 0.1984375
20 0.6421875 0.68359375 0.0546875 0.09921875
21 0.70078125 0.6765625 0.059375 0.12265625
22 0.76328125 0.68984375 0.1015625 0.20859375
23 0.834375 0.68515625 0.0765625 0.128125