6 0.23046875 0.4453125 0.0640625 0.15625
5 0.2859375 0.45078125 0.0640625 0.196875
4 0.33515625 0.48046875 0.046875 0.178125
3 0.37578125 0.471875 0.046875 0.22109375
2 0.41484375 0.46953125 0.04296875 0.25078125
1 0.45546875 0.50078125 0.03828125 0.21484375
0 0.490625 0.4984375 0.04453125 0.26640625
8 0.53984375 0.5109375 0.04453125 0.253125
9 0.5734375 0.5109375 0.040625 0.21484375
10 0.6109375 0.50234375 0.03828125 0.21015625
11 0.64609375 0.49921875 0.04921875 0.19140625
12 0.68828125 0.4828125 0.04296875 0.1921875
13 0.73515625 0.46953125 0.06015625 0.17421875
14 0.78828125 0.44609375 0.0640625 0.16953125
23 0.85078125 0.60859375 0.07265625 0.13984375
22 0.78984375 0.6609375 0.0875 0.19375
21 0.73046875 0.7046875 0.0984375 0.20390625
20 0.6734375 0.73046875 0.0640625 0.2
19 0.628125 0.74296875 0.0515625 0.2
18 0.58984375 0.76796875 0.034375 0.20625
17 0.56171875 0.75625 0.02578125 0.16953125
16 0.53125 0.7578125 0.028125 0.1828125
24 0.50390625 0.7578125 0.0265625 0.1828125
25 0.4796875 0.740625 0.03203125 0.1484375
26 0.4484375 0.7640625 0.03828125 0.2171875
27 0.4078125 0.73203125 0.06015625 0.1953125
28 0.36328125 0.725 0.06015625 0.20625
29 0.303125 0.70546875 0.10234375 0.21015625
30 0.2421875 0.65859375 0.0875 0.1890625
31 0.18515625 0.63046875 0.06640625 0.14921875