27 0.40234375 0.5859375 0.0421875 0.196875
26 0.43671875 0.59609375 0.03828125 0.196875
25 0.47109375 0.5984375 0.03046875 0.17265625
24 0.49765625 0.5921875 0.0234375 0.16015625
16 0.52734375 0.59765625 0.03046875 0.1703125
17 0.553125 0.5984375 0.03828125 0.18046875
18 0.5859375 0.596875 0.03828125 0.2015625
19 0.621875 0.59453125 0.021875 0.1484375
8 0.54140625 0.3671875 0.04609375 0.2546875
9 0.58203125 0.3859375 0.034375 0.20234375
0 0.496875 0.38125 0.03046875 0.16640625
1 0.4625 0.38828125 0.021875 0.13515625
6 0.23046875 0.3390625 0.0546875 0.2015625
5 0.28125 0.321875 0.046875 0.184375
4 0.31484375 0.36015625 0.02578125 0.13828125