6 0.2046875 0.36484375 0.0578125 0.21796875
5 0.265625 0.38515625 0.06796875 0.215625
4 0.31171875 0.37890625 0.0375 0.20859375
3 0.3421875 0.40625 0.0515625 0.20546875
2 0.384375 0.4203125 0.0375 0.1953125
1 0.421875 0.42265625 0.0328125 0.18515625
0 0.46171875 0.421875 0.0390625 0.2109375
8 0.50546875 0.425 0.0390625 0.2015625
9 0.54140625 0.43203125 0.0328125 0.1953125
10 0.57734375 0.428125 0.0390625 0.2078125
11 0.61171875 0.421875 0.0453125 0.203125
12 0.6484375 0.42421875 0.04921875 0.2078125
13 0.70234375 0.42421875 0.06171875 0.19921875
14 0.76484375 0.39296875 0.0578125 0.2078125
31 0.15390625 0.51171875 0.09296875 0.17265625
30 0.2109375 0.5859375 0.0953125 0.2140625
29 0.2921875 0.60703125 0.109375 0.1890625
28 0.33984375 0.62109375 0.04765625 0.18046875
27 0.37265625 0.63515625 0.04765625 0.1828125
26 0.40703125 0.62734375 0.04921875 0.1890625
25 0.43984375 0.63515625 0.04140625 0.17421875
24 0.4671875 0.63359375 0.0296875 0.15625
16 0.49453125 0.63203125 0.0265625 0.16015625
17 0.5203125 0.63359375 0.0328125 0.1765625
18 0.5515625 0.6421875 0.0328125 0.1890625
19 0.5828125 0.63203125 0.0375 0.18203125
20 0.61875 0.63828125 0.0390625 0.19296875
21 0.6765625 0.62734375 0.084375 0.19296875
22 0.75390625 0.609375 0.103125 0.19765625
23 0.81796875 0.54609375 0.0953125 0.17890625