31 0.16015625 0.56015625 0.0734375 0.1375
30 0.22265625 0.5921875 0.10859375 0.20234375
29 0.28984375 0.65859375 0.1171875 0.221875
28 0.36015625 0.69609375 0.07578125 0.228125
27 0.40703125 0.7140625 0.0609375 0.2328125
26 0.44609375 0.7234375 0.05625 0.21328125
25 0.4921875 0.72109375 0.03671875 0.2
24 0.525 0.73125 0.028125 0.15078125
16 0.55625 0.70625 0.03046875 0.15703125
17 0.58984375 0.7125 0.03671875 0.16953125
18 0.6328125 0.7359375 0.05859375 0.2078125
19 0.66953125 0.72421875 0.05859375 0.2328125
20 0.7140625 0.7109375 0.06484375 0.240625
21 0.784375 0.6734375 0.10625 0.23515625
22 0.8546875 0.6171875 0.10859375 0.2265625
23 0.91484375 0.57734375 0.07578125 0.1375
15 0.8734375 0.28203125 0.07109375 0.11328125
14 0.84921875 0.3828125 0.07109375 0.20234375
13 0.79453125 0.425 0.06484375 0.2
12 0.73828125 0.44140625 0.05625 0.21953125
11 0.69453125 0.4515625 0.05625 0.2453125
10 0.6546875 0.4484375 0.0453125 0.28671875
9 0.6125 0.4671875 0.0390625 0.2453125
8 0.56640625 0.475 0.05 0.2578125
0 0.51640625 0.47109375 0.05 0.26328125
1 0.47421875 0.46796875 0.0390625 0.2390625
2 0.4296875 0.4453125 0.0453125 0.284375
3 0.39140625 0.43671875 0.05625 0.2671875
4 0.34921875 0.43046875 0.06171875 0.2328125
5 0.2921875 0.41328125 0.06953125 0.2078125
6 0.23046875 0.38125 0.07109375 0.1875
7 0.2109375 0.2609375 0.07578125 0.13203125