7 0.17109375 0.3796875 0.0640625 0.1578125
6 0.21875 0.384375 0.0546875 0.203125
5 0.275 0.39375 0.05859375 0.2171875
4 0.32421875 0.40546875 0.0390625 0.2046875
3 0.36328125 0.409375 0.04296875 0.2171875
2 0.4 0.40625 0.046875 0.23046875
1 0.446875 0.428125 0.04296875 0.19921875
0 0.48515625 0.4265625 0.0484375 0.196875
8 0.5359375 0.4171875 0.0453125 0.2171875
9 0.578125 0.4125 0.0390625 0.23046875
10 0.62109375 0.3984375 0.0546875 0.24609375
11 0.65 0.40546875 0.0390625 0.2171875
12 0.684375 0.38984375 0.03828125 0.2171875
13 0.73046875 0.39375 0.05859375 0.2015625
14 0.784375 0.3765625 0.053125 0.203125
15 0.8328125 0.375 0.053125 0.15625
31 0.16015625 0.56953125 0.06640625 0.1703125
30 0.2140625 0.60859375 0.0875 0.209375
29 0.2890625 0.640625 0.08203125 0.234375
28 0.340625 0.64765625 0.0484375 0.2328125
27 0.3796875 0.64765625 0.040625 0.225
26 0.4109375 0.6609375 0.0609375 0.240625
25 0.4609375 0.6421875 0.03515625 0.18359375
24 0.490625 0.63359375 0.0234375 0.1734375
16 0.515625 0.6265625 0.02734375 0.1796875
17 0.5546875 0.63671875 0.046875 0.171875
18 0.5921875 0.6484375 0.0625 0.21875
19 0.61953125 0.634375 0.03984375 0.20703125
20 0.66328125 0.6328125 0.0484375 0.20703125
21 0.71484375 0.63125 0.078125 0.21484375
22 0.7828125 0.59765625 0.0859375 0.20703125
23 0.83984375 0.55078125 0.07421875 0.171875