7 0.22421875 0.3484375 0.07109375 0.13359375
6 0.23515625 0.446875 0.05390625 0.14375
5 0.290625 0.42890625 0.0578125 0.19921875
4 0.340625 0.440625 0.04921875 0.18671875
3 0.3703125 0.44375 0.046875 0.2046875
2 0.4046875 0.44765625 0.04375 0.2203125
1 0.44296875 0.44921875 0.0328125 0.2125
0 0.47734375 0.44609375 0.0375 0.21953125
8 0.5171875 0.44921875 0.0375 0.23203125
9 0.5515625 0.4546875 0.03203125 0.20546875
10 0.58828125 0.44765625 0.04140625 0.23203125
11 0.628125 0.44140625 0.04140625 0.22421875
12 0.6625 0.45390625 0.03984375 0.171875
13 0.70234375 0.43984375 0.06328125 0.2046875
14 0.7671875 0.42578125 0.0578125 0.2046875
15 0.79296875 0.36484375 0.04921875 0.11171875
31 0.17578125 0.603125 0.06171875 0.11484375
30 0.2328125 0.64296875 0.08515625 0.20625
29 0.29140625 0.67734375 0.08359375 0.22421875
28 0.34921875 0.68515625 0.04765625 0.22421875
27 0.38828125 0.6921875 0.0375 0.2234375
26 0.41953125 0.69375 0.0453125 0.2203125
25 0.4609375 0.6765625 0.0265625 0.1828125
24 0.490625 0.6671875 0.01875 0.15390625
16 0.515625 0.66484375 0.0234375 0.15078125
17 0.54296875 0.6703125 0.0296875 0.1546875
18 0.584375 0.7015625 0.04140625 0.2203125
19 0.6140625 0.70234375 0.0375 0.23046875
20 0.6578125 0.6921875 0.05390625 0.2265625
21 0.709375 0.6828125 0.08515625 0.221875
22 0.775 0.64609375 0.0890625 0.20078125
23 0.83828125 0.609375 0.0734375 0.11484375