23 0.90078125 0.55 0.09609375 0.11171875
22 0.8296875 0.6078125 0.0890625 0.21640625
21 0.76875 0.6390625 0.09453125 0.2328125
20 0.70390625 0.65078125 0.0515625 0.22421875
19 0.66484375 0.6640625 0.046875 0.2390625
18 0.6171875 0.646875 0.0453125 0.25703125
17 0.5765625 0.640625 0.0390625 0.24453125
16 0.540625 0.60625 0.0328125 0.16328125
24 0.51015625 0.6140625 0.03671875 0.1953125
25 0.478125 0.6125 0.046875 0.1953125
26 0.4296875 0.62734375 0.0515625 0.25546875
31 0.12890625 0.53515625 0.08203125 0.17734375
30 0.18828125 0.58125 0.10625 0.2203125
29 0.265625 0.61796875 0.10859375 0.23671875
28 0.328125 0.63671875 0.065625 0.24921875
27 0.38125 0.6484375 0.053125 0.2390625
7 0.1421875 0.3234375 0.06328125 0.184375
6 0.2015625 0.3296875 0.059375 0.2078125
5 0.26640625 0.34921875 0.065625 0.17421875
4 0.325 0.334375 0.046875 0.2140625
3 0.36796875 0.34921875 0.046875 0.19765625
2 0.4109375 0.35390625 0.0515625 0.228125
1 0.46015625 0.35390625 0.0515625 0.23671875
0 0.50703125 0.36953125 0.059375 0.234375
8 0.5515625 0.37578125 0.04921875 0.22265625
9 0.59765625 0.3796875 0.04296875 0.20625
10 0.64140625 0.35234375 0.040625 0.2625
11 0.6796875 0.38359375 0.04296875 0.18125
12 0.72109375 0.38203125 0.040625 0.17734375
14 0.81328125 0.34609375 0.05703125 0.22109375
15 0.865625 0.33671875 0.0515625 0.19375