7 0.19140625 0.35625 0.05078125 0.10234375
6 0.2203125 0.40078125 0.0546875 0.2
5 0.275 0.40703125 0.05859375 0.184375
4 0.32421875 0.4078125 0.0390625 0.2109375
3 0.3640625 0.42421875 0.040625 0.2078125
2 0.4015625 0.4125 0.040625 0.25859375
1 0.4375 0.42109375 0.03515625 0.2375
0 0.4765625 0.41328125 0.04296875 0.26484375
8 0.5171875 0.421875 0.0546875 0.24609375
9 0.56171875 0.4265625 0.0375 0.215625
10 0.5984375 0.409375 0.040625 0.26875
11 0.6390625 0.4109375 0.046875 0.2546875
12 0.68046875 0.41875 0.0421875 0.21171875
13 0.73125 0.41640625 0.0640625 0.18828125
14 0.78828125 0.40703125 0.0609375 0.1921875
15 0.815625 0.3484375 0.05625 0.09453125
31 0.1859375 0.5515625 0.09765625 0.13125
29 0.29375 0.63359375 0.0953125 0.21953125
28 0.3484375 0.65859375 0.05625 0.2234375
27 0.3875 0.65703125 0.0484375 0.21171875
26 0.425 0.6734375 0.053125 0.23046875
25 0.46171875 0.6765625 0.0375 0.22734375
24 0.48984375 0.6375 0.034375 0.184375
16 0.51953125 0.63984375 0.0234375 0.14765625
17 0.54765625 0.65 0.0296875 0.16328125
18 0.5796875 0.67734375 0.03515625 0.2296875
19 0.621875 0.659375 0.0484375 0.20234375
20 0.6609375 0.66171875 0.0609375 0.22578125
21 0.728125 0.6359375 0.09765625 0.21796875
23 0.8125 0.57578125 0.1171875 0.1515625