23 0.86328125 0.47265625 0.0875 0.1984375
22 0.803125 0.51796875 0.0953125 0.22734375
21 0.73671875 0.56796875 0.0953125 0.23984375
20 0.6828125 0.59921875 0.0703125 0.26015625
19 0.6265625 0.59921875 0.05 0.24375
18 0.58828125 0.6 0.04375 0.24609375
17 0.540625 0.59453125 0.03515625 0.2109375
16 0.50703125 0.59375 0.02578125 0.2
24 0.47890625 0.5859375 0.025 0.1796875
25 0.45 0.60234375 0.0328125 0.2046875
26 0.4015625 0.62890625 0.0515625 0.27890625
27 0.36328125 0.60703125 0.05390625 0.23515625
28 0.3203125 0.59609375 0.0640625 0.22109375
29 0.26875 0.5796875 0.08515625 0.23359375
30 0.20546875 0.54296875 0.0828125 0.23125
31 0.14453125 0.51328125 0.07265625 0.175
13 0.7375 0.325 0.0640625 0.2109375
0 0.471875 0.35078125 0.04375 0.24140625
10 0.60234375 0.3296875 0.04765625 0.2890625
15 0.84765625 0.2375 0.06796875 0.17109375
14 0.79609375 0.2890625 0.075 0.21328125
12 0.684375 0.31796875 0.05234375 0.26171875
11 0.65078125 0.30703125 0.0375 0.2703125
7 0.1765625 0.27109375 0.0859375 0.1890625
6 0.21640625 0.31015625 0.071875 0.2375
5 0.26953125 0.33203125 0.065625 0.23984375
4 0.31875 0.33125 0.05078125 0.271875
3 0.36015625 0.35546875 0.05625 0.23671875
2 0.39296875 0.3484375 0.05078125 0.26796875
1 0.4296875 0.33984375 0.04453125 0.2640625
8 0.515625 0.3328125 0.0546875 0.27109375
9 0.55703125 0.3328125 0.0546875 0.25859375