7 0.2265625 0.321875 0.0671875 0.13984375
6 0.265625 0.35703125 0.07109375 0.1828125
5 0.31015625 0.3953125 0.0609375 0.1734375
4 0.35625 0.3953125 0.0390625 0.2078125
3 0.39140625 0.4 0.03515625 0.22109375
2 0.4265625 0.39921875 0.0375 0.246875
1 0.4625 0.4109375 0.03125 0.24296875
0 0.49765625 0.415625 0.03515625 0.2296875
8 0.534375 0.41796875 0.03359375 0.2453125
9 0.56953125 0.4125 0.0296875 0.23828125
10 0.60703125 0.40859375 0.0375 0.2390625
11 0.640625 0.40234375 0.04140625 0.22109375
12 0.6765625 0.40078125 0.04140625 0.19609375
13 0.7203125 0.3765625 0.06328125 0.2015625
14 0.7703125 0.35078125 0.06484375 0.18984375
15 0.80703125 0.32734375 0.059375 0.12734375
23 0.825 0.49765625 0.075 0.1578125
22 0.77578125 0.56875 0.08671875 0.1890625
21 0.71484375 0.6203125 0.08671875 0.2171875
20 0.66171875 0.6375 0.05546875 0.20390625
19 0.62734375 0.64296875 0.053125 0.1921875
18 0.6015625 0.675 0.05703125 0.2234375
17 0.56171875 0.65625 0.0296875 0.178125
16 0.53515625 0.653125 0.0234375 0.16796875
24 0.51015625 0.64921875 0.02265625 0.1640625
25 0.48515625 0.65 0.03359375 0.16640625
26 0.45078125 0.65 0.0390625 0.1703125
27 0.4171875 0.6453125 0.0515625 0.19609375
28 0.37734375 0.6390625 0.0609375 0.20390625
29 0.31953125 0.62421875 0.09609375 0.21328125
30 0.2609375 0.565625 0.08828125 0.18203125
31 0.20546875 0.496875 0.08828125 0.16640625