23 0.80546875 0.53828125 0.0609375 0.12265625
21 0.69765625 0.60859375 0.08828125 0.234375
19 0.6 0.66015625 0.04375 0.24921875
18 0.5609375 0.728125 0.04609375 0.2171875
17 0.52421875 0.65078125 0.03125 0.209375
13 0.71015625 0.3359375 0.06328125 0.24296875
31 0.1453125 0.5328125 0.0671875 0.12109375
30 0.2109375 0.53828125 0.08203125 0.1859375
28 0.32265625 0.63671875 0.0578125 0.23203125
12 0.6609375 0.3640625 0.0359375 0.215625
11 0.625 0.3859375 0.04375 0.21328125
14 0.75703125 0.328125 0.0609375 0.1734375
15 0.75234375 0.15078125 0.05859375 0.1
10 0.575 0.2796875 0.0953125 0.1015625
9 0.56484375 0.42265625 0.0375 0.18203125
8 0.52421875 0.42109375 0.04375 0.19921875
7 0.2265625 0.171875 0.07109375 0.10390625
6 0.2203125 0.340625 0.0671875 0.15625
5 0.27734375 0.34375 0.0765625 0.2328125
4 0.32890625 0.3546875 0.04296875 0.240625
3 0.36796875 0.36015625 0.0421875 0.27265625
2 0.40703125 0.309375 0.0640625 0.1640625
1 0.43515625 0.36328125 0.0375 0.2953125
0 0.4765625 0.3671875 0.0625 0.31875
29 0.26796875 0.5953125 0.1125 0.24140625
25 0.4359375 0.65703125 0.03125 0.234375
27 0.36953125 0.6625 0.0375 0.2828125
26 0.403125 0.6140625 0.0296875 0.13515625
22 0.7484375 0.54453125 0.0984375 0.1859375
24 0.4640625 0.6421875 0.02890625 0.19140625
16 0.49296875 0.6453125 0.0265625 0.1953125
20 0.64296875 0.62578125 0.0703125 0.2140625