30 0.21171875 0.58359375 0.109375 0.15390625
29 0.2625 0.63515625 0.1296875 0.16875
24 0.471875 0.69140625 0.03125 0.1453125
25 0.4390625 0.70703125 0.03359375 0.20078125
26 0.39453125 0.6859375 0.0484375 0.17890625
16 0.49609375 0.69296875 0.028125 0.14921875
17 0.53125 0.71171875 0.05390625 0.18203125
18 0.5625 0.71171875 0.04375 0.19296875
19 0.5875 0.71484375 0.05390625 0.2046875
22 0.75078125 0.63125 0.11953125 0.1609375
5 0.27109375 0.44453125 0.0671875 0.1609375
4 0.3203125 0.4625 0.0453125 0.196875
3 0.3578125 0.47109375 0.0359375 0.2109375
2 0.3984375 0.4703125 0.04453125 0.23203125
1 0.43125 0.47421875 0.0265625 0.23671875
0 0.4734375 0.49296875 0.03828125 0.209375
8 0.51640625 0.4859375 0.03984375 0.20390625
9 0.559375 0.47734375 0.0375 0.2078125
10 0.60078125 0.475 0.053125 0.22265625
11 0.640625 0.48203125 0.04765625 0.20859375
12 0.67265625 0.4609375 0.0671875 0.18984375
13 0.72890625 0.45078125 0.06015625 0.1578125