7 0.1859375 0.275 0.05078125 0.16015625
6 0.2296875 0.3046875 0.053125 0.203125
5 0.28515625 0.3078125 0.0625 0.2515625
4 0.33671875 0.32421875 0.0484375 0.2421875
3 0.378125 0.3453125 0.053125 0.23046875
2 0.409375 0.3359375 0.0484375 0.28125
1 0.45625 0.353125 0.0453125 0.23828125
0 0.49140625 0.359375 0.0484375 0.2734375
8 0.53515625 0.36796875 0.0390625 0.2515625
9 0.57109375 0.35859375 0.0375 0.2484375
10 0.6078125 0.35 0.0390625 0.26171875
11 0.640625 0.33984375 0.046875 0.23828125
12 0.6765625 0.340625 0.053125 0.2125
13 0.72734375 0.3 0.0609375 0.2515625
14 0.784375 0.2953125 0.053125 0.203125
15 0.8296875 0.2796875 0.05078125 0.15625
31 0.1796875 0.47734375 0.09765625 0.1703125
30 0.23515625 0.55 0.1 0.2046875
29 0.30390625 0.5828125 0.0953125 0.228125
28 0.3609375 0.60234375 0.06640625 0.2203125
27 0.39921875 0.6171875 0.05625 0.21875
26 0.434375 0.61015625 0.05625 0.1703125
25 0.4796875 0.60078125 0.0328125 0.1625
24 0.515625 0.60625 0.0390625 0.1578125
16 0.540625 0.60234375 0.0375 0.1578125
17 0.56875 0.60546875 0.03515625 0.1640625
18 0.60546875 0.615625 0.04296875 0.2109375
19 0.640625 0.6046875 0.05078125 0.2171875
20 0.68671875 0.5875 0.071875 0.2109375
21 0.74140625 0.56171875 0.1 0.209375
22 0.803125 0.51953125 0.09765625 0.1953125
23 0.8484375 0.4546875 0.084375 0.171875