7 0.2359375 0.30625 0.075 0.18125
6 0.27109375 0.3875 0.08125 0.21875
5 0.321875 0.43203125 0.075 0.20625
4 0.371875 0.44296875 0.046875 0.19765625
3 0.4078125 0.446875 0.046875 0.21015625
2 0.446875 0.434375 0.04296875 0.2828125
1 0.4890625 0.46171875 0.03828125 0.2359375
0 0.5203125 0.478125 0.040625 0.2296875
8 0.5640625 0.47734375 0.03828125 0.2375
9 0.6046875 0.48671875 0.0296875 0.2125
10 0.64140625 0.475 0.03828125 0.23203125
11 0.678125 0.4640625 0.04453125 0.2234375
12 0.7171875 0.45546875 0.040625 0.21015625
13 0.76640625 0.4515625 0.0703125 0.203125
14 0.81171875 0.428125 0.08125 0.1546875
15 0.84609375 0.30859375 0.06015625 0.16796875
23 0.90390625 0.6125 0.08984375 0.178125
22 0.834375 0.66171875 0.0875 0.2
21 0.76953125 0.7015625 0.0984375 0.22734375
20 0.70390625 0.71328125 0.053125 0.20859375
19 0.66484375 0.72890625 0.03828125 0.21015625
18 0.63359375 0.74609375 0.04453125 0.2359375
17 0.5921875 0.72890625 0.0296875 0.20625
16 0.55234375 0.725 0.0359375 0.24921875
24 0.53828125 0.74609375 0.034375 0.2359375
25 0.50234375 0.72890625 0.0296875 0.2359375
26 0.45703125 0.72265625 0.05546875 0.2359375
27 0.425 0.70390625 0.046875 0.20703125
28 0.38046875 0.69375 0.06015625 0.20859375
29 0.3140625 0.68828125 0.09375 0.2234375
30 0.246875 0.64609375 0.0921875 0.21875
31 0.18125 0.58359375 0.08515625 0.16640625