7 0.20703125 0.31796875 0.046875 0.09296875
6 0.22734375 0.41953125 0.07109375 0.16640625
5 0.27578125 0.4390625 0.065625 0.19296875
14 0.7828125 0.39609375 0.059375 0.15234375
13 0.73046875 0.40625 0.065625 0.2
12 0.67421875 0.44609375 0.05546875 0.1578125
11 0.6390625 0.45234375 0.053125 0.17890625
10 0.60078125 0.44609375 0.04296875 0.25234375
9 0.5609375 0.46796875 0.040625 0.209375
8 0.52734375 0.48046875 0.04296875 0.22265625
0 0.47734375 0.4875 0.040625 0.20703125
1 0.44921875 0.45859375 0.04921875 0.2359375
2 0.409375 0.46484375 0.04296875 0.2359375
3 0.37265625 0.46171875 0.05078125 0.22578125
4 0.334375 0.4625 0.053125 0.18671875
31 0.1625 0.56953125 0.06328125 0.1109375
30 0.2140625 0.6171875 0.09765625 0.20078125
29 0.27265625 0.66796875 0.09609375 0.22109375
28 0.32890625 0.6890625 0.06953125 0.20703125
27 0.37890625 0.6921875 0.046875 0.19296875
26 0.4171875 0.69375 0.0390625 0.1828125
25 0.45390625 0.69375 0.03046875 0.15390625
24 0.484375 0.6953125 0.02265625 0.15390625
23 0.82578125 0.54609375 0.05546875 0.11328125
22 0.77578125 0.5890625 0.09375 0.19921875
21 0.72265625 0.64375 0.09765625 0.22578125
20 0.66015625 0.67109375 0.059375 0.20703125
19 0.61328125 0.67578125 0.04296875 0.19296875
18 0.5765625 0.69765625 0.04296875 0.20703125
17 0.5390625 0.69140625 0.02890625 0.1625
16 0.5109375 0.690625 0.0265625 0.15234375