31 0.16953125 0.5546875 0.1015625 0.2171875
23 0.759375 0.56953125 0.0953125 0.2171875
16 0.4890625 0.5890625 0.03046875 0.19140625
24 0.4578125 0.571875 0.05 0.2046875
18 0.55 0.61171875 0.04296875 0.2546875
20 0.62578125 0.61171875 0.0515625 0.2328125
26 0.3796875 0.61640625 0.0625 0.23671875
27 0.3421875 0.61328125 0.05625 0.2390625
28 0.3015625 0.60859375 0.04140625 0.23046875
15 0.80859375 0.2859375 0.0890625 0.13984375
9 0.53984375 0.3640625 0.0453125 0.2
10 0.58359375 0.346875 0.05390625 0.25234375
11 0.62265625 0.36015625 0.05 0.23515625
0 0.4515625 0.35859375 0.0453125 0.21953125
1 0.40234375 0.37109375 0.04765625 0.2015625
2 0.359375 0.34375 0.04765625 0.271875
3 0.309375 0.36015625 0.0515625 0.20546875
4 0.26171875 0.34765625 0.04765625 0.215625