31 0.18984375 0.7015625 0.06953125 0.11328125
30 0.253125 0.7 0.0828125 0.2125
29 0.3171875 0.68515625 0.05859375 0.16171875
28 0.37734375 0.6921875 0.046875 0.134375
26 0.4125 0.85 0.0546875 0.14765625
24 0.4859375 0.72265625 0.0421875 0.1671875
25 0.4484375 0.71875 0.03671875 0.17890625
27 0.4125 0.70546875 0.0359375 0.1640625
16 0.51328125 0.7265625 0.04765625 0.190625
17 0.55234375 0.73046875 0.0375 0.17109375
19 0.59609375 0.71953125 0.04375 0.14921875
18 0.584375 0.8578125 0.0671875 0.140625
20 0.6421875 0.7046875 0.06796875 0.12265625
21 0.6921875 0.69921875 0.0828125 0.13984375
22 0.76640625 0.725 0.09453125 0.215625
23 0.8296875 0.72890625 0.0734375 0.10546875
7 0.203125 0.38515625 0.08046875 0.1171875
6 0.23515625 0.5078125 0.071875 0.14375
5 0.29296875 0.53125 0.05703125 0.128125
4 0.3015625 0.40859375 0.0515625 0.14140625
3 0.3453125 0.46953125 0.0578125 0.0984375
2 0.3734375 0.36953125 0.0703125 0.1484375
1 0.41796875 0.490625 0.046875 0.15625
0 0.465625 0.51796875 0.0484375 0.21484375
8 0.52890625 0.51015625 0.05 0.2265625
9 0.57734375 0.471875 0.06015625 0.1625
10 0.63046875 0.371875 0.08125 0.121875
11 0.65234375 0.465625 0.0625 0.11015625
12 0.70234375 0.43125 0.06875 0.13125
13 0.7046875 0.55390625 0.0578125 0.1109375
14 0.76796875 0.49609375 0.08515625 0.19140625
15 0.8140625 0.4109375 0.0734375 0.134375