31 0.175 0.54921875 0.1015625 0.15
30 0.2421875 0.59765625 0.08671875 0.2171875
29 0.30390625 0.6140625 0.08203125 0.22265625
28 0.36796875 0.63203125 0.05703125 0.22109375
27 0.4125 0.63828125 0.05625 0.2515625
26 0.4515625 0.63515625 0.03671875 0.2234375
25 0.4859375 0.6203125 0.0421875 0.17578125
24 0.515625 0.61171875 0.03359375 0.17578125
16 0.54921875 0.625 0.03515625 0.18984375
17 0.5828125 0.62890625 0.03515625 0.20234375
18 0.62265625 0.64921875 0.03828125 0.23046875
20 0.6640625 0.64375 0.0609375 0.22734375
21 0.725 0.62734375 0.0890625 0.2328125
22 0.78046875 0.61328125 0.0859375 0.209375
7 0.18984375 0.34609375 0.06640625 0.13828125
6 0.23359375 0.371875 0.05234375 0.203125
5 0.29453125 0.39453125 0.0546875 0.19765625
4 0.3421875 0.38984375 0.0515625 0.18359375
3 0.38046875 0.3953125 0.05625 0.2203125
2 0.4234375 0.39921875 0.04765625 0.21328125
1 0.45859375 0.4015625 0.0421875 0.21171875
0 0.49921875 0.40703125 0.046875 0.2234375
8 0.54296875 0.39765625 0.040625 0.25
9 0.5765625 0.40546875 0.0390625 0.240625
10 0.6125 0.4078125 0.04375 0.24609375
11 0.6546875 0.4125 0.0421875 0.21640625
12 0.69140625 0.4015625 0.0359375 0.21171875
13 0.73828125 0.396875 0.0484375 0.20703125
14 0.7953125 0.38046875 0.06015625 0.21640625