7 0.25234375 0.29140625 0.06640625 0.12421875
6 0.27578125 0.4 0.0765625 0.18828125
5 0.32265625 0.44296875 0.06640625 0.18046875
4 0.36953125 0.4453125 0.04921875 0.20859375
3 0.4078125 0.44921875 0.04765625 0.2296875
2 0.43984375 0.4640625 0.04140625 0.2296875
1 0.47734375 0.47109375 0.04140625 0.23515625
0 0.5125 0.48828125 0.04140625 0.24609375
8 0.55546875 0.48828125 0.04140625 0.2375
9 0.59140625 0.47734375 0.040625 0.21484375
10 0.628125 0.47421875 0.0375 0.1921875
11 0.66015625 0.44921875 0.04765625 0.20859375
12 0.69765625 0.43671875 0.04375 0.2046875
13 0.74140625 0.4390625 0.06171875 0.17578125
14 0.7890625 0.396875 0.06640625 0.18984375
15 0.80859375 0.28515625 0.0640625 0.13203125
31 0.18046875 0.5546875 0.0640625 0.13046875
30 0.2328125 0.59609375 0.109375 0.20078125
29 0.30234375 0.65703125 0.10859375 0.21484375
28 0.371875 0.69296875 0.0703125 0.2171875
27 0.41796875 0.70078125 0.05703125 0.18984375
26 0.4609375 0.6921875 0.04140625 0.1609375
25 0.49921875 0.71875 0.03515625 0.140625
24 0.53046875 0.7265625 0.034375 0.159375
16 0.5671875 0.728125 0.0515625 0.1546875
17 0.58984375 0.70859375 0.04375 0.12421875
18 0.634375 0.70234375 0.0578125 0.14453125
19 0.665625 0.6890625 0.0546875 0.18359375
20 0.7078125 0.67578125 0.0640625 0.1984375
21 0.76640625 0.653125 0.103125 0.21484375
22 0.82421875 0.58359375 0.0953125 0.18359375
23 0.87734375 0.5453125 0.0640625 0.128125