30 0.24296875 0.56640625 0.12109375 0.16640625
28 0.38359375 0.61953125 0.05546875 0.234375
27 0.425 0.625 0.04453125 0.22421875
26 0.46171875 0.62578125 0.0421875 0.22578125
25 0.49765625 0.6109375 0.0296875 0.1875
24 0.52890625 0.603125 0.02734375 0.16875
16 0.56328125 0.6046875 0.02578125 0.1703125
17 0.596875 0.609375 0.03046875 0.18515625
18 0.64296875 0.60234375 0.0359375 0.2
19 0.67890625 0.60078125 0.0359375 0.20234375
20 0.71484375 0.59375 0.0359375 0.21328125
23 0.86796875 0.56328125 0.12890625 0.19375