7 0.20703125 0.33671875 0.06484375 0.1703125
6 0.25859375 0.34609375 0.059375 0.18828125
5 0.3140625 0.3609375 0.059375 0.20703125
4 0.353125 0.3453125 0.04765625 0.1796875
2 0.42109375 0.328125 0.0453125 0.22734375
1 0.4578125 0.33125 0.0390625 0.2140625
0 0.49453125 0.33359375 0.03828125 0.209375
8 0.5421875 0.340625 0.0421875 0.21953125
9 0.5765625 0.34609375 0.04375 0.19765625
10 0.6171875 0.3421875 0.05859375 0.22265625
11 0.6484375 0.3640625 0.03515625 0.20859375
13 0.7109375 0.3703125 0.06328125 0.20546875
14 0.76640625 0.38125 0.0546875 0.184375
15 0.8171875 0.36875 0.053125 0.1796875
31 0.2046875 0.515625 0.10625 0.175
23 0.82421875 0.52578125 0.1046875 0.15078125
28 0.37421875 0.55859375 0.0421875 0.2078125
27 0.40546875 0.5609375 0.04296875 0.2203125
26 0.44453125 0.55234375 0.03828125 0.22421875
25 0.471875 0.54921875 0.0265625 0.184375
24 0.49921875 0.540625 0.03125 0.20078125
16 0.5265625 0.5484375 0.0359375 0.2046875
17 0.540625 0.565625 0.03125 0.184375
18 0.58046875 0.58359375 0.0390625 0.22421875
19 0.61953125 0.5828125 0.03984375 0.21484375
20 0.65625 0.58984375 0.0375 0.2046875
21 0.7140625 0.5890625 0.0796875 0.203125