7 0.2546875 0.37734375 0.06328125 0.12578125
6 0.28125 0.446875 0.07734375 0.20234375
3 0.378125 0.4296875 0.053125 0.0953125
2 0.39921875 0.32265625 0.06328125 0.16328125
1 0.43671875 0.4828125 0.0359375 0.11953125
0 0.4765625 0.490625 0.04765625 0.21015625
8 0.521875 0.49921875 0.04375 0.1890625
9 0.559375 0.4734375 0.03984375 0.15703125
10 0.5921875 0.321875 0.05703125 0.1609375
11 0.61953125 0.434375 0.0609375 0.08203125
13 0.67109375 0.5265625 0.05546875 0.1125
14 0.72421875 0.46015625 0.07734375 0.196875
15 0.753125 0.38671875 0.06328125 0.12578125
31 0.19921875 0.6671875 0.0671875 0.1296875
30 0.26953125 0.6703125 0.096875 0.20625
29 0.334375 0.70703125 0.0984375 0.20859375
28 0.38515625 0.76640625 0.04375 0.11328125
26 0.415625 0.8546875 0.05703125 0.1796875
25 0.4546875 0.709375 0.02734375 0.18046875
24 0.4859375 0.734375 0.034375 0.2203125
16 0.51953125 0.71171875 0.02734375 0.175
17 0.55546875 0.721875 0.03984375 0.1828125
18 0.59453125 0.87109375 0.06328125 0.16484375
21 0.6765625 0.6890625 0.08515625 0.16484375
22 0.73828125 0.67578125 0.09296875 0.20078125
23 0.80703125 0.6765625 0.0734375 0.13515625
4 0.33828125 0.3859375 0.04375 0.11875
12 0.66171875 0.41171875 0.053125 0.115625
19 0.5828125 0.70625 0.03125 0.15546875
20 0.621875 0.6984375 0.04921875 0.1390625
5 0.33046875 0.509375 0.05703125 0.125
27 0.4265625 0.68828125 0.03125 0.1515625