30 0.221875 0.6671875 0.11796875 0.209375
27 0.38984375 0.69609375 0.040625 0.215625
26 0.434375 0.7046875 0.03671875 0.2328125
25 0.47734375 0.7171875 0.0453125 0.24140625
24 0.50859375 0.69765625 0.034375 0.20703125
16 0.54296875 0.7015625 0.0296875 0.2046875
17 0.57734375 0.70625 0.03828125 0.2328125
18 0.6171875 0.69140625 0.0453125 0.22890625
19 0.6546875 0.69765625 0.04296875 0.2375
20 0.7015625 0.71484375 0.06015625 0.2375
21 0.7640625 0.65 0.11171875 0.19765625
22 0.82265625 0.625 0.08828125 0.2203125
6 0.23515625 0.44765625 0.07109375 0.1921875
5 0.31015625 0.4515625 0.0796875 0.215625
3 0.365625 0.44296875 0.0453125 0.2328125
2 0.41171875 0.41953125 0.04296875 0.28984375
1 0.453125 0.4546875 0.046875 0.2265625
0 0.49921875 0.44296875 0.0578125 0.25078125
8 0.5578125 0.44921875 0.05546875 0.24609375
9 0.603125 0.43828125 0.04296875 0.25859375
10 0.64453125 0.45234375 0.0453125 0.2265625
11 0.68984375 0.453125 0.0453125 0.21484375
13 0.75 0.425 0.075 0.2359375
14 0.8109375 0.40390625 0.05546875 0.2203125
15 0.859375 0.39765625 0.05390625 0.15546875