7 0.16015625 0.30078125 0.075 0.16640625
6 0.19921875 0.37578125 0.071875 0.2046875
5 0.2625 0.4125 0.06328125 0.22578125
4 0.30859375 0.434375 0.0546875 0.19765625
3 0.3484375 0.428125 0.0578125 0.20390625
2 0.39375 0.40078125 0.0546875 0.27421875
1 0.446875 0.42734375 0.0484375 0.21484375
0 0.4953125 0.4375 0.0578125 0.2078125
8 0.55 0.42265625 0.0546875 0.221875
9 0.59921875 0.43046875 0.04140625 0.24140625
10 0.640625 0.4140625 0.046875 0.2734375
11 0.678125 0.43359375 0.0546875 0.215625
12 0.715625 0.4234375 0.053125 0.203125
13 0.7609375 0.43125 0.075 0.178125
14 0.8140625 0.37890625 0.07734375 0.20234375
15 0.86328125 0.31796875 0.06328125 0.1609375
31 0.15703125 0.56484375 0.1203125 0.1734375
30 0.22734375 0.64296875 0.12421875 0.2171875
28 0.32265625 0.67421875 0.05 0.215625
27 0.36953125 0.67890625 0.04765625 0.22890625
26 0.4140625 0.6796875 0.0484375 0.25390625
25 0.45703125 0.665625 0.05390625 0.22265625
24 0.4921875 0.6578125 0.04765625 0.19453125
16 0.5296875 0.66171875 0.04609375 0.19375
17 0.56796875 0.6671875 0.04296875 0.2296875
18 0.6109375 0.703125 0.053125 0.2734375
19 0.64765625 0.69375 0.05390625 0.23046875
20 0.68828125 0.68828125 0.05 0.24296875
22 0.809375 0.62734375 0.10703125 0.21328125
23 0.871875 0.58046875 0.09140625 0.17578125