31 0.16875 0.63359375 0.09609375 0.13203125
30 0.24453125 0.6453125 0.08828125 0.19140625
28 0.3421875 0.6765625 0.040625 0.18984375
27 0.3859375 0.6734375 0.04296875 0.2
26 0.428125 0.66171875 0.040625 0.20390625
25 0.46328125 0.659375 0.0328125 0.21171875
24 0.49921875 0.6796875 0.03515625 0.21171875
16 0.52890625 0.66875 0.03671875 0.1484375
17 0.55234375 0.66015625 0.046875 0.19765625
18 0.58515625 0.6703125 0.0515625 0.21015625
19 0.61796875 0.675 0.04296875 0.20625
20 0.65546875 0.6640625 0.0453125 0.19375
21 0.7140625 0.66015625 0.084375 0.20625
22 0.77578125 0.63984375 0.084375 0.20625
23 0.82578125 0.60390625 0.06953125 0.17109375
6 0.25 0.40859375 0.05703125 0.1734375
5 0.30703125 0.41875 0.065625 0.19375
7 0.209375 0.29453125 0.0734375 0.1546875
4 0.3484375 0.396875 0.03671875 0.23671875
3 0.378125 0.3875 0.0515625 0.25546875
2 0.4234375 0.41171875 0.046875 0.21640625
1 0.46484375 0.403125 0.040625 0.253125
0 0.50390625 0.4125 0.040625 0.22265625
15 0.81796875 0.384375 0.04921875 0.15078125
14 0.77421875 0.38671875 0.04921875 0.19140625
13 0.72578125 0.4125 0.05703125 0.1734375
11 0.65078125 0.41953125 0.0421875 0.18359375
10 0.621875 0.4265625 0.03515625 0.2140625
9 0.58671875 0.42578125 0.03046875 0.20390625
8 0.546875 0.4171875 0.04921875 0.2328125