5 0.26640625 0.3484375 0.05859375 0.19765625
4 0.31328125 0.35703125 0.0375 0.18828125
2 0.39609375 0.3859375 0.04296875 0.2453125
1 0.434375 0.3796875 0.0453125 0.2359375
0 0.478125 0.38359375 0.05 0.24375
3 0.35546875 0.425 0.0578125 0.1046875
8 0.53515625 0.378125 0.04609375 0.2625
9 0.57421875 0.36640625 0.0421875 0.225
10 0.61640625 0.34765625 0.04296875 0.26640625
11 0.65234375 0.346875 0.05625 0.24140625
12 0.68984375 0.359375 0.046875 0.203125
13 0.73984375 0.34921875 0.06171875 0.18203125
30 0.23828125 0.53671875 0.12421875 0.1953125
29 0.29765625 0.56796875 0.1109375 0.2140625
28 0.34453125 0.59921875 0.06796875 0.2171875
22 0.7625 0.5109375 0.09296875 0.19609375
21 0.69765625 0.56015625 0.10546875 0.1953125
20 0.64921875 0.5890625 0.08046875 0.1984375
19 0.609375 0.60078125 0.04453125 0.23828125
18 0.5796875 0.6015625 0.05546875 0.234375