15 0.8421875 0.23125 0.046875 0.1078125
6 0.20625 0.27734375 0.0921875 0.22578125
5 0.2578125 0.31015625 0.07890625 0.23203125
14 0.7984375 0.31484375 0.0875 0.18046875
13 0.75546875 0.35078125 0.0703125 0.20078125
4 0.32265625 0.31171875 0.046875 0.2421875
3 0.375 0.31015625 0.06171875 0.24453125
1 0.43828125 0.3359375 0.06875 0.21015625
0 0.48203125 0.34765625 0.0578125 0.2125
8 0.52578125 0.35078125 0.046875 0.21875
9 0.5703125 0.35546875 0.04296875 0.21484375
10 0.61328125 0.33828125 0.03828125 0.26171875
11 0.65625 0.3453125 0.046875 0.246875
12 0.696875 0.35078125 0.04296875 0.21875
31 0.12109375 0.52421875 0.08359375 0.1546875
30 0.19375 0.5421875 0.08359375 0.2421875
29 0.26796875 0.5890625 0.10859375 0.25546875
28 0.34296875 0.59453125 0.06171875 0.24921875
27 0.39453125 0.60625 0.04921875 0.23828125
26 0.44140625 0.634375 0.040625 0.290625
25 0.4796875 0.5984375 0.028125 0.21875
24 0.50546875 0.575 0.03203125 0.2359375
16 0.52421875 0.61171875 0.01484375 0.16328125
17 0.5484375 0.58515625 0.0359375 0.22109375
18 0.58125 0.63203125 0.034375 0.26796875
19 0.62265625 0.61796875 0.04453125 0.24453125
20 0.67109375 0.60546875 0.046875 0.20625
21 0.7359375 0.6140625 0.0875 0.24453125
22 0.80546875 0.5703125 0.0765625 0.22578125
23 0.87421875 0.553125 0.08125 0.13984375
7 0.16875 0.17890625 0.06015625 0.1484375