31 0.15234375 0.53671875 0.13359375 0.2
28 0.31875 0.62421875 0.05078125 0.24375
27 0.36015625 0.621875 0.0359375 0.23046875
26 0.39765625 0.6234375 0.0375 0.2546875
25 0.434375 0.609375 0.0484375 0.20078125
24 0.46171875 0.61171875 0.0421875 0.196875
16 0.490625 0.61328125 0.028125 0.20390625
17 0.51875 0.6125 0.040625 0.20625
18 0.559375 0.640625 0.0546875 0.2796875
19 0.59140625 0.61796875 0.0453125 0.25234375
20 0.62578125 0.625 0.0375 0.26640625
22 0.73203125 0.57890625 0.109375 0.20390625
23 0.7859375 0.5265625 0.1046875 0.16796875
7 0.14140625 0.31796875 0.06796875 0.203125
6 0.1890625 0.315625 0.05703125 0.26640625
5 0.24609375 0.396875 0.059375 0.1953125
4 0.29921875 0.3640625 0.05 0.2234375
3 0.33046875 0.36484375 0.040625 0.2328125
2 0.37109375 0.35 0.04921875 0.25546875
1 0.41015625 0.36328125 0.04609375 0.22890625
0 0.4515625 0.3734375 0.0390625 0.22890625
8 0.5 0.371875 0.0546875 0.2390625
9 0.5421875 0.35859375 0.04921875 0.2375
10 0.58515625 0.3515625 0.0546875 0.24140625
11 0.62109375 0.33671875 0.040625 0.203125
12 0.653125 0.3328125 0.0421875 0.24140625
13 0.7 0.34140625 0.0703125 0.2375
14 0.7546875 0.32421875 0.06796875 0.22109375
15 0.80859375 0.30390625 0.06953125 0.2140625