6 0.21015625 0.48203125 0.05703125 0.17109375
5 0.2640625 0.484375 0.059375 0.22265625
4 0.309375 0.5125 0.0359375 0.17578125
3 0.3453125 0.50703125 0.03984375 0.18671875
2 0.3828125 0.50546875 0.03984375 0.2015625
1 0.41875 0.5015625 0.03203125 0.19296875
0 0.4515625 0.5078125 0.03828125 0.2140625
8 0.503125 0.5109375 0.04453125 0.21484375
9 0.54140625 0.50546875 0.03203125 0.1921875
10 0.578125 0.50703125 0.03828125 0.21640625
11 0.61484375 0.50546875 0.03984375 0.20546875
12 0.65078125 0.515625 0.0359375 0.190625
13 0.69609375 0.50546875 0.059375 0.1890625
14 0.75 0.49140625 0.05703125 0.171875
15 0.77734375 0.390625 0.065625 0.0984375
31 0.12265625 0.63203125 0.059375 0.12109375
30 0.184375 0.66328125 0.0953125 0.19609375
29 0.24453125 0.71484375 0.09296875 0.184375
28 0.3078125 0.72109375 0.05078125 0.19296875
27 0.3515625 0.725 0.03984375 0.2015625
26 0.39375 0.73359375 0.0484375 0.2015625
25 0.4328125 0.73125 0.03359375 0.17578125
24 0.46796875 0.7390625 0.021875 0.1828125
16 0.496875 0.7296875 0.02734375 0.196875
17 0.528125 0.73359375 0.02734375 0.184375
18 0.56875 0.73984375 0.0359375 0.2140625
19 0.60859375 0.73671875 0.04453125 0.2078125
20 0.65390625 0.7359375 0.04609375 0.2015625
21 0.71484375 0.7203125 0.08828125 0.19921875
22 0.7796875 0.6734375 0.0953125 0.19921875
23 0.83984375 0.634375 0.0546875 0.10859375