6 0.203125 0.2890625 0.0703125 0.190625
5 0.26484375 0.328125 0.06875 0.20625
4 0.32578125 0.34453125 0.053125 0.2234375
2 0.4140625 0.35 0.0546875 0.27265625
1 0.46328125 0.36875 0.05078125 0.221875
0 0.50390625 0.3734375 0.04140625 0.23828125
8 0.55234375 0.3796875 0.053125 0.23125
9 0.5921875 0.37109375 0.04296875 0.2453125
10 0.6296875 0.3546875 0.04296875 0.26328125
11 0.6640625 0.32734375 0.0453125 0.2046875
12 0.7015625 0.35234375 0.0515625 0.2078125
13 0.74921875 0.36484375 0.053125 0.14609375
14 0.79921875 0.30546875 0.046875 0.1453125
15 0.8515625 0.3109375 0.0578125 0.184375
3 0.36953125 0.3234375 0.04375 0.15
31 0.18828125 0.47265625 0.11875 0.1828125
30 0.25 0.53046875 0.1328125 0.1734375
28 0.34765625 0.57890625 0.05390625 0.21484375
27 0.39296875 0.5875 0.04375 0.225
26 0.42890625 0.61015625 0.04453125 0.23046875
25 0.47109375 0.6 0.03515625 0.1875
24 0.50234375 0.60390625 0.03515625 0.1921875
16 0.5296875 0.61171875 0.03671875 0.1578125
17 0.5625 0.60390625 0.0421875 0.1921875
18 0.60234375 0.62578125 0.05625 0.27421875
19 0.64375 0.59140625 0.0609375 0.2171875
20 0.69296875 0.56953125 0.065625 0.22421875
22 0.74921875 0.5375 0.115625 0.203125
23 0.80546875 0.465625 0.10390625 0.18125