6 0.28046875 0.44453125 0.0609375 0.21796875
5 0.328125 0.4515625 0.078125 0.18359375
2 0.4234375 0.3953125 0.04296875 0.18046875
1 0.4640625 0.43203125 0.0328125 0.1921875
0 0.5015625 0.446875 0.0390625 0.1671875
8 0.54375 0.446875 0.040625 0.18359375
9 0.58203125 0.425 0.03125 0.2125
10 0.6171875 0.4546875 0.04296875 0.18671875
12 0.678125 0.4734375 0.03515625 0.1921875
13 0.721875 0.4515625 0.05625 0.21953125
14 0.771875 0.43515625 0.05078125 0.18671875
16 0.5296875 0.64296875 0.0234375 0.16484375
17 0.553125 0.64765625 0.0234375 0.1515625
18 0.5890625 0.6703125 0.0484375 0.19609375
19 0.61796875 0.6703125 0.040625 0.215625
24 0.5046875 0.646875 0.021875 0.1609375
25 0.48046875 0.6515625 0.02734375 0.1828125
26 0.4484375 0.65703125 0.0375 0.20390625
27 0.4125 0.65703125 0.0390625 0.21171875
28 0.378125 0.63359375 0.0453125 0.1921875