31 0.190625 0.61171875 0.08984375 0.1953125
30 0.2578125 0.665625 0.084375 0.2109375
29 0.32265625 0.6453125 0.07421875 0.12734375
23 0.803125 0.63515625 0.0859375 0.1953125
22 0.73828125 0.6703125 0.084375 0.2046875
21 0.67421875 0.64140625 0.05234375 0.11484375
28 0.378125 0.671875 0.04765625 0.18671875
26 0.4203125 0.66640625 0.04765625 0.209375
25 0.4609375 0.66640625 0.0296875 0.17265625
24 0.4921875 0.66015625 0.03203125 0.16875
16 0.521875 0.659375 0.03203125 0.1671875
17 0.55390625 0.66171875 0.03203125 0.1671875
18 0.5890625 0.6703125 0.03828125 0.20390625
20 0.628125 0.66875 0.03984375 0.1609375
7 0.25078125 0.43515625 0.05390625 0.1828125
6 0.30390625 0.446875 0.05234375 0.18515625
14 0.72109375 0.43671875 0.0578125 0.20078125
15 0.77578125 0.42265625 0.05625 0.18515625
4 0.35 0.4625 0.04375 0.17265625
3 0.3890625 0.43125 0.0421875 0.2390625
2 0.42578125 0.43984375 0.0359375 0.190625
1 0.465625 0.4328125 0.04375 0.240625
0 0.5140625 0.43046875 0.03984375 0.22890625
8 0.55078125 0.4296875 0.0390625 0.19921875
10 0.5890625 0.421875 0.03828125 0.23125
11 0.6296875 0.4265625 0.04765625 0.225
12 0.67109375 0.42578125 0.03828125 0.23203125