31 0.128125 0.61875 0.07265625 0.178125
30 0.18359375 0.64453125 0.08125 0.19140625
29 0.25 0.67265625 0.08125 0.20859375
28 0.296875 0.68671875 0.05546875 0.21015625
27 0.3421875 0.69921875 0.03828125 0.2015625
26 0.37890625 0.70390625 0.040625 0.2015625
25 0.41484375 0.6953125 0.02578125 0.159375
24 0.4390625 0.71171875 0.0234375 0.1375
16 0.46484375 0.71171875 0.028125 0.13359375
17 0.48828125 0.7109375 0.0359375 0.1359375
18 0.5265625 0.69921875 0.04453125 0.18046875
23 0.77421875 0.64453125 0.04921875 0.12265625
22 0.7140625 0.65 0.0765625 0.19375
21 0.653125 0.6953125 0.0921875 0.21484375
19 0.59296875 0.703125 0.0875 0.221875
18 0.56484375 0.70390625 0.053125 0.19453125
15 0.7828125 0.4203125 0.0703125 0.178125
14 0.73515625 0.44296875 0.0640625 0.18515625
13 0.67734375 0.4671875 0.06015625 0.18671875
12 0.62578125 0.46953125 0.03828125 0.20390625
11 0.59921875 0.4703125 0.0359375 0.21875
10 0.5609375 0.4703125 0.040625 0.22734375
9 0.5234375 0.47578125 0.0296875 0.22890625
8 0.4859375 0.48359375 0.040625 0.23203125
0 0.44765625 0.47578125 0.0359375 0.246875
1 0.4109375 0.46328125 0.028125 0.23359375
2 0.37734375 0.4578125 0.04453125 0.2234375
3 0.34609375 0.45 0.0515625 0.20703125
4 0.3078125 0.44296875 0.03828125 0.18046875
5 0.25859375 0.44921875 0.06875 0.1765625
6 0.19140625 0.4546875 0.06171875 0.153125
7 0.1390625 0.4546875 0.06484375 0.10546875