30 0.17890625 0.65078125 0.11796875 0.20859375
28 0.35078125 0.70390625 0.03828125 0.2328125
27 0.38828125 0.7 0.040625 0.24609375
26 0.428125 0.7 0.04296875 0.25703125
25 0.4640625 0.69453125 0.03046875 0.24296875
24 0.4890625 0.68828125 0.0265625 0.22265625
16 0.5140625 0.6875 0.02421875 0.22890625
17 0.540625 0.68203125 0.0328125 0.234375
18 0.58203125 0.69609375 0.046875 0.278125
19 0.6125 0.684375 0.03828125 0.2390625
20 0.65234375 0.690625 0.040625 0.2390625
22 0.81875 0.64375 0.1140625 0.1984375
15 0.8015625 0.39921875 0.07109375 0.2
11 0.65546875 0.43359375 0.05078125 0.2125
10 0.6109375 0.43515625 0.04296875 0.2328125
9 0.57421875 0.4265625 0.03046875 0.22265625
8 0.53828125 0.4265625 0.04453125 0.23203125
0 0.48046875 0.42421875 0.04296875 0.2390625
1 0.44296875 0.43203125 0.0328125 0.2140625
2 0.4015625 0.41796875 0.046875 0.259375
4 0.3265625 0.4234375 0.046875 0.2328125
7 0.19296875 0.40390625 0.06484375 0.19375