7 0.13046875 0.48359375 0.0578125 0.128125
6 0.18984375 0.48671875 0.06171875 0.1671875
5 0.25234375 0.49765625 0.06484375 0.1984375
4 0.30390625 0.49296875 0.04921875 0.225
3 0.346875 0.503125 0.04921875 0.23359375
2 0.3984375 0.50859375 0.06171875 0.23515625
1 0.440625 0.50546875 0.06328125 0.24140625
0 0.4765625 0.51015625 0.0515625 0.24375
8 0.5171875 0.521875 0.04375 0.23359375
9 0.5609375 0.51015625 0.03515625 0.23125
10 0.6015625 0.49296875 0.0375 0.2625
11 0.64140625 0.49453125 0.0390625 0.2375
12 0.6828125 0.50234375 0.03515625 0.1984375
13 0.73125 0.48984375 0.06171875 0.18984375
14 0.7921875 0.4671875 0.05546875 0.20234375
15 0.8484375 0.45546875 0.05546875 0.171875
31 0.11171875 0.6515625 0.103125 0.17578125
30 0.18046875 0.7046875 0.11328125 0.21875
29 0.26328125 0.73359375 0.096875 0.2234375
28 0.328125 0.74921875 0.0546875 0.20859375
27 0.37109375 0.74765625 0.04765625 0.1734375
26 0.40625 0.7671875 0.0515625 0.2171875
25 0.4515625 0.73359375 0.03125 0.1484375
24 0.4828125 0.73515625 0.0296875 0.153125
16 0.51328125 0.73515625 0.0265625 0.1453125
17 0.5453125 0.734375 0.0328125 0.1546875
18 0.58046875 0.753125 0.0328125 0.20078125
19 0.62421875 0.75859375 0.0453125 0.20625
20 0.6640625 0.74140625 0.04375 0.18984375
21 0.7203125 0.7265625 0.0890625 0.2046875
22 0.79140625 0.70078125 0.09921875 0.2109375
23 0.86953125 0.6515625 0.11171875 0.1546875