7 0.2140625 0.32265625 0.06015625 0.18828125
6 0.27109375 0.346875 0.0578125 0.20078125
5 0.3390625 0.36171875 0.06796875 0.20703125
3 0.39140625 0.35859375 0.05234375 0.2359375
2 0.4359375 0.36875 0.0484375 0.25703125
1 0.47109375 0.38828125 0.03828125 0.22734375
0 0.509375 0.39609375 0.03359375 0.26015625
8 0.55 0.4046875 0.0390625 0.25234375
9 0.5828125 0.4015625 0.03515625 0.2296875
10 0.61796875 0.38125 0.04140625 0.27734375
11 0.65546875 0.37890625 0.0515625 0.23671875
12 0.68515625 0.37265625 0.0390625 0.22421875
13 0.72890625 0.34375 0.05859375 0.2265625
14 0.78671875 0.334375 0.06484375 0.2125
15 0.83671875 0.31640625 0.06328125 0.196875
31 0.1734375 0.496875 0.08828125 0.16484375
30 0.23046875 0.54765625 0.11015625 0.22265625
29 0.29375 0.59609375 0.11953125 0.23203125
28 0.35859375 0.61796875 0.07578125 0.2359375
27 0.39453125 0.6328125 0.046875 0.2203125
26 0.4296875 0.65390625 0.05703125 0.2546875
25 0.4703125 0.6421875 0.03671875 0.20703125
24 0.4984375 0.6421875 0.03984375 0.1875
16 0.51953125 0.6359375 0.0296875 0.178125
17 0.54609375 0.6359375 0.03046875 0.190625
18 0.59140625 0.6640625 0.06015625 0.26328125
19 0.61875 0.64375 0.05546875 0.2390625
20 0.66171875 0.625 0.0734375 0.225
21 0.72109375 0.60625 0.11015625 0.2203125
22 0.78671875 0.56328125 0.1046875 0.203125
23 0.82890625 0.51328125 0.08046875 0.15859375