7 0.19609375 0.30390625 0.071875 0.128125
6 0.22109375 0.3828125 0.0734375 0.215625
5 0.27734375 0.409375 0.0640625 0.21328125
4 0.3328125 0.415625 0.05234375 0.2265625
3 0.37109375 0.428125 0.05078125 0.2390625
2 0.4234375 0.42890625 0.0515625 0.22890625
1 0.453125 0.4265625 0.04765625 0.25546875
0 0.49296875 0.42578125 0.04765625 0.2765625
8 0.53515625 0.43359375 0.04921875 0.2609375
9 0.5703125 0.4390625 0.05390625 0.23359375
10 0.60625 0.4015625 0.04921875 0.2453125
11 0.6421875 0.425 0.05859375 0.2171875
12 0.6828125 0.409375 0.04765625 0.21328125
13 0.7359375 0.39765625 0.07109375 0.221875
14 0.790625 0.37578125 0.075 0.21796875
15 0.81640625 0.3046875 0.07109375 0.10703125
30 0.2078125 0.59453125 0.09921875 0.20390625
29 0.2796875 0.63984375 0.0921875 0.23984375
28 0.33984375 0.65546875 0.0859375 0.22734375
27 0.396875 0.65546875 0.05 0.1875
26 0.4421875 0.66015625 0.04140625 0.16875
25 0.47109375 0.659375 0.040625 0.17578125
24 0.50078125 0.68203125 0.0359375 0.20546875
16 0.5265625 0.6703125 0.03203125 0.17890625
17 0.55390625 0.675 0.0359375 0.19140625
18 0.58984375 0.66171875 0.040625 0.203125
19 0.62109375 0.65390625 0.05625 0.215625
20 0.68359375 0.66328125 0.07421875 0.24375
21 0.7375 0.6515625 0.0828125 0.2421875
22 0.803125 0.59296875 0.09140625 0.1921875