31 0.2109375 0.6140625 0.12421875 0.21171875
30 0.28828125 0.6546875 0.13828125 0.23125
28 0.40390625 0.68984375 0.0515625 0.26328125
27 0.44453125 0.6875 0.0453125 0.25546875
26 0.4765625 0.703125 0.04375 0.23671875
25 0.51328125 0.7046875 0.04375 0.26171875
24 0.5421875 0.703125 0.028125 0.240625
16 0.5640625 0.7046875 0.025 0.23671875
17 0.590625 0.7 0.0328125 0.246875
18 0.62421875 0.71015625 0.06640625 0.23046875
19 0.646875 0.66796875 0.05390625 0.2203125
20 0.67890625 0.66875 0.04375 0.23828125
22 0.80390625 0.63046875 0.09921875 0.21171875
23 0.865625 0.5828125 0.0953125 0.1953125
6 0.24453125 0.37734375 0.06796875 0.221875
5 0.31484375 0.40859375 0.07265625 0.19296875
4 0.36640625 0.409375 0.04375 0.2203125
3 0.40078125 0.40859375 0.04921875 0.23046875
2 0.45625 0.36796875 0.0703125 0.31484375
1 0.49375 0.4203125 0.04921875 0.228125
0 0.528125 0.4171875 0.04765625 0.2671875
8 0.5734375 0.421875 0.04765625 0.26171875
9 0.609375 0.415625 0.0453125 0.24453125
10 0.640625 0.3984375 0.04140625 0.1890625
11 0.66640625 0.40859375 0.04375 0.20546875
12 0.7015625 0.40625 0.0390625 0.19296875
13 0.74609375 0.41171875 0.06171875 0.19140625
14 0.80703125 0.38671875 0.05546875 0.2109375
15 0.86484375 0.36796875 0.06015625 0.1984375