31 0.159375 0.625 0.0609375 0.09609375
30 0.22109375 0.63671875 0.0828125 0.1828125
23 0.859375 0.62421875 0.06328125 0.109375
22 0.8234375 0.63828125 0.128125 0.175
21 0.7421875 0.68984375 0.08515625 0.18671875
20 0.68203125 0.7109375 0.04375 0.1765625
19 0.63828125 0.72265625 0.03984375 0.16875
18 0.6046875 0.740625 0.0515625 0.1890625
17 0.56015625 0.72890625 0.03359375 0.14921875
16 0.53125 0.721875 0.025 0.1390625
24 0.50078125 0.7140625 0.0296875 0.13125
25 0.46953125 0.72265625 0.0296875 0.1453125
26 0.43203125 0.72265625 0.0453125 0.18046875
27 0.3890625 0.7171875 0.04375 0.18046875
28 0.34296875 0.70703125 0.05703125 0.18515625
29 0.2859375 0.6859375 0.08515625 0.19453125
7 0.2203125 0.359375 0.053125 0.09765625
1 0.44140625 0.51796875 0.02578125 0.15546875
6 0.22890625 0.46171875 0.06328125 0.1609375
5 0.27890625 0.48046875 0.059375 0.18671875
0 0.48984375 0.528125 0.0546875 0.203125
4 0.3296875 0.50703125 0.04375 0.16484375
3 0.36953125 0.5125 0.04765625 0.1828125
2 0.41015625 0.51171875 0.04140625 0.19296875
15 0.8015625 0.35625 0.053125 0.09609375
14 0.79375 0.4671875 0.0609375 0.1515625
13 0.7453125 0.490625 0.059375 0.17890625
12 0.69375 0.5046875 0.04765625 0.1828125
11 0.6578125 0.521875 0.03984375 0.18671875
10 0.61640625 0.5421875 0.03984375 0.15546875
9 0.584375 0.5734375 0.0296875 0.09609375
8 0.53984375 0.52421875 0.0515625 0.21015625