7 0.1953125 0.39765625 0.0625 0.19375
6 0.23828125 0.428125 0.0546875 0.1953125
5 0.29453125 0.434375 0.0671875 0.209375
4 0.3453125 0.4375 0.03515625 0.21484375
3 0.38203125 0.4375 0.0375 0.23828125
2 0.4203125 0.4546875 0.046875 0.21875
1 0.4609375 0.46796875 0.03515625 0.19375
0 0.496875 0.4671875 0.040625 0.20703125
8 0.53984375 0.465625 0.040625 0.2125
9 0.57734375 0.4734375 0.0328125 0.196875
10 0.61328125 0.4609375 0.03515625 0.21484375
11 0.64765625 0.4546875 0.0375 0.20703125
12 0.67890625 0.4515625 0.0375 0.203125
13 0.721875 0.4421875 0.0484375 0.18125
14 0.76875 0.4328125 0.0484375 0.2046875
15 0.81640625 0.425 0.05078125 0.18125
31 0.171875 0.63671875 0.078125 0.1796875
30 0.23359375 0.6484375 0.084375 0.1953125
29 0.296875 0.67109375 0.09375 0.1921875
28 0.36171875 0.67890625 0.04609375 0.209375
27 0.39765625 0.6765625 0.040625 0.18125
26 0.4390625 0.67109375 0.0390625 0.1734375
25 0.47578125 0.68828125 0.0375 0.1859375
24 0.5015625 0.68984375 0.03125 0.18671875
16 0.528125 0.675 0.03125 0.146875
17 0.55625 0.68359375 0.03515625 0.16796875
18 0.590625 0.6875 0.040625 0.1875
19 0.63203125 0.68671875 0.0484375 0.18125
20 0.6609375 0.6921875 0.05625 0.209375
21 0.7171875 0.68046875 0.07421875 0.2015625
22 0.778125 0.6546875 0.0796875 0.1953125
23 0.83671875 0.640625 0.071875 0.1796875