6 0.20546875 0.29921875 0.0625 0.18671875
5 0.2640625 0.3125 0.0546875 0.21328125
4 0.31953125 0.31484375 0.05625 0.2421875
3 0.3578125 0.325 0.04609375 0.23515625
2 0.390625 0.33359375 0.04921875 0.27109375
1 0.4296875 0.34765625 0.04921875 0.2453125
0 0.47421875 0.371875 0.05 0.21953125
8 0.51953125 0.36796875 0.05 0.22734375
9 0.55390625 0.359375 0.040625 0.221875
10 0.59609375 0.34765625 0.046875 0.2609375
11 0.6328125 0.35546875 0.04921875 0.2140625
12 0.66796875 0.3453125 0.046875 0.225
13 0.71796875 0.32890625 0.06875 0.2046875
14 0.7640625 0.296875 0.0703125 0.190625
30 0.19921875 0.521875 0.10078125 0.1875
29 0.26171875 0.58203125 0.09375 0.23359375
28 0.315625 0.60234375 0.0328125 0.16484375
27 0.3640625 0.62109375 0.04296875 0.2578125
26 0.40859375 0.6171875 0.05078125 0.253125
25 0.4453125 0.6203125 0.0390625 0.25078125
24 0.4703125 0.60703125 0.0265625 0.2171875
16 0.49609375 0.5875 0.03203125 0.178125
17 0.51796875 0.59765625 0.05 0.1984375
18 0.5578125 0.621875 0.0453125 0.259375
19 0.6 0.6015625 0.04296875 0.20625
21 0.69296875 0.60234375 0.096875 0.22734375
22 0.75859375 0.53671875 0.103125 0.1859375