7 0.159375 0.45625 0.05390625 0.09296875
6 0.21484375 0.46875 0.06484375 0.13671875
5 0.27265625 0.4703125 0.0578125 0.16484375
4 0.321875 0.46953125 0.04375 0.190625
3 0.36484375 0.47578125 0.04609375 0.19921875
2 0.40078125 0.4703125 0.0421875 0.22109375
1 0.4359375 0.45859375 0.0359375 0.196875
0 0.475 0.4515625 0.04609375 0.1828125
8 0.52109375 0.43359375 0.04609375 0.21484375
9 0.5578125 0.4515625 0.03984375 0.203125
10 0.59296875 0.4734375 0.0578125 0.24296875
11 0.625 0.50234375 0.034375 0.2078125
12 0.65703125 0.5015625 0.04609375 0.203125
13 0.71015625 0.50546875 0.0640625 0.175
14 0.775 0.49375 0.06171875 0.17890625
15 0.825 0.47421875 0.07421875 0.16796875
23 0.8546875 0.66875 0.0703125 0.17734375
22 0.79375 0.67734375 0.0796875 0.203125
21 0.73671875 0.71328125 0.09375 0.21875
20 0.665625 0.70859375 0.04375 0.19296875
19 0.62109375 0.70234375 0.04609375 0.17734375
18 0.575 0.7046875 0.04609375 0.18125
17 0.53671875 0.7171875 0.0421875 0.21875
16 0.5046875 0.665625 0.0421875 0.1390625
24 0.47265625 0.6578125 0.03828125 0.12734375
25 0.43515625 0.68046875 0.0421875 0.18125
26 0.39765625 0.6828125 0.04765625 0.17734375
27 0.359375 0.678125 0.04609375 0.17734375
28 0.3109375 0.671875 0.05390625 0.1828125
29 0.2453125 0.66640625 0.09375 0.209375
30 0.19296875 0.62265625 0.078125 0.18203125
31 0.1421875 0.6015625 0.06015625 0.17890625