6 0.28671875 0.44296875 0.0625 0.20234375
5 0.35078125 0.46171875 0.06953125 0.21328125
3 0.40703125 0.45703125 0.0515625 0.2265625
2 0.45546875 0.459375 0.05 0.25625
1 0.496875 0.47421875 0.04140625 0.2421875
0 0.5375 0.48359375 0.04140625 0.23125
8 0.57890625 0.4703125 0.04140625 0.25234375
9 0.61875 0.4796875 0.0390625 0.228125
10 0.65703125 0.47265625 0.04140625 0.24375
11 0.7015625 0.46953125 0.0515625 0.22421875
13 0.75546875 0.46640625 0.06484375 0.22265625
14 0.81796875 0.4578125 0.06484375 0.20546875
22 0.8125 0.678125 0.10625 0.19609375
21 0.73359375 0.71796875 0.078125 0.20234375
19 0.675 0.72890625 0.04296875 0.21953125
18 0.63828125 0.7453125 0.034375 0.24765625
17 0.60390625 0.72890625 0.03046875 0.20234375
16 0.575 0.72421875 0.028125 0.19375
30 0.2890625 0.66796875 0.11015625 0.1984375
29 0.36875 0.6953125 0.09765625 0.17421875
24 0.54375 0.72421875 0.03125 0.1984375
25 0.5140625 0.7265625 0.0328125 0.20234375
26 0.4765625 0.7328125 0.04296875 0.24453125
27 0.440625 0.72890625 0.04140625 0.25