31 0.2 0.60625 0.0703125 0.13125
30 0.2578125 0.64375 0.0984375 0.2
29 0.3234375 0.6953125 0.09609375 0.21796875
28 0.38359375 0.71015625 0.05234375 0.22421875
27 0.4234375 0.71875 0.03984375 0.25234375
26 0.46171875 0.71875 0.03984375 0.27578125
23 0.8453125 0.58046875 0.0765625 0.1375
22 0.79140625 0.63984375 0.0921875 0.19609375
21 0.728125 0.6859375 0.08203125 0.2078125
20 0.66875 0.71015625 0.03984375 0.23203125
19 0.6328125 0.71640625 0.0359375 0.25234375
18 0.60078125 0.70546875 0.03203125 0.23828125
17 0.56796875 0.68828125 0.02421875 0.2
16 0.54296875 0.68203125 0.01875 0.1796875
24 0.5171875 0.6875 0.02578125 0.19375
25 0.496875 0.6890625 0.034375 0.2015625
15 0.784375 0.36015625 0.08671875 0.12578125
14 0.7671875 0.453125 0.05234375 0.1515625
13 0.71171875 0.45859375 0.05390625 0.1828125
12 0.66484375 0.45546875 0.0359375 0.2
11 0.63671875 0.44921875 0.028125 0.2078125
10 0.6015625 0.4484375 0.034375 0.21015625
9 0.56953125 0.45234375 0.03046875 0.21015625
8 0.5359375 0.4625 0.0359375 0.18984375
0 0.49765625 0.45546875 0.0359375 0.215625
1 0.465625 0.45703125 0.028125 0.19140625
2 0.425 0.42109375 0.05390625 0.271875
3 0.40234375 0.428125 0.0421875 0.26171875
7 0.25078125 0.34296875 0.08828125 0.14375
6 0.2671875 0.4515625 0.053125 0.14375
5 0.32265625 0.453125 0.05859375 0.171875
4 0.371875 0.42109375 0.03984375 0.2640625