7 0.2421875 0.26953125 0.0765625 0.146875
6 0.2625 0.37578125 0.0859375 0.18828125
5 0.31484375 0.40625 0.0671875 0.22734375
4 0.36171875 0.40078125 0.05546875 0.24296875
3 0.40390625 0.396875 0.053125 0.26640625
2 0.44375 0.42109375 0.053125 0.2609375
1 0.46796875 0.42109375 0.0296875 0.2453125
0 0.4984375 0.43828125 0.04375 0.25625
8 0.54296875 0.44140625 0.05390625 0.24609375
9 0.57890625 0.43046875 0.0546875 0.246875
10 0.60390625 0.384375 0.0328125 0.25859375
11 0.62265625 0.409375 0.0515625 0.2375
12 0.6625 0.4046875 0.04296875 0.228125
13 0.7109375 0.40234375 0.065625 0.1984375
14 0.75546875 0.375 0.065625 0.16796875
15 0.77578125 0.29375 0.06171875 0.13671875
31 0.16796875 0.54453125 0.09453125 0.1515625
30 0.22890625 0.6 0.10078125 0.20703125
29 0.28671875 0.64453125 0.09140625 0.2171875
28 0.34453125 0.68046875 0.07109375 0.2109375
27 0.3859375 0.684375 0.0390625 0.21875
26 0.41484375 0.68203125 0.0734375 0.20859375
25 0.44609375 0.703125 0.03828125 0.15234375
24 0.46484375 0.68359375 0.0390625 0.19296875
16 0.49140625 0.67578125 0.03359375 0.18046875
17 0.521875 0.68046875 0.03515625 0.190625
18 0.56015625 0.68359375 0.04765625 0.24375
19 0.596875 0.678125 0.0625 0.2296875
20 0.64765625 0.67421875 0.06171875 0.2375
22 0.74453125 0.60625 0.125 0.19609375
23 0.80390625 0.56328125 0.10078125 0.16171875