7 0.1515625 0.24609375 0.05625 0.18671875
6 0.2015625 0.29765625 0.06875 0.184375
4 0.29609375 0.32578125 0.040625 0.23203125
3 0.3375 0.328125 0.04609375 0.23671875
2 0.38203125 0.3203125 0.0421875 0.2609375
1 0.42578125 0.33984375 0.0359375 0.21640625
0 0.4734375 0.34921875 0.04453125 0.23046875
8 0.534375 0.35546875 0.04453125 0.24296875
9 0.57578125 0.34921875 0.03828125 0.23046875
10 0.6171875 0.33984375 0.04453125 0.26796875
11 0.665625 0.34765625 0.0484375 0.24296875
12 0.71875 0.34453125 0.04609375 0.21640625
14 0.80546875 0.3078125 0.0625 0.20859375
15 0.8578125 0.2890625 0.0625 0.1703125
23 0.84609375 0.48671875 0.0828125 0.178125
22 0.790625 0.53671875 0.0890625 0.19453125
21 0.71796875 0.55625 0.08046875 0.20078125
20 0.65625 0.57890625 0.04609375 0.178125
19 0.61171875 0.60546875 0.04609375 0.2109375
18 0.565625 0.57109375 0.0421875 0.178125
17 0.528125 0.56796875 0.03203125 0.16796875
16 0.49921875 0.5578125 0.0265625 0.14453125
24 0.46875 0.56015625 0.03046875 0.14453125
25 0.43671875 0.571875 0.03125 0.1640625
26 0.40234375 0.59609375 0.0421875 0.22890625
27 0.36171875 0.578125 0.0421875 0.1921875
30 0.21171875 0.51953125 0.09296875 0.18828125
31 0.16015625 0.453125 0.0828125 0.1640625