6 0.2765625 0.4484375 0.0609375 0.21953125
5 0.325 0.4546875 0.07890625 0.18515625
2 0.42109375 0.3984375 0.04296875 0.18203125
1 0.46171875 0.43515625 0.03359375 0.19375
0 0.5 0.45 0.0390625 0.16796875
8 0.5421875 0.45078125 0.04140625 0.18515625
9 0.58046875 0.428125 0.03125 0.21484375
10 0.61640625 0.4578125 0.04296875 0.18828125
12 0.67734375 0.4765625 0.03515625 0.19375
13 0.72109375 0.45546875 0.05703125 0.22109375
14 0.771875 0.43828125 0.0515625 0.18828125
16 0.52734375 0.6484375 0.0234375 0.16640625
17 0.5515625 0.653125 0.0234375 0.15234375
18 0.5875 0.67578125 0.04921875 0.19765625
19 0.6171875 0.67578125 0.04140625 0.2171875
24 0.503125 0.65234375 0.021875 0.1625
25 0.478125 0.65703125 0.02734375 0.184375
26 0.44609375 0.66171875 0.0375 0.20546875
27 0.409375 0.66171875 0.0390625 0.21328125
28 0.375 0.63828125 0.0453125 0.19375