6 0.27734375 0.41953125 0.046875 0.17109375
5 0.328125 0.43125 0.0546875 0.190625
4 0.3703125 0.4265625 0.0375 0.1921875
3 0.39921875 0.42734375 0.0453125 0.17890625
2 0.425 0.3953125 0.0375 0.184375
1 0.4453125 0.4421875 0.0390625 0.16484375
0 0.46875 0.45078125 0.04296875 0.190625
8 0.50625 0.44609375 0.0390625 0.1765625
9 0.53984375 0.44453125 0.0328125 0.17890625
10 0.57109375 0.4421875 0.040625 0.1765625
11 0.60625 0.434375 0.040625 0.15703125
12 0.64453125 0.43515625 0.0390625 0.15546875
13 0.690625 0.415625 0.05625 0.1984375
14 0.73828125 0.403125 0.05078125 0.17265625
22 0.7609375 0.60234375 0.084375 0.17265625
21 0.70234375 0.6609375 0.0796875 0.19609375
20 0.646875 0.67421875 0.03515625 0.2
19 0.6125 0.67734375 0.0375 0.20625
18 0.5828125 0.6765625 0.0375 0.21953125
17 0.5484375 0.65 0.02734375 0.159375
16 0.52890625 0.6515625 0.028125 0.15546875
25 0.475 0.6578125 0.03125 0.175
26 0.446875 0.6828125 0.04296875 0.2296875
27 0.4046875 0.6859375 0.0390625 0.21953125
28 0.36328125 0.68828125 0.0390625 0.2078125
29 0.2921875 0.6359375 0.09453125 0.16328125
24 0.49921875 0.6578125 0.02421875 0.17109375