31 0.1703125 0.59140625 0.07890625 0.1515625
30 0.23203125 0.64375 0.1109375 0.2421875
29 0.2984375 0.684375 0.10390625 0.25859375
28 0.36953125 0.7171875 0.0765625 0.21640625
27 0.4265625 0.734375 0.06015625 0.259375
26 0.4703125 0.75 0.0484375 0.26484375
25 0.51640625 0.7578125 0.0578125 0.240625
24 0.54921875 0.73671875 0.040625 0.21171875
16 0.58671875 0.75078125 0.03828125 0.209375
17 0.615625 0.73984375 0.04296875 0.20546875
18 0.66796875 0.77578125 0.0875 0.31171875
19 0.703125 0.73984375 0.0625 0.2484375
20 0.7671875 0.753125 0.07734375 0.20078125
21 0.82890625 0.6734375 0.13125 0.259375
22 0.90078125 0.65546875 0.10546875 0.21875
23 0.95234375 0.56796875 0.08984375 0.14296875
7 0.23046875 0.24453125 0.07265625 0.09296875
6 0.26640625 0.3171875 0.0703125 0.16796875
5 0.30703125 0.40546875 0.0734375 0.2234375
4 0.36484375 0.40859375 0.05078125 0.26015625
3 0.41171875 0.43046875 0.065625 0.2375
2 0.45 0.41796875 0.046875 0.3484375
1 0.49296875 0.45 0.04140625 0.2953125
0 0.5359375 0.4703125 0.0453125 0.3140625
8 0.58125 0.4734375 0.053125 0.29765625
9 0.6234375 0.45390625 0.05859375 0.30234375
10 0.67109375 0.41953125 0.05390625 0.325
11 0.703125 0.40234375 0.06640625 0.31328125
12 0.74453125 0.4046875 0.0625 0.27421875
13 0.80390625 0.409375 0.08046875 0.21328125
14 0.84140625 0.34609375 0.078125 0.165625
15 0.88125 0.25546875 0.07109375 0.11796875