16 0.49765625 0.6453125 0.02890625 0.20078125
17 0.5296875 0.65625 0.0265625 0.190625
18 0.559375 0.67109375 0.0328125 0.23125
19 0.596875 0.63828125 0.05078125 0.1703125
24 0.46953125 0.640625 0.02890625 0.190625
25 0.43984375 0.659375 0.034375 0.1890625
26 0.4125 0.66171875 0.040625 0.20546875
27 0.37734375 0.6578125 0.053125 0.20546875
30 0.21640625 0.5671875 0.09375 0.1625
0 0.45546875 0.44609375 0.053125 0.19375
1 0.4109375 0.4375 0.034375 0.19765625
2 0.37109375 0.42890625 0.04453125 0.24609375
3 0.334375 0.4703125 0.0328125 0.153125
8 0.5078125 0.45390625 0.04921875 0.18046875
9 0.54921875 0.4421875 0.0328125 0.14609375
10 0.5859375 0.42734375 0.040625 0.23359375
11 0.6234375 0.459375 0.034375 0.1765625
12 0.6671875 0.44375 0.04921875 0.16015625
13 0.71953125 0.4390625 0.05546875 0.1796875