7 0.1921875 0.34296875 0.09765625 0.1609375
6 0.2234375 0.4375 0.0734375 0.22109375
4 0.30546875 0.39609375 0.06484375 0.18984375
2 0.36328125 0.36640625 0.059375 0.27734375
1 0.39453125 0.45546875 0.06953125 0.3078125
0 0.43671875 0.4734375 0.0453125 0.253125
8 0.48515625 0.4640625 0.0515625 0.26875
9 0.52578125 0.46875 0.0546875 0.26640625
10 0.5703125 0.45546875 0.065625 0.3078125
11 0.609375 0.4421875 0.06640625 0.28515625
12 0.6578125 0.4484375 0.059375 0.23359375
14 0.71484375 0.4265625 0.07734375 0.225
15 0.746875 0.334375 0.08203125 0.153125
30 0.14375 0.66328125 0.09140625 0.175
29 0.2234375 0.6875 0.125 0.265625
28 0.296875 0.6453125 0.08203125 0.1421875
27 0.34765625 0.7375 0.053125 0.25234375
26 0.3953125 0.73984375 0.04453125 0.21953125
25 0.42890625 0.73359375 0.05625 0.24609375
24 0.46640625 0.7234375 0.0484375 0.2515625
16 0.49375 0.7234375 0.03828125 0.22890625
17 0.5234375 0.72265625 0.0453125 0.21953125
18 0.57109375 0.7515625 0.059375 0.24765625
19 0.61328125 0.728125 0.065625 0.221875
20 0.6703125 0.64765625 0.10078125 0.1203125
21 0.73359375 0.67109375 0.115625 0.25
22 0.803125 0.65390625 0.09453125 0.1765625