7 0.22578125 0.39296875 0.0578125 0.1765625
6 0.27421875 0.40546875 0.0625 0.2015625
5 0.334375 0.4140625 0.0625 0.2140625
4 0.38515625 0.43125 0.0390625 0.19921875
3 0.4265625 0.43125 0.04375 0.215625
2 0.465625 0.42421875 0.0390625 0.246875
1 0.5 0.421875 0.02890625 0.221875
0 0.53125 0.428125 0.0375 0.2140625
8 0.5734375 0.440625 0.0390625 0.20546875
9 0.60859375 0.45 0.02734375 0.19921875
10 0.64140625 0.4375 0.0328125 0.24921875
11 0.67421875 0.4359375 0.04140625 0.22421875
12 0.70859375 0.45234375 0.03125 0.19921875
13 0.75859375 0.43046875 0.06015625 0.21796875
14 0.815625 0.4234375 0.05390625 0.203125
15 0.85546875 0.40390625 0.05625 0.16796875
31 0.19375 0.6015625 0.0890625 0.14140625
30 0.26796875 0.6140625 0.09140625 0.1953125
29 0.3296875 0.64609375 0.09140625 0.2140625
28 0.3890625 0.659375 0.04765625 0.2078125
27 0.43046875 0.6671875 0.03515625 0.20546875
26 0.46484375 0.6703125 0.02890625 0.21953125
25 0.49609375 0.6625 0.025 0.2015625
24 0.521875 0.653125 0.02265625 0.1796875
16 0.546875 0.65078125 0.02265625 0.18046875
17 0.5734375 0.6546875 0.02734375 0.1890625
18 0.60390625 0.6828125 0.02890625 0.23203125
19 0.63828125 0.675 0.0390625 0.209375
20 0.68046875 0.6703125 0.0453125 0.1828125
21 0.7421875 0.6625 0.09453125 0.209375
22 0.809375 0.63671875 0.09140625 0.19921875
23 0.86328125 0.60234375 0.06640625 0.16796875