7 0.20546875 0.29375 0.05703125 0.0984375
6 0.24296875 0.3421875 0.071875 0.1828125
5 0.28203125 0.45 0.06953125 0.19921875
4 0.3484375 0.396875 0.0546875 0.16953125
3 0.39765625 0.40625 0.0609375 0.21328125
2 0.45078125 0.40234375 0.05703125 0.22265625
1 0.49375 0.4828125 0.0546875 0.21796875
0 0.53046875 0.4921875 0.0484375 0.2375
8 0.58125 0.49140625 0.0484375 0.24375
9 0.62578125 0.49140625 0.03984375 0.23515625
10 0.6625 0.4171875 0.05078125 0.21796875
11 0.71171875 0.4140625 0.0609375 0.20390625
12 0.75 0.3984375 0.04453125 0.1421875
13 0.8109375 0.45703125 0.065625 0.22265625
14 0.846875 0.38359375 0.07421875 0.13828125
15 0.88125 0.28359375 0.0578125 0.0984375
31 0.16796875 0.6140625 0.05703125 0.11484375
30 0.225 0.66796875 0.090625 0.184375
29 0.2984375 0.684375 0.090625 0.2375
27 0.415625 0.7234375 0.0546875 0.2234375
26 0.4515625 0.7515625 0.06328125 0.25859375
25 0.49921875 0.73671875 0.0359375 0.21171875
24 0.5359375 0.7375 0.025 0.21015625
16 0.56640625 0.73359375 0.03203125 0.196875
17 0.60078125 0.73671875 0.03046875 0.1953125
18 0.6390625 0.7453125 0.0421875 0.22890625
19 0.68046875 0.75234375 0.04453125 0.1890625
21 0.78359375 0.6953125 0.078125 0.2265625
22 0.85234375 0.646875 0.08046875 0.2015625
23 0.9125 0.628125 0.053125 0.1171875
20 0.721875 0.65703125 0.0671875 0.11484375
28 0.3671875 0.64609375 0.08046875 0.11484375