7 0.21484375 0.309375 0.06640625 0.16484375
6 0.25546875 0.40546875 0.07265625 0.21015625
5 0.31875 0.42734375 0.07109375 0.2
4 0.359375 0.43125 0.04375 0.22890625
3 0.396875 0.428125 0.03515625 0.24375
2 0.43125 0.42578125 0.05 0.22734375
1 0.47578125 0.43046875 0.04296875 0.27734375
0 0.5109375 0.43359375 0.03828125 0.2875
8 0.55546875 0.44921875 0.04375 0.28125
9 0.59453125 0.45625 0.04765625 0.2625
10 0.621875 0.43828125 0.04765625 0.23125
11 0.65 0.45859375 0.03359375 0.22890625
12 0.68359375 0.45390625 0.04140625 0.23359375
13 0.72734375 0.44609375 0.0625 0.225
14 0.78203125 0.43359375 0.06484375 0.19609375
15 0.821875 0.359375 0.06484375 0.16484375
31 0.18359375 0.590625 0.1 0.13125
30 0.26171875 0.65234375 0.08515625 0.21640625
29 0.32109375 0.68671875 0.1 0.21484375
28 0.38359375 0.69609375 0.0625 0.21640625
27 0.41328125 0.725 0.06875 0.2375
26 0.43984375 0.75 0.0625 0.2
25 0.4859375 0.73203125 0.04453125 0.23125
24 0.50390625 0.71328125 0.03046875 0.17265625
16 0.52890625 0.7125 0.01953125 0.2
17 0.553125 0.70546875 0.03984375 0.18125
18 0.58671875 0.75390625 0.04375 0.2125
19 0.61640625 0.73515625 0.05390625 0.22890625
20 0.65234375 0.72109375 0.05 0.22109375
21 0.71015625 0.709375 0.0875 0.21015625
22 0.77734375 0.67265625 0.09140625 0.20859375
23 0.84140625 0.61015625 0.0875 0.14609375