30 0.18515625 0.6578125 0.09140625 0.20546875
29 0.259375 0.69375 0.11640625 0.2359375
28 0.3234375 0.71875 0.0640625 0.24296875
27 0.36875 0.72890625 0.0578125 0.25
26 0.41484375 0.73828125 0.05390625 0.24765625
25 0.46015625 0.73046875 0.03359375 0.21953125
24 0.49765625 0.71875 0.04453125 0.1828125
16 0.525 0.7171875 0.040625 0.17578125
17 0.559375 0.7265625 0.0421875 0.190625
18 0.59921875 0.75859375 0.04609375 0.2546875
19 0.646875 0.76328125 0.0484375 0.2390625
20 0.6890625 0.76015625 0.065625 0.26171875
21 0.7515625 0.71953125 0.096875 0.24453125
23 0.85546875 0.65703125 0.08515625 0.1875
6 0.23046875 0.4390625 0.0703125 0.1953125
5 0.29609375 0.46328125 0.071875 0.21640625
3 0.353125 0.45234375 0.0515625 0.23203125
2 0.396875 0.47109375 0.05 0.22421875
1 0.440625 0.4765625 0.059375 0.21875
0 0.48828125 0.47734375 0.0484375 0.23046875
8 0.5390625 0.48203125 0.04609375 0.25703125
9 0.5890625 0.47890625 0.04921875 0.25078125
10 0.625 0.47734375 0.046875 0.24921875
11 0.66328125 0.4765625 0.05078125 0.23203125
12 0.6984375 0.459375 0.04375 0.24296875
13 0.753125 0.4515625 0.06328125 0.2203125
14 0.81015625 0.45078125 0.06328125 0.19921875