30 0.21640625 0.51484375 0.12421875 0.153125
22 0.8078125 0.53125 0.0921875 0.13984375
28 0.321875 0.615625 0.06015625 0.25625
27 0.37734375 0.6359375 0.046875 0.27109375
26 0.42578125 0.621875 0.0453125 0.24765625
25 0.46640625 0.6125 0.03671875 0.18984375
24 0.50234375 0.61640625 0.0296875 0.16015625
16 0.528125 0.61640625 0.0296875 0.16875
17 0.559375 0.62109375 0.03203125 0.20703125
18 0.596875 0.62421875 0.03828125 0.23203125
19 0.646875 0.63046875 0.05390625 0.23046875
20 0.69921875 0.61640625 0.05546875 0.24609375
6 0.2125 0.30078125 0.06015625 0.2203125
5 0.2734375 0.34609375 0.075 0.21171875
4 0.32265625 0.3640625 0.0453125 0.20078125
3 0.36796875 0.3578125 0.06640625 0.221875
2 0.41015625 0.35234375 0.046875 0.27109375
1 0.45078125 0.36015625 0.04296875 0.275
0 0.49375 0.36796875 0.04296875 0.25078125
8 0.53671875 0.38125 0.03828125 0.2390625
9 0.578125 0.353125 0.040625 0.2765625
10 0.62265625 0.34296875 0.046875 0.278125
11 0.6703125 0.35390625 0.040625 0.24765625
12 0.70625 0.3546875 0.0515625 0.1984375
14 0.821875 0.31796875 0.06875 0.21171875
13 0.75546875 0.32421875 0.07265625 0.2671875