7 0.21328125 0.4015625 0.05703125 0.096875
6 0.23046875 0.478125 0.05078125 0.1796875
5 0.28125 0.496875 0.0546875 0.19296875
4 0.32734375 0.51484375 0.03671875 0.1921875
3 0.3625 0.5296875 0.03828125 0.165625
2 0.3828125 0.446875 0.04296875 0.18984375
1 0.41484375 0.534375 0.03671875 0.18203125
0 0.45234375 0.53671875 0.03828125 0.18828125
8 0.49296875 0.53125 0.03828125 0.18515625
9 0.534375 0.53515625 0.03671875 0.171875
10 0.56875 0.53203125 0.03671875 0.18203125
11 0.6109375 0.528125 0.03828125 0.178125
12 0.6484375 0.5125 0.040625 0.2
13 0.696875 0.5015625 0.06484375 0.19375
14 0.746875 0.46875 0.0671875 0.1984375
15 0.76953125 0.38671875 0.05859375 0.12734375
23 0.8171875 0.675 0.06875 0.12734375
22 0.75078125 0.7125 0.0671875 0.18125
21 0.6984375 0.734375 0.0953125 0.18828125
20 0.6375 0.75625 0.04296875 0.1921875
19 0.59765625 0.7578125 0.040625 0.1859375
18 0.56171875 0.76796875 0.03828125 0.2140625
17 0.53359375 0.74609375 0.0265625 0.15546875
16 0.50703125 0.7546875 0.0265625 0.15546875
24 0.4859375 0.7421875 0.03671875 0.16328125
25 0.453125 0.75390625 0.0359375 0.16953125
26 0.42265625 0.759375 0.053125 0.20625
27 0.39296875 0.75859375 0.03828125 0.20390625
28 0.35390625 0.75625 0.040625 0.1796875
29 0.28671875 0.74921875 0.09765625 0.209375
30 0.2375 0.70078125 0.07734375 0.165625
31 0.18671875 0.6875 0.0609375 0.12734375