31 0.1 0.596875 0.0796875 0.134375
30 0.17265625 0.61953125 0.10078125 0.1921875
29 0.246875 0.6734375 0.0859375 0.2046875
28 0.30703125 0.6875 0.0515625 0.19453125
27 0.353125 0.709375 0.04921875 0.2046875
26 0.39375 0.7078125 0.040625 0.19609375
23 0.85859375 0.61328125 0.07734375 0.12734375
22 0.78359375 0.63046875 0.08984375 0.19609375
21 0.71171875 0.66796875 0.08828125 0.1859375
20 0.646875 0.68515625 0.04921875 0.1859375
19 0.6 0.7046875 0.04921875 0.1984375
18 0.5625 0.71640625 0.03828125 0.21796875
17 0.52578125 0.7046875 0.034375 0.1640625
16 0.49375 0.7078125 0.02890625 0.175
24 0.46015625 0.70546875 0.03203125 0.175
25 0.428125 0.7015625 0.03203125 0.1703125
7 0.16015625 0.3125 0.07109375 0.10625
15 0.8078125 0.32265625 0.07109375 0.10859375
14 0.78515625 0.44453125 0.07734375 0.16328125
13 0.725 0.45859375 0.07265625 0.2046875
12 0.6671875 0.46484375 0.05546875 0.21796875
11 0.6296875 0.4734375 0.04921875 0.22109375
10 0.58828125 0.48359375 0.03828125 0.22421875
9 0.5421875 0.478125 0.04921875 0.221875
8 0.50625 0.4921875 0.0515625 0.203125
0 0.4546875 0.48359375 0.046875 0.2125
1 0.41328125 0.48984375 0.03671875 0.203125
2 0.37421875 0.47890625 0.040625 0.2328125
3 0.334375 0.47890625 0.046875 0.19453125
6 0.18125 0.4296875 0.08359375 0.16015625
5 0.23515625 0.45625 0.075 0.1921875
4 0.29296875 0.46484375 0.040625 0.1921875