31 0.2375 0.63203125 0.10078125 0.1546875
30 0.29921875 0.690625 0.0984375 0.2
23 0.7765625 0.65703125 0.07265625 0.1765625
22 0.7265625 0.6953125 0.08671875 0.19375
28 0.36875 0.69609375 0.0453125 0.1921875
27 0.40625 0.6921875 0.0375 0.1921875
26 0.44296875 0.690625 0.03515625 0.19609375
25 0.47109375 0.68515625 0.0296875 0.1859375
24 0.50078125 0.7015625 0.0296875 0.22109375
16 0.521875 0.6921875 0.0234375 0.184375
17 0.5484375 0.684375 0.0296875 0.16796875
18 0.5828125 0.71171875 0.03515625 0.22734375
19 0.62109375 0.7078125 0.04140625 0.21171875
20 0.66171875 0.7015625 0.0390625 0.19765625
7 0.20703125 0.434375 0.0671875 0.16328125
6 0.2578125 0.44453125 0.06328125 0.2078125
15 0.82578125 0.45234375 0.053125 0.1640625
14 0.77578125 0.459375 0.0515625 0.209375
13 0.72265625 0.4921875 0.0515625 0.1734375
5 0.31796875 0.47578125 0.05703125 0.18828125
4 0.36640625 0.47109375 0.046875 0.19375
3 0.3984375 0.475 0.0375 0.18984375
2 0.43515625 0.46328125 0.04296875 0.20703125
1 0.4703125 0.4796875 0.03125 0.1671875
0 0.5046875 0.4671875 0.0375 0.20703125
8 0.546875 0.4828125 0.0515625 0.18203125
9 0.5828125 0.4765625 0.03125 0.17421875
10 0.6125 0.471875 0.0390625 0.21171875
11 0.646875 0.4875 0.03828125 0.18046875
12 0.68125 0.4765625 0.03515625 0.19765625