31 0.178125 0.56484375 0.12890625 0.2203125
30 0.25859375 0.60703125 0.14375 0.240625
28 0.37890625 0.64296875 0.05390625 0.2734375
27 0.4203125 0.64140625 0.046875 0.26484375
26 0.45390625 0.65703125 0.0453125 0.24609375
25 0.4921875 0.659375 0.0453125 0.27109375
24 0.521875 0.65703125 0.02890625 0.25
16 0.5453125 0.659375 0.02578125 0.24609375
17 0.57265625 0.65390625 0.034375 0.25625
18 0.60703125 0.66484375 0.06875 0.2390625
19 0.63125 0.62109375 0.05546875 0.22890625
20 0.6640625 0.621875 0.0453125 0.24765625
22 0.79375 0.58203125 0.103125 0.2203125
23 0.85859375 0.5328125 0.0984375 0.203125
6 0.21328125 0.31953125 0.07109375 0.23046875
5 0.28671875 0.3515625 0.075 0.20078125
4 0.33984375 0.35234375 0.0453125 0.22890625
3 0.37578125 0.3515625 0.0515625 0.2390625
2 0.43359375 0.309375 0.07265625 0.32734375
1 0.471875 0.36328125 0.0515625 0.2375
0 0.5078125 0.36015625 0.04921875 0.278125
8 0.5546875 0.365625 0.04921875 0.27109375
9 0.5921875 0.35859375 0.046875 0.25390625
10 0.62421875 0.340625 0.04296875 0.19609375
11 0.6515625 0.3515625 0.0453125 0.21328125
12 0.6875 0.34921875 0.040625 0.20078125
13 0.73359375 0.3546875 0.0640625 0.1984375
14 0.796875 0.328125 0.0578125 0.21875
15 0.85703125 0.309375 0.0625 0.20625