7 0.21015625 0.38125 0.053125 0.15390625
6 0.24921875 0.45546875 0.065625 0.2171875
15 0.8359375 0.4015625 0.05546875 0.15390625
14 0.79921875 0.4953125 0.06328125 0.1828125
13 0.74375 0.51015625 0.059375 0.2125
12 0.69609375 0.5125 0.040625 0.2171875
10 0.6109375 0.51796875 0.04296875 0.25234375
23 0.865625 0.6609375 0.08125 0.1625
22 0.79765625 0.71015625 0.09375 0.21640625
21 0.7328125 0.7484375 0.09375 0.2234375
20 0.6671875 0.7625 0.0609375 0.21953125
19 0.6234375 0.76484375 0.04296875 0.21953125
18 0.58125 0.7640625 0.040625 0.21328125
31 0.1890625 0.62578125 0.0671875 0.1375
30 0.24375 0.684375 0.0875 0.20546875
29 0.30078125 0.7171875 0.0875 0.21328125
28 0.35234375 0.740625 0.06328125 0.2109375
27 0.39375 0.73828125 0.04921875 0.19453125
26 0.42578125 0.7625 0.05546875 0.22734375
25 0.46875 0.740625 0.034375 0.17890625
9 0.5734375 0.50859375 0.04453125 0.25
5 0.29765625 0.4921875 0.053125 0.196875
4 0.340625 0.5125 0.040625 0.1890625
2 0.415625 0.51796875 0.0390625 0.22734375
1 0.453125 0.52109375 0.03671875 0.2171875
0 0.4890625 0.53515625 0.05078125 0.19296875
8 0.53515625 0.52578125 0.04921875 0.2203125
24 0.496875 0.74921875 0.028125 0.1640625
16 0.51796875 0.7546875 0.03125 0.14375
17 0.5453125 0.7515625 0.03125 0.1796875
17 0.6475299953125 0.428342128125 0.6440386328125001 0.5016934843749999 0.657550984375 0.3983673484375 0.6475299953125 0.428342128125
17 0.631206175 0.5998206046875 0.6384770265624999 0.5442219203125 0.62957381875 0.5720573046874999 0.631206175 0.5998206046875
11 0.6578125 0.52578125 0.05078125 0.24296875
3 0.37734375 0.51796875 0.040625 0.20703125