31 0.17890625 0.70234375 0.07109375 0.11484375
30 0.24375 0.7015625 0.084375 0.215625
29 0.3078125 0.6859375 0.059375 0.16484375
28 0.36953125 0.69375 0.04765625 0.13671875
26 0.40546875 0.853125 0.05546875 0.15
24 0.4796875 0.72421875 0.04296875 0.1703125
25 0.44140625 0.7203125 0.03671875 0.18203125
27 0.40546875 0.70703125 0.03671875 0.16640625
16 0.50703125 0.728125 0.0484375 0.19375
17 0.54765625 0.73203125 0.03828125 0.1734375
19 0.5921875 0.72109375 0.04453125 0.1515625
18 0.5796875 0.86171875 0.06796875 0.14296875
20 0.63828125 0.70546875 0.06953125 0.125
21 0.6890625 0.7 0.084375 0.1421875
22 0.76484375 0.7265625 0.09609375 0.21875
23 0.82890625 0.73046875 0.07421875 0.10703125
7 0.1921875 0.38125 0.08203125 0.11953125
6 0.225 0.50625 0.07265625 0.14609375
5 0.28359375 0.5296875 0.0578125 0.13046875
4 0.29296875 0.40546875 0.05234375 0.14375
3 0.3375 0.4671875 0.05859375 0.1
2 0.365625 0.365625 0.071875 0.15078125
1 0.4109375 0.48828125 0.04765625 0.15859375
0 0.459375 0.51640625 0.04921875 0.21796875
8 0.5234375 0.50859375 0.05078125 0.23046875
9 0.57265625 0.46953125 0.0609375 0.16484375
10 0.6265625 0.36796875 0.08203125 0.12421875
11 0.64921875 0.4625 0.06328125 0.11171875
12 0.7 0.428125 0.06953125 0.13359375
13 0.70234375 0.553125 0.05859375 0.1125
14 0.765625 0.49453125 0.08671875 0.19453125
15 0.81328125 0.4078125 0.07421875 0.1359375