31 0.134375 0.5453125 0.0796875 0.16484375
30 0.19140625 0.58828125 0.10078125 0.19375
29 0.2578125 0.63359375 0.10625 0.21796875
28 0.3234375 0.64375 0.06953125 0.19375
27 0.36875 0.65859375 0.05703125 0.21015625
26 0.41328125 0.6734375 0.0515625 0.22421875
25 0.45078125 0.67265625 0.02890625 0.17734375
24 0.4796875 0.6828125 0.02734375 0.18515625
16 0.515625 0.6765625 0.04296875 0.1734375
17 0.5421875 0.68203125 0.046875 0.1953125
18 0.584375 0.68515625 0.06171875 0.203125
19 0.61953125 0.6703125 0.06328125 0.21015625
20 0.66796875 0.65625 0.06953125 0.19375
21 0.71953125 0.64296875 0.1109375 0.21640625
22 0.77578125 0.59765625 0.08828125 0.1953125
23 0.8265625 0.534375 0.071875 0.15078125
15 0.80859375 0.35703125 0.06796875 0.128125
14 0.771875 0.39453125 0.06328125 0.165625
13 0.7171875 0.41171875 0.06171875 0.18828125
12 0.665625 0.4140625 0.0453125 0.209375
7 0.1515625 0.2671875 0.08984375 0.1734375
6 0.20546875 0.3640625 0.08359375 0.1953125
5 0.25234375 0.40078125 0.065625 0.18359375
4 0.30703125 0.3921875 0.0453125 0.21484375
3 0.3484375 0.40234375 0.0453125 0.234375
2 0.390625 0.4125 0.0515625 0.25546875
1 0.43359375 0.4265625 0.04296875 0.24296875
0 0.4703125 0.428125 0.04296875 0.2703125
8 0.5140625 0.41328125 0.0453125 0.2984375
9 0.5515625 0.42890625 0.03671875 0.24296875
10 0.58671875 0.4234375 0.04296875 0.24921875
11 0.63125 0.42109375 0.03671875 0.21953125