7 0.1671875 0.4546875 0.08203125 0.20234375
15 0.79375 0.45625 0.05859375 0.2109375
14 0.73515625 0.46328125 0.0796875 0.18671875
29 0.2734375 0.68125 0.0796875 0.20234375
28 0.3296875 0.68671875 0.0421875 0.1921875
27 0.378125 0.68125 0.0375 0.20078125
26 0.4078125 0.68984375 0.0421875 0.2078125
25 0.44140625 0.66640625 0.0296875 0.15625
24 0.4703125 0.65703125 0.03359375 0.19609375
16 0.5 0.665625 0.025 0.17265625
17 0.52734375 0.675 0.0296875 0.17734375
18 0.56484375 0.69375 0.0375 0.228125
19 0.61015625 0.6671875 0.03984375 0.20078125
20 0.65 0.68125 0.04375 0.1984375
12 0.6625 0.4546875 0.04375 0.18671875
8 0.50703125 0.45078125 0.03984375 0.20078125
9 0.5453125 0.44453125 0.0359375 0.209375
10 0.5875 0.43515625 0.0484375 0.228125
0 0.465625 0.4546875 0.04375 0.18984375
1 0.42578125 0.47421875 0.0359375 0.17109375
2 0.384375 0.4375 0.04609375 0.265625
4 0.31640625 0.47421875 0.05234375 0.18359375