31 0.19140625 0.53046875 0.06640625 0.1203125
23 0.8359375 0.58828125 0.08203125 0.1296875
30 0.2484375 0.5765625 0.08203125 0.1671875
29 0.30859375 0.62734375 0.0703125 0.2
28 0.35625 0.634375 0.0453125 0.1828125
27 0.38984375 0.65390625 0.0484375 0.1984375
26 0.4265625 0.68125 0.0328125 0.21015625
25 0.46015625 0.665625 0.0328125 0.15546875
22 0.76484375 0.6234375 0.0953125 0.184375
21 0.696875 0.665625 0.0703125 0.1984375
20 0.63984375 0.67890625 0.040625 0.19453125
19 0.6 0.66953125 0.04296875 0.1828125
18 0.565625 0.68203125 0.0375 0.18046875
17 0.53515625 0.66953125 0.03515625 0.15546875
16 0.5078125 0.66875 0.0234375 0.153125
24 0.48046875 0.66484375 0.02734375 0.153125
7 0.2265625 0.321875 0.046875 0.1171875
6 0.25078125 0.3828125 0.0484375 0.20703125
5 0.2984375 0.40390625 0.05078125 0.21796875
4 0.34375 0.4078125 0.03515625 0.221875
3 0.38125 0.4328125 0.03515625 0.18671875
2 0.4140625 0.43828125 0.03515625 0.20390625
1 0.4484375 0.46171875 0.0328125 0.184375
0 0.48359375 0.45859375 0.0296875 0.1984375
8 0.5171875 0.46328125 0.046875 0.2
9 0.55078125 0.47109375 0.03125 0.18828125
10 0.58671875 0.46015625 0.0375 0.20625
11 0.6265625 0.45859375 0.03515625 0.21796875
12 0.6609375 0.45078125 0.0375 0.20625
13 0.70703125 0.43984375 0.0546875 0.2078125
14 0.7609375 0.43828125 0.053125 0.17265625
15 0.79296875 0.35703125 0.05078125 0.15546875