30 0.24140625 0.56640625 0.1015625 0.19609375
28 0.34453125 0.596875 0.040625 0.19375
27 0.38203125 0.59765625 0.040625 0.2046875
26 0.4171875 0.6046875 0.03359375 0.2
25 0.46171875 0.60625 0.02578125 0.1703125
24 0.4875 0.603125 0.0296875 0.1515625
16 0.5125 0.60859375 0.0203125 0.16640625
17 0.53828125 0.59453125 0.0296875 0.1515625
18 0.57734375 0.6140625 0.040625 0.20625
19 0.6375 0.60625 0.03828125 0.19921875
20 0.6765625 0.6140625 0.03203125 0.21171875
21 0.74140625 0.58671875 0.09296875 0.1984375
6 0.25546875 0.34921875 0.05703125 0.1984375
5 0.31328125 0.37890625 0.06328125 0.18984375
4 0.35390625 0.37421875 0.03359375 0.19375
3 0.3875 0.36484375 0.03828125 0.20859375
2 0.421875 0.3640625 0.03828125 0.23203125
1 0.45546875 0.396875 0.0296875 0.19140625
0 0.4890625 0.40859375 0.03828125 0.1984375
8 0.5296875 0.40234375 0.03359375 0.20625
9 0.56328125 0.396875 0.02578125 0.19609375
10 0.5953125 0.3640625 0.03359375 0.26171875
11 0.628125 0.3875 0.040625 0.21484375
12 0.65859375 0.38203125 0.03359375 0.1875
13 0.703125 0.3828125 0.05546875 0.19375
14 0.7609375 0.359375 0.05546875 0.20234375