7 0.14453125 0.3125 0.06328125 0.18203125
6 0.1953125 0.340625 0.0609375 0.2015625
5 0.24765625 0.35234375 0.0609375 0.2125
4 0.29375 0.3703125 0.05390625 0.21953125
3 0.33515625 0.3765625 0.04140625 0.22734375
2 0.375 0.37265625 0.04140625 0.27421875
1 0.4078125 0.378125 0.04375 0.23046875
0 0.4484375 0.390625 0.05859375 0.21875
8 0.49453125 0.38046875 0.04609375 0.2359375
9 0.53515625 0.37109375 0.0421875 0.2453125
10 0.57578125 0.371875 0.04296875 0.28046875
11 0.61875 0.36640625 0.0484375 0.2484375
12 0.6578125 0.3234375 0.03046875 0.1671875
13 0.7046875 0.3453125 0.0625 0.19375
14 0.76484375 0.3140625 0.065625 0.21484375
31 0.11640625 0.47734375 0.115625 0.1921875
30 0.17734375 0.5328125 0.11171875 0.21953125
29 0.203125 0.62734375 0.07265625 0.15390625
28 0.30390625 0.5859375 0.04453125 0.21328125
27 0.34453125 0.59296875 0.05546875 0.20625
26 0.38046875 0.61015625 0.0515625 0.1984375
25 0.41953125 0.61953125 0.0390625 0.18359375
24 0.4515625 0.628125 0.0359375 0.17578125
16 0.49375 0.61328125 0.04140625 0.1625
17 0.53046875 0.6015625 0.04765625 0.15625
18 0.56796875 0.6015625 0.05625 0.18203125
19 0.61171875 0.5953125 0.059375 0.21875
20 0.64921875 0.58125 0.0640625 0.22890625
21 0.715625 0.55234375 0.10078125 0.2296875
22 0.7796875 0.52421875 0.1 0.21015625