6 0.25078125 0.33203125 0.0625 0.21796875
5 0.30546875 0.35078125 0.05625 0.2046875
4 0.35546875 0.34453125 0.040625 0.2234375
3 0.38671875 0.36640625 0.04140625 0.18046875
2 0.41875 0.3296875 0.04296875 0.253125
1 0.45625 0.33515625 0.0296875 0.2359375
0 0.4890625 0.35078125 0.03984375 0.20859375
8 0.525 0.33984375 0.0421875 0.2296875
9 0.5640625 0.3390625 0.0421875 0.240625
10 0.6015625 0.32890625 0.04609375 0.27734375
11 0.6359375 0.3484375 0.0484375 0.215625
12 0.67265625 0.34453125 0.04375 0.21484375
13 0.71484375 0.340625 0.05703125 0.19140625
14 0.7734375 0.31796875 0.06796875 0.2015625
31 0.1515625 0.5328125 0.11484375 0.140625
30 0.23671875 0.56171875 0.09765625 0.2328125
29 0.31015625 0.584375 0.09140625 0.246875
28 0.36640625 0.59921875 0.06015625 0.22109375
27 0.40234375 0.60390625 0.046875 0.2265625
26 0.43984375 0.58125 0.03828125 0.196875
25 0.4671875 0.57109375 0.04296875 0.20078125
24 0.49140625 0.55703125 0.02890625 0.1796875
16 0.51328125 0.56171875 0.021875 0.1765625
17 0.53515625 0.57890625 0.03125 0.1796875
18 0.5671875 0.60390625 0.0328125 0.23828125
19 0.6109375 0.59765625 0.04921875 0.21015625
20 0.64765625 0.5890625 0.05625 0.228125
21 0.7 0.57109375 0.08984375 0.2234375
22 0.76796875 0.54453125 0.09765625 0.2171875