6 0.18984375 0.290625 0.065625 0.19453125
5 0.25078125 0.3046875 0.05703125 0.221875
4 0.30859375 0.30703125 0.05859375 0.25234375
3 0.34765625 0.31796875 0.0484375 0.24453125
2 0.38203125 0.3265625 0.0515625 0.28203125
1 0.42265625 0.34140625 0.0515625 0.25546875
0 0.46953125 0.36640625 0.0515625 0.228125
8 0.51640625 0.3625 0.05234375 0.23671875
9 0.55234375 0.35390625 0.0421875 0.23125
10 0.59609375 0.34140625 0.04921875 0.271875
11 0.63359375 0.35 0.0515625 0.22265625
12 0.67109375 0.3390625 0.0484375 0.234375
13 0.7234375 0.321875 0.07109375 0.2125
14 0.77109375 0.2890625 0.0734375 0.1984375
30 0.1828125 0.52265625 0.1046875 0.1953125
29 0.2484375 0.58515625 0.09765625 0.24296875
28 0.30390625 0.60625 0.034375 0.17109375
27 0.35390625 0.6265625 0.0453125 0.26796875
26 0.40078125 0.621875 0.05234375 0.2640625
25 0.4390625 0.625 0.040625 0.2609375
24 0.465625 0.61171875 0.02734375 0.2265625
16 0.49140625 0.59140625 0.0328125 0.1859375
17 0.51484375 0.6015625 0.05234375 0.20703125
18 0.55625 0.62734375 0.046875 0.26953125
19 0.6 0.60546875 0.04453125 0.21484375
21 0.696875 0.60625 0.10078125 0.23671875
22 0.765625 0.53828125 0.10703125 0.19375