6 0.2625 0.528125 0.06953125 0.240625
5 0.32265625 0.52734375 0.0796875 0.2390625
3 0.3734375 0.4984375 0.04375 0.22890625
2 0.40703125 0.46015625 0.03984375 0.23359375
14 0.7359375 0.5203125 0.06171875 0.2328125
24 0.5109375 0.68828125 0.03515625 0.23671875
25 0.48046875 0.68203125 0.0390625 0.24453125
26 0.44375 0.69296875 0.0390625 0.25390625
27 0.4078125 0.6921875 0.05703125 0.240625
16 0.5359375 0.68828125 0.03046875 0.21640625
17 0.565625 0.696875 0.040625 0.234375
18 0.59453125 0.7 0.04921875 0.2328125
19 0.6390625 0.7078125 0.0546875 0.22265625