7 0.1875 0.31484375 0.0625 0.121875
6 0.23125 0.36640625 0.075 0.23671875
5 0.29296875 0.4234375 0.06875 0.196875
15 0.88671875 0.3296875 0.06015625 0.13046875
14 0.84609375 0.40859375 0.06640625 0.18828125
13 0.78125 0.44140625 0.06640625 0.190625
4 0.34609375 0.41328125 0.05078125 0.25546875
3 0.38515625 0.46953125 0.04609375 0.18046875
2 0.43046875 0.42421875 0.04765625 0.29453125
1 0.47734375 0.46640625 0.04609375 0.23359375
0 0.51796875 0.46484375 0.04765625 0.25
8 0.565625 0.4625 0.04765625 0.25859375
9 0.61015625 0.48515625 0.0375 0.2125
10 0.65 0.46015625 0.04140625 0.265625
11 0.69140625 0.46015625 0.04140625 0.22421875
12 0.728125 0.440625 0.04375 0.22734375
23 0.915625 0.5953125 0.07734375 0.13203125
22 0.84921875 0.63515625 0.10234375 0.21171875
21 0.77109375 0.68046875 0.09609375 0.21953125
20 0.71015625 0.7296875 0.05390625 0.25078125
18 0.62265625 0.7359375 0.05 0.23046875
17 0.578125 0.69921875 0.03984375 0.165625
16 0.54609375 0.70546875 0.02890625 0.165625
24 0.51328125 0.7203125 0.03515625 0.18671875
25 0.48359375 0.71015625 0.04140625 0.19453125
26 0.43203125 0.7328125 0.06015625 0.253125
27 0.38984375 0.72109375 0.05859375 0.23046875
28 0.34453125 0.71171875 0.06015625 0.23671875
29 0.28828125 0.6640625 0.09375 0.21171875
31 0.14453125 0.55390625 0.08125 0.140625
19 0.665625 0.7359375 0.04765625 0.22578125