23 0.853125 0.603125 0.1125 0.15078125
22 0.77109375 0.64609375 0.10546875 0.22734375
21 0.715625 0.67265625 0.11015625 0.22421875
31 0.19296875 0.628125 0.0875 0.15859375
30 0.2625 0.66640625 0.09140625 0.225
29 0.32578125 0.6890625 0.09765625 0.23828125
28 0.38359375 0.71640625 0.03515625 0.25390625
27 0.41875 0.71328125 0.03828125 0.2140625
26 0.45625 0.73359375 0.03828125 0.278125
25 0.4875 0.7140625 0.0359375 0.20625
15 0.83046875 0.3203125 0.0625 0.10859375
14 0.7890625 0.42109375 0.0625 0.1734375
13 0.72734375 0.4296875 0.06640625 0.1984375
6 0.2484375 0.4140625 0.05703125 0.21328125
5 0.30625 0.44453125 0.0640625 0.1953125
20 0.64765625 0.7359375 0.0625 0.225
19 0.6265625 0.715625 0.0421875 0.25078125
18 0.59375 0.70703125 0.03828125 0.228125
17 0.56015625 0.709375 0.0265625 0.19921875
16 0.54453125 0.72109375 0.03125 0.1921875
24 0.51015625 0.70078125 0.0421875 0.16953125
9 0.5703125 0.4703125 0.03359375 0.20546875
1 0.45390625 0.471875 0.03671875 0.19609375
8 0.53203125 0.47890625 0.04140625 0.21640625
0 0.4921875 0.47265625 0.0421875 0.22421875
2 0.415625 0.44609375 0.03828125 0.23359375
10 0.609375 0.4546875 0.0421875 0.23203125
11 0.64609375 0.46875 0.02890625 0.17734375
12 0.68125 0.43359375 0.05234375 0.22421875
4 0.35703125 0.4578125 0.0359375 0.190625
3 0.3859375 0.4703125 0.028125 0.171875
7 0.21328125 0.31171875 0.0671875 0.10859375