7 0.1984375 0.24765625 0.065625 0.18359375
23 0.84140625 0.54375 0.084375 0.18515625
22 0.7765625 0.58671875 0.08203125 0.20625
21 0.71484375 0.62265625 0.0859375 0.21640625
20 0.65859375 0.634375 0.046875 0.2203125
19 0.62109375 0.65234375 0.0453125 0.22265625
18 0.58125 0.66328125 0.0390625 0.228125
17 0.54609375 0.65625 0.03046875 0.19375
16 0.51875 0.65390625 0.0203125 0.18125
24 0.4890625 0.65546875 0.0234375 0.1875
25 0.46171875 0.66171875 0.0265625 0.2
26 0.42734375 0.6734375 0.0390625 0.23671875
27 0.38515625 0.659375 0.0453125 0.22421875
28 0.3390625 0.65625 0.05546875 0.22265625
29 0.27421875 0.634375 0.09453125 0.2328125
30 0.21484375 0.590625 0.08984375 0.2140625
31 0.15234375 0.53203125 0.0796875 0.1796875
14 0.7828125 0.3515625 0.05703125 0.21171875
13 0.72734375 0.37265625 0.05703125 0.21171875
12 0.6796875 0.3765625 0.0390625 0.228125
9 0.56328125 0.40390625 0.03671875 0.24296875
8 0.52578125 0.41015625 0.04296875 0.246875
0 0.4734375 0.40078125 0.040625 0.2640625
5 0.275 0.375 0.065625 0.22421875
4 0.3234375 0.3765625 0.05546875 0.23125
3 0.35859375 0.3953125 0.04921875 0.2359375
2 0.3953125 0.375 0.04453125 0.31875
1 0.43359375 0.3921875 0.05078125 0.275
10 0.603125 0.37265625 0.04921875 0.3234375
11 0.6453125 0.38359375 0.05625 0.27890625
6 0.2234375 0.34140625 0.0734375 0.24296875
15 0.8078125 0.2703125 0.06953125 0.1515625