7 0.23359375 0.27265625 0.06328125 0.16796875
6 0.271875 0.38203125 0.0765625 0.17734375
5 0.31953125 0.409375 0.05625 0.19453125
4 0.36484375 0.4140625 0.0578125 0.21953125
3 0.40234375 0.42890625 0.05078125 0.20703125
2 0.4328125 0.4140625 0.04453125 0.27109375
1 0.4625 0.434375 0.0359375 0.2359375
0 0.51171875 0.4359375 0.03671875 0.27734375
8 0.54921875 0.42890625 0.046875 0.271875
9 0.5890625 0.4296875 0.04609375 0.2296875
10 0.62265625 0.4234375 0.04765625 0.26875
11 0.64765625 0.43203125 0.0421875 0.21796875
12 0.69375 0.42421875 0.053125 0.21953125
13 0.73359375 0.4359375 0.07265625 0.18671875
14 0.79140625 0.4046875 0.06484375 0.1765625
15 0.82421875 0.3015625 0.06171875 0.1578125
31 0.18984375 0.546875 0.09609375 0.16953125
30 0.24453125 0.5875 0.1125 0.16953125
28 0.3359375 0.6703125 0.05625 0.2203125
27 0.3875 0.67734375 0.05625 0.22578125
26 0.4390625 0.68515625 0.0390625 0.2203125
25 0.47578125 0.66484375 0.040625 0.1703125
24 0.50390625 0.665625 0.03203125 0.17734375
16 0.53203125 0.6734375 0.0296875 0.1828125
17 0.5609375 0.67265625 0.03125 0.1734375
18 0.596875 0.69296875 0.04765625 0.24375
19 0.6484375 0.7015625 0.05703125 0.24375
20 0.6984375 0.6953125 0.0671875 0.22734375
22 0.78984375 0.62890625 0.1265625 0.1890625
23 0.8421875 0.58828125 0.09765625 0.171875