31 0.15390625 0.559375 0.0828125 0.15859375
30 0.20078125 0.61171875 0.115625 0.21875
29 0.26640625 0.65234375 0.08671875 0.22265625
28 0.31171875 0.684375 0.0671875 0.24453125
27 0.35234375 0.67734375 0.0546875 0.24453125
26 0.38671875 0.6875 0.0546875 0.2515625
25 0.4265625 0.68125 0.040625 0.21796875
24 0.4546875 0.684375 0.0390625 0.225
16 0.48828125 0.67265625 0.0375 0.209375
17 0.5109375 0.6671875 0.034375 0.21015625
18 0.546875 0.684375 0.04765625 0.25
19 0.5984375 0.671875 0.065625 0.2328125
21 0.675 0.64140625 0.06796875 0.20546875
22 0.7421875 0.609375 0.11171875 0.19765625
23 0.7953125 0.54453125 0.08671875 0.1375
7 0.17578125 0.390625 0.06484375 0.20078125
6 0.228125 0.40625 0.05546875 0.19921875
5 0.2765625 0.40703125 0.05390625 0.24609375
4 0.3234375 0.42578125 0.05078125 0.2296875
3 0.3546875 0.42890625 0.04375 0.2328125
2 0.3859375 0.4015625 0.053125 0.29296875
1 0.425 0.41796875 0.040625 0.2515625
0 0.4578125 0.434375 0.04921875 0.22734375
8 0.49765625 0.43984375 0.0515625 0.23359375
9 0.54609375 0.42734375 0.04296875 0.2578125
10 0.575 0.41640625 0.04375 0.26796875
11 0.61484375 0.41953125 0.0453125 0.2421875
12 0.64453125 0.4109375 0.03125 0.2421875
13 0.68984375 0.409375 0.0484375 0.21328125
14 0.746875 0.3828125 0.059375 0.2265625
15 0.79609375 0.37578125 0.05234375 0.20390625