30 0.215625 0.565625 0.090625 0.1828125
29 0.27890625 0.62109375 0.090625 0.20625
28 0.3390625 0.64609375 0.0609375 0.20078125
27 0.3875 0.6609375 0.04375 0.2140625
26 0.43203125 0.66640625 0.04140625 0.23046875
25 0.46875 0.6546875 0.03125 0.175
24 0.5 0.66171875 0.02734375 0.1765625
16 0.528125 0.6625 0.025 0.17109375
17 0.56015625 0.659375 0.0296875 0.18046875
18 0.596875 0.67421875 0.03984375 0.234375
19 0.63828125 0.66171875 0.03984375 0.2046875
20 0.68046875 0.65234375 0.04140625 0.1984375
21 0.7421875 0.628125 0.08515625 0.20078125
22 0.80078125 0.5640625 0.0828125 0.1671875
14 0.796875 0.3828125 0.0546875 0.153125
13 0.74765625 0.39765625 0.053125 0.20234375
12 0.7046875 0.415625 0.0375 0.20625
11 0.66875 0.42421875 0.04140625 0.20859375
10 0.62734375 0.41953125 0.04140625 0.25
9 0.58515625 0.42578125 0.0359375 0.23046875
8 0.54375 0.4359375 0.04765625 0.22421875
0 0.49296875 0.42421875 0.04921875 0.2359375
1 0.4546875 0.41875 0.05546875 0.22890625
2 0.415625 0.378125 0.0453125 0.2421875
3 0.38203125 0.4109375 0.04140625 0.2203125
4 0.34375 0.40625 0.04375 0.2125
5 0.290625 0.39375 0.059375 0.20625
6 0.2359375 0.37734375 0.05625 0.15703125