30 0.23828125 0.59921875 0.08515625 0.18671875
29 0.31015625 0.62890625 0.08359375 0.20703125
28 0.36484375 0.64296875 0.05859375 0.18671875
27 0.41328125 0.65703125 0.04375 0.196875
26 0.453125 0.66953125 0.04375 0.21796875
25 0.4890625 0.67421875 0.03046875 0.17421875
24 0.51328125 0.66015625 0.04375 0.178125
16 0.540625 0.67578125 0.03515625 0.159375
17 0.578125 0.67421875 0.03984375 0.16171875
18 0.60859375 0.67265625 0.04609375 0.21171875
23 0.84140625 0.60859375 0.07890625 0.15546875
6 0.26640625 0.3890625 0.05859375 0.21171875
3 0.38671875 0.42578125 0.04765625 0.209375
2 0.42421875 0.43046875 0.04765625 0.21953125
1 0.46171875 0.44296875 0.04375 0.203125
0 0.50390625 0.44765625 0.05 0.20390625
8 0.55546875 0.4359375 0.04375 0.20546875
9 0.59921875 0.440625 0.03984375 0.19375
10 0.63984375 0.43046875 0.04609375 0.24453125
11 0.68203125 0.43359375 0.04375 0.20546875
12 0.71875 0.42421875 0.0375 0.19921875
13 0.76796875 0.41171875 0.05625 0.20703125
15 0.83046875 0.40234375 0.05625 0.2125