6 0.21875 0.2859375 0.04921875 0.1796875
5 0.27578125 0.29765625 0.0640625 0.2078125
4 0.3265625 0.31640625 0.0453125 0.215625
3 0.36796875 0.334375 0.0453125 0.2265625
2 0.40703125 0.3484375 0.05390625 0.25546875
1 0.44609375 0.37109375 0.04921875 0.25546875
0 0.47734375 0.37890625 0.04140625 0.28203125
8 0.5171875 0.3984375 0.04765625 0.23828125
9 0.5484375 0.3828125 0.04375 0.24921875
10 0.5921875 0.36640625 0.04375 0.26953125
11 0.628125 0.3578125 0.0375 0.27265625
30 0.19921875 0.49140625 0.109375 0.1890625
12 0.6578125 0.34375 0.0390625 0.240625
13 0.709375 0.334375 0.06796875 0.19296875
14 0.7703125 0.29609375 0.06640625 0.21171875
15 0.82421875 0.29609375 0.06171875 0.15
27 0.38046875 0.603125 0.06171875 0.20546875
26 0.41953125 0.6515625 0.04921875 0.23671875
29 0.275 0.5328125 0.11171875 0.19765625
28 0.33359375 0.57578125 0.08046875 0.2015625
25 0.46171875 0.63046875 0.03125 0.1703125
24 0.49375 0.63203125 0.02890625 0.17265625
16 0.5203125 0.6265625 0.025 0.16640625
17 0.546875 0.63046875 0.04375 0.17421875
18 0.584375 0.6578125 0.0453125 0.22421875
19 0.61875 0.62578125 0.09296875 0.1859375
20 0.66328125 0.6140625 0.078125 0.19921875
21 0.7140625 0.578125 0.0890625 0.1765625
22 0.775 0.5234375 0.0953125 0.17421875