6 0.203125 0.375 0.0703125 0.19375
5 0.26171875 0.38828125 0.06640625 0.2125
3 0.35390625 0.4125 0.04765625 0.20625
2 0.3921875 0.38828125 0.04140625 0.27109375
1 0.434375 0.4140625 0.0390625 0.21875
0 0.47734375 0.41015625 0.0453125 0.24375
8 0.52890625 0.40546875 0.0453125 0.25859375
9 0.571875 0.428125 0.03125 0.196875
11 0.62109375 0.43203125 0.0390625 0.19609375
12 0.65859375 0.4171875 0.04375 0.2171875
14 0.74765625 0.4171875 0.0640625 0.1921875
21 0.734375 0.628125 0.0828125 0.18984375
30 0.203125 0.5765625 0.0953125 0.1859375
29 0.27890625 0.61171875 0.08125 0.18984375
28 0.33828125 0.62890625 0.05 0.2
27 0.38359375 0.63359375 0.04140625 0.1921875
26 0.42109375 0.61953125 0.0375 0.1609375
25 0.4609375 0.63984375 0.02890625 0.1796875
24 0.49140625 0.65 0.02421875 0.175
16 0.52421875 0.62578125 0.03125 0.1734375
17 0.5578125 0.63515625 0.02890625 0.15859375
18 0.59453125 0.65390625 0.03515625 0.2171875
19 0.63671875 0.6625 0.0375 0.2375
20 0.67421875 0.6640625 0.0453125 0.25390625