6 0.21484375 0.29296875 0.05859375 0.19453125
5 0.27265625 0.3171875 0.071875 0.21328125
4 0.33671875 0.32421875 0.05625 0.23203125
3 0.3875 0.32890625 0.07109375 0.265625
2 0.42890625 0.35546875 0.05703125 0.24921875
1 0.47265625 0.3703125 0.05390625 0.228125
0 0.50703125 0.3703125 0.05234375 0.28203125
8 0.56328125 0.38828125 0.04765625 0.26875
9 0.60546875 0.39921875 0.03515625 0.23515625
10 0.64140625 0.3875 0.04140625 0.27109375
11 0.68203125 0.37890625 0.04765625 0.26171875
12 0.72109375 0.3828125 0.04140625 0.240625
14 0.81171875 0.33359375 0.05234375 0.19296875
30 0.19921875 0.5046875 0.10625 0.17578125
29 0.25703125 0.57890625 0.11015625 0.21171875
28 0.34140625 0.6171875 0.04609375 0.24296875
27 0.38359375 0.6296875 0.04609375 0.246875
26 0.42109375 0.64921875 0.04609375 0.27421875
25 0.46015625 0.64140625 0.02890625 0.240625
24 0.48359375 0.64296875 0.03359375 0.22421875
16 0.51328125 0.64609375 0.03046875 0.22578125
17 0.53984375 0.64609375 0.04140625 0.221875
18 0.575 0.64921875 0.04609375 0.23203125
19 0.621875 0.6609375 0.04765625 0.25078125
20 0.665625 0.66015625 0.04375 0.253125
21 0.75625 0.6234375 0.13359375 0.20546875
22 0.81015625 0.55859375 0.11640625 0.18828125