31 0.17109375 0.66875 0.07734375 0.13125
30 0.23828125 0.68125 0.103125 0.18984375
29 0.31328125 0.728125 0.0921875 0.209375
28 0.375 0.74609375 0.06953125 0.2140625
27 0.42109375 0.75078125 0.05703125 0.2109375
26 0.46328125 0.74609375 0.05234375 0.18203125
25 0.503125 0.72734375 0.04375 0.16875
24 0.534375 0.74765625 0.03125 0.16796875
16 0.56015625 0.7296875 0.02734375 0.14375
17 0.5890625 0.73984375 0.0359375 0.18203125
18 0.628125 0.7578125 0.0421875 0.209375
19 0.6703125 0.7484375 0.0546875 0.20234375
20 0.71640625 0.73671875 0.05078125 0.19140625
21 0.7703125 0.71015625 0.090625 0.20625
22 0.8328125 0.65234375 0.090625 0.19140625
23 0.903125 0.62421875 0.0671875 0.12265625
7 0.228125 0.3921875 0.08203125 0.1375
6 0.25859375 0.4859375 0.0671875 0.1734375
5 0.3203125 0.5125 0.06953125 0.17265625
4 0.37578125 0.5125 0.04609375 0.18515625
3 0.4109375 0.51328125 0.0359375 0.19453125
2 0.44140625 0.5 0.04609375 0.19296875
1 0.471875 0.525 0.04375 0.1765625
0 0.51015625 0.5015625 0.05078125 0.24296875
8 0.55625 0.50546875 0.0453125 0.2375
9 0.6 0.50625 0.0359375 0.21015625
10 0.63671875 0.509375 0.0375 0.2078125
11 0.67890625 0.509375 0.05078125 0.1953125
12 0.7203125 0.50234375 0.04609375 0.18984375
13 0.77421875 0.49609375 0.0609375 0.1609375
14 0.82421875 0.45390625 0.06953125 0.1640625