31 0.19140625 0.54140625 0.09375 0.1765625
30 0.25078125 0.60859375 0.115625 0.20625
28 0.32421875 0.6609375 0.06640625 0.246875
27 0.38203125 0.659375 0.0453125 0.253125
26 0.42265625 0.64921875 0.0375 0.2390625
25 0.46171875 0.6125 0.0453125 0.1671875
24 0.49609375 0.61015625 0.03515625 0.184375
16 0.53125 0.6078125 0.03125 0.1765625
17 0.56171875 0.6140625 0.0328125 0.18046875
18 0.6078125 0.6390625 0.0390625 0.23515625
19 0.65 0.66171875 0.04296875 0.2296875
20 0.7 0.6671875 0.053125 0.24140625
22 0.78203125 0.6046875 0.115625 0.20625
23 0.8390625 0.53828125 0.103125 0.17890625
7 0.1984375 0.3734375 0.0609375 0.16484375
6 0.253125 0.38125 0.0609375 0.2078125
4 0.3015625 0.3890625 0.0375 0.21953125
3 0.340625 0.38671875 0.053125 0.2265625
2 0.38125 0.38203125 0.046875 0.23359375
1 0.4171875 0.38203125 0.0375 0.240625
0 0.4640625 0.384375 0.0453125 0.2453125
8 0.5109375 0.37421875 0.0453125 0.24140625
9 0.55 0.37265625 0.0453125 0.2296875
10 0.59765625 0.36953125 0.0546875 0.2234375
11 0.64140625 0.37734375 0.053125 0.21953125
12 0.6828125 0.38359375 0.0453125 0.21953125
14 0.73828125 0.36171875 0.07421875 0.25078125
15 0.796875 0.36953125 0.0703125 0.16484375