7 0.1421875 0.2578125 0.084375 0.16640625
6 0.19375 0.35234375 0.06640625 0.19453125
4 0.31171875 0.3671875 0.04453125 0.2171875
15 0.84765625 0.271875 0.0640625 0.1453125
23 0.86875 0.56640625 0.0703125 0.18203125
14 0.809375 0.36484375 0.0640625 0.1875
13 0.75078125 0.36796875 0.06015625 0.21796875
12 0.6984375 0.371875 0.03984375 0.21796875
11 0.659375 0.3828125 0.0421875 0.215625
10 0.621875 0.3828125 0.046875 0.21171875
9 0.5765625 0.36875 0.0359375 0.228125
1 0.44609375 0.33984375 0.0484375 0.2703125
22 0.80703125 0.578125 0.0921875 0.21171875
21 0.74609375 0.615625 0.0984375 0.22421875
20 0.6734375 0.590625 0.06640625 0.1375
19 0.62265625 0.6296875 0.03984375 0.2359375
18 0.5921875 0.646875 0.0484375 0.23828125
31 0.1265625 0.5609375 0.08046875 0.18671875
30 0.19453125 0.56875 0.10859375 0.21796875
29 0.26640625 0.60859375 0.10625 0.22109375
28 0.340625 0.625 0.05390625 0.2421875
27 0.38828125 0.625 0.04609375 0.23359375
26 0.43046875 0.63125 0.0421875 0.23828125
0 0.48203125 0.38203125 0.05625 0.225
8 0.53125 0.3703125 0.05 0.24453125
5 0.2578125 0.3625 0.0734375 0.221875
3 0.35625 0.37109375 0.0609375 0.2359375
2 0.39609375 0.37734375 0.06796875 0.22734375
25 0.4734375 0.6265625 0.046875 0.21171875
24 0.496875 0.615625 0.03671875 0.19765625
16 0.52109375 0.615625 0.02578125 0.18203125
17 0.55234375 0.63515625 0.03203125 0.21015625