7 0.1984375 0.278125 0.05625 0.15
6 0.24375 0.32421875 0.0546875 0.1953125
5 0.2984375 0.36328125 0.05078125 0.16796875
4 0.34296875 0.384375 0.0453125 0.1875
3 0.37578125 0.39140625 0.0453125 0.2171875
2 0.4109375 0.39140625 0.0375 0.225
1 0.44609375 0.4 0.0328125 0.21875
0 0.4828125 0.4015625 0.03515625 0.228125
8 0.5234375 0.41015625 0.0390625 0.21875
9 0.56328125 0.4 0.0328125 0.21875
10 0.6 0.4046875 0.0390625 0.203125
11 0.63359375 0.396875 0.0484375 0.203125
12 0.67109375 0.3890625 0.0484375 0.1953125
13 0.721875 0.3703125 0.0609375 0.2015625
14 0.778125 0.35078125 0.05625 0.19375
15 0.8296875 0.32421875 0.0625 0.14453125
31 0.175 0.51640625 0.084375 0.146875
30 0.24140625 0.5484375 0.084375 0.1875
29 0.303125 0.59296875 0.08984375 0.196875
28 0.35 0.6046875 0.06640625 0.153125
27 0.3890625 0.61640625 0.05859375 0.2015625
26 0.4265625 0.62578125 0.0453125 0.209375
25 0.459375 0.61328125 0.02734375 0.15625
24 0.48671875 0.6140625 0.028125 0.15
16 0.5125 0.61953125 0.021875 0.159375
17 0.5390625 0.63359375 0.03125 0.19375
18 0.5703125 0.6375 0.03125 0.18125
19 0.60625 0.63359375 0.03828125 0.165625
20 0.6546875 0.634375 0.05859375 0.19140625
21 0.7140625 0.60859375 0.0921875 0.2125
22 0.78125 0.575 0.09765625 0.1890625
23 0.8484375 0.5421875 0.084375 0.1421875