7 0.24765625 0.25546875 0.06328125 0.184375
6 0.2859375 0.35625 0.065625 0.15390625
5 0.3421875 0.36796875 0.06328125 0.18046875
4 0.384375 0.40390625 0.0390625 0.17890625
3 0.4171875 0.40546875 0.03046875 0.17890625
2 0.44609375 0.40625 0.034375 0.196875
1 0.4796875 0.41796875 0.03671875 0.18671875
0 0.515625 0.421875 0.0390625 0.215625
8 0.55078125 0.4140625 0.03671875 0.22734375
9 0.584375 0.41796875 0.0390625 0.18671875
10 0.6171875 0.38515625 0.034375 0.23125
11 0.64375 0.40234375 0.03046875 0.1921875
12 0.67109375 0.38515625 0.040625 0.19453125
13 0.71328125 0.3640625 0.05078125 0.18046875
14 0.76328125 0.35234375 0.05703125 0.14609375
15 0.79609375 0.27734375 0.0609375 0.15078125
23 0.8140625 0.54921875 0.08125 0.16015625
22 0.7578125 0.57734375 0.0875 0.19453125
21 0.71015625 0.62421875 0.10234375 0.203125
20 0.65625 0.65546875 0.05546875 0.209375
19 0.6203125 0.671875 0.04453125 0.21328125
18 0.5859375 0.678125 0.03671875 0.23359375
17 0.55625 0.66796875 0.03046875 0.184375
16 0.53359375 0.66875 0.034375 0.17890625
24 0.51796875 0.6625 0.02421875 0.18515625
25 0.4953125 0.66171875 0.03828125 0.178125
26 0.46484375 0.675 0.03671875 0.23046875
27 0.440625 0.646875 0.04140625 0.17890625
28 0.40078125 0.6703125 0.08671875 0.23125
29 0.35 0.625 0.1203125 0.20546875
30 0.2859375 0.57578125 0.10625 0.184375
31 0.21875 0.54765625 0.09375 0.13984375