7 0.17421875 0.29140625 0.06171875 0.16484375
6 0.22421875 0.3421875 0.06015625 0.2140625
5 0.284375 0.384375 0.05546875 0.18359375
4 0.33203125 0.4078125 0.04921875 0.20546875
3 0.36875 0.415625 0.04921875 0.2375
2 0.40703125 0.415625 0.040625 0.24609375
1 0.4453125 0.425 0.0359375 0.2390625
0 0.48515625 0.4265625 0.03828125 0.25
8 0.5296875 0.4359375 0.04296875 0.2390625
9 0.5734375 0.425 0.0359375 0.2390625
10 0.61328125 0.4296875 0.04296875 0.221875
11 0.65078125 0.42109375 0.053125 0.221875
12 0.69140625 0.4125 0.053125 0.2140625
13 0.746875 0.3921875 0.06640625 0.2203125
14 0.80859375 0.37109375 0.06171875 0.21171875
15 0.865625 0.3421875 0.06875 0.1578125
31 0.1484375 0.55234375 0.0921875 0.16015625
30 0.22109375 0.5875 0.0921875 0.20546875
29 0.28828125 0.6359375 0.0984375 0.215625
28 0.33984375 0.64921875 0.07265625 0.16796875
27 0.3828125 0.6609375 0.0640625 0.2203125
26 0.42421875 0.671875 0.04921875 0.22890625
25 0.459375 0.6578125 0.0296875 0.17109375
24 0.48984375 0.659375 0.03125 0.16484375
16 0.51796875 0.66484375 0.0234375 0.17421875
17 0.546875 0.68046875 0.034375 0.21171875
18 0.58125 0.68515625 0.034375 0.1984375
19 0.6203125 0.68046875 0.04140625 0.18125
20 0.6734375 0.68125 0.0640625 0.209375
21 0.73828125 0.653125 0.10078125 0.2328125
22 0.81171875 0.61640625 0.10703125 0.20703125
23 0.8859375 0.58046875 0.0921875 0.15625