7 0.175 0.4515625 0.053125 0.090625
6 0.22890625 0.46328125 0.06328125 0.13359375
5 0.2859375 0.465625 0.05625 0.1609375
4 0.334375 0.4640625 0.04296875 0.18671875
3 0.37578125 0.4703125 0.0453125 0.19453125
2 0.4109375 0.465625 0.040625 0.215625
1 0.4453125 0.45390625 0.03515625 0.1921875
0 0.48359375 0.446875 0.0453125 0.17890625
8 0.528125 0.42890625 0.0453125 0.21015625
9 0.5640625 0.446875 0.0390625 0.1984375
10 0.5984375 0.46796875 0.05625 0.2375
11 0.6296875 0.49609375 0.0328125 0.203125
12 0.6609375 0.4953125 0.0453125 0.1984375
13 0.7125 0.49921875 0.0625 0.17109375
14 0.7765625 0.4875 0.0609375 0.175
15 0.825 0.46875 0.071875 0.1640625
23 0.8546875 0.65859375 0.06875 0.17265625
22 0.7953125 0.6671875 0.078125 0.1984375
21 0.7390625 0.70234375 0.0921875 0.2140625
20 0.6703125 0.69765625 0.04296875 0.18828125
19 0.62578125 0.6921875 0.0453125 0.17265625
18 0.58125 0.69375 0.0453125 0.1765625
17 0.54375 0.70625 0.040625 0.2140625
16 0.5125 0.65546875 0.040625 0.1359375
24 0.48125 0.64765625 0.0375 0.12421875
25 0.44453125 0.6703125 0.040625 0.1765625
26 0.4078125 0.67265625 0.046875 0.17265625
27 0.3703125 0.66875 0.0453125 0.17265625
28 0.3234375 0.66171875 0.053125 0.17890625
29 0.25859375 0.65703125 0.0921875 0.20390625
30 0.2078125 0.6140625 0.0765625 0.178125
31 0.1578125 0.59296875 0.05859375 0.175