31 0.1322314046875 0.6332644625 0.150826446875 0.6559917359375 0.2024793390625 0.5981404953125 0.2107438015625 0.5733471078125 0.2086776859375 0.5444214875 0.1766528921875 0.5103305781249999 0.1663223140625 0.5103305781249999 0.1528925625 0.5299586781250001 0.1342975203125 0.5960743796875 0.1322314046875 0.6332644625
30 0.21875 0.64375 0.090625 0.18046875
29 0.28125 0.6625 0.0828125 0.1765625
28 0.3328125 0.7 0.05390625 0.20546875
27 0.36953125 0.70625 0.0453125 0.2015625
26 0.4046875 0.715625 0.0328125 0.2078125
25 0.43515625 0.703125 0.0265625 0.17890625
24 0.4609375 0.70625 0.025 0.17265625
16 0.48828125 0.709375 0.0234375 0.17890625
17 0.5140625 0.7046875 0.021875 0.16640625
18 0.546875 0.7078125 0.03125 0.1765625
19 0.5828125 0.69375 0.04921875 0.1640625
20 0.62421875 0.68984375 0.0578125 0.18046875
21 0.671875 0.67421875 0.078125 0.19140625
22 0.73359375 0.6453125 0.090625 0.1703125
23 0.78203125 0.59921875 0.07265625 0.153125
15 0.7828125 0.44296875 0.05390625 0.14140625
14 0.73125 0.45625 0.05390625 0.17265625
13 0.6765625 0.4578125 0.05546875 0.1640625
7 0.18203125 0.44375 0.0578125 0.13125
6 0.2375 0.453125 0.0578125 0.1625
4 0.3109375 0.45078125 0.03515625 0.19921875
3 0.35 0.465625 0.0390625 0.2078125
2 0.38515625 0.4640625 0.0390625 0.24296875
1 0.4171875 0.4859375 0.0375 0.203125
0 0.453125 0.49609375 0.0390625 0.1984375
8 0.49296875 0.49609375 0.03515625 0.1953125
9 0.52890625 0.49140625 0.0328125 0.2140625
10 0.56484375 0.47890625 0.03515625 0.234375
11 0.5984375 0.49140625 0.04375 0.1765625