31 0.1296875 0.5875 0.0765625 0.1296875
30 0.2 0.609375 0.09765625 0.1859375
29 0.271875 0.6609375 0.0828125 0.1984375
28 0.3296875 0.675 0.05 0.1875
27 0.37421875 0.696875 0.04765625 0.1984375
26 0.4140625 0.69453125 0.0390625 0.18984375
23 0.86328125 0.603125 0.075 0.1234375
22 0.790625 0.61953125 0.0875 0.18984375
21 0.72109375 0.65625 0.08515625 0.1796875
20 0.65859375 0.67265625 0.04765625 0.1796875
19 0.61328125 0.69140625 0.04765625 0.1921875
18 0.5765625 0.703125 0.0375 0.2109375
17 0.54140625 0.69140625 0.0328125 0.15859375
16 0.5109375 0.69453125 0.028125 0.16875
24 0.478125 0.6921875 0.03125 0.16875
25 0.446875 0.68828125 0.03125 0.16484375
7 0.1875 0.3125 0.06875 0.10234375
15 0.8140625 0.321875 0.06875 0.1046875
14 0.7921875 0.43984375 0.075 0.1578125
13 0.734375 0.45390625 0.0703125 0.1984375
12 0.678125 0.46015625 0.05390625 0.2109375
11 0.6421875 0.46796875 0.04765625 0.2140625
10 0.6015625 0.47734375 0.0375 0.2171875
9 0.55703125 0.47265625 0.04765625 0.21484375
8 0.52265625 0.4859375 0.05 0.19609375
0 0.47265625 0.478125 0.0453125 0.20546875
1 0.4328125 0.48359375 0.03515625 0.19609375
2 0.3953125 0.4734375 0.0390625 0.225
3 0.35703125 0.4734375 0.0453125 0.1875
6 0.20859375 0.42578125 0.08125 0.1546875
5 0.26015625 0.4515625 0.07265625 0.1859375
4 0.31640625 0.46015625 0.0390625 0.1859375