31 0.1609375 0.58828125 0.071875 0.121875
30 0.22734375 0.60859375 0.0921875 0.175
29 0.2953125 0.6578125 0.078125 0.18671875
28 0.35 0.6703125 0.046875 0.1765625
27 0.39140625 0.690625 0.0453125 0.18671875
26 0.42890625 0.6890625 0.0375 0.17890625
23 0.8515625 0.603125 0.0703125 0.11640625
22 0.7828125 0.61875 0.08203125 0.17890625
21 0.71796875 0.653125 0.0796875 0.16875
20 0.659375 0.66875 0.0453125 0.16875
19 0.61640625 0.6859375 0.0453125 0.18046875
18 0.58203125 0.696875 0.03515625 0.1984375
17 0.5484375 0.6859375 0.03125 0.14921875
16 0.5203125 0.6890625 0.0265625 0.159375
24 0.4890625 0.68671875 0.0296875 0.159375
25 0.46015625 0.6828125 0.0296875 0.15546875
7 0.215625 0.3296875 0.0640625 0.096875
15 0.80546875 0.33828125 0.0640625 0.0984375
14 0.78515625 0.44921875 0.0703125 0.1484375
13 0.73046875 0.4625 0.06640625 0.18671875
12 0.678125 0.46796875 0.05078125 0.1984375
11 0.64375 0.47578125 0.0453125 0.2015625
10 0.60546875 0.48515625 0.03515625 0.20390625
9 0.56328125 0.4796875 0.0453125 0.20234375
8 0.53125 0.49296875 0.046875 0.184375
0 0.484375 0.48515625 0.04296875 0.19375
1 0.44609375 0.490625 0.0328125 0.184375
2 0.4109375 0.48125 0.0375 0.21171875
3 0.375 0.48125 0.04296875 0.1765625
6 0.23515625 0.4359375 0.0765625 0.1453125
5 0.284375 0.46015625 0.06875 0.175
4 0.33671875 0.46796875 0.0375 0.175