7 0.21484375 0.44765625 0.05078125 0.17265625
6 0.271875 0.459375 0.05859375 0.17265625
5 0.32734375 0.4578125 0.06875 0.18046875
3 0.3765625 0.4484375 0.0390625 0.20625
2 0.4109375 0.4515625 0.040625 0.22734375
1 0.44453125 0.47890625 0.0375 0.19609375
0 0.48125 0.4671875 0.040625 0.2234375
8 0.52265625 0.4671875 0.0375 0.21171875
9 0.5578125 0.471875 0.0328125 0.196875
10 0.590625 0.44453125 0.0375 0.23359375
11 0.6265625 0.45546875 0.03515625 0.19609375
12 0.6578125 0.45859375 0.03515625 0.17109375
13 0.70234375 0.44375 0.0609375 0.171875
22 0.76484375 0.58828125 0.06875 0.16875
21 0.71875 0.63828125 0.08203125 0.19453125
20 0.6703125 0.6625 0.0546875 0.18359375
19 0.634375 0.66328125 0.0390625 0.17109375
18 0.6015625 0.67265625 0.0390625 0.178125
17 0.571875 0.6765625 0.03125 0.16484375
16 0.55078125 0.6765625 0.01953125 0.11796875
24 0.5265625 0.67421875 0.021875 0.1453125
25 0.50078125 0.67109375 0.025 0.15546875
26 0.4671875 0.66484375 0.0390625 0.1609375
27 0.4328125 0.66953125 0.0453125 0.16328125
28 0.39765625 0.66875 0.053125 0.1734375