31 0.134375 0.534375 0.08984375 0.190625
30 0.20625 0.57265625 0.09375 0.2234375
29 0.2671875 0.6125 0.08125 0.2375
28 0.32890625 0.62265625 0.053125 0.21328125
27 0.3765625 0.65390625 0.046875 0.2625
26 0.41875 0.67265625 0.053125 0.3171875
25 0.4609375 0.6203125 0.02890625 0.17578125
24 0.4921875 0.640625 0.02421875 0.14609375
16 0.5234375 0.64375 0.0265625 0.14765625
17 0.54921875 0.628125 0.0328125 0.1828125
23 0.86328125 0.53203125 0.07734375 0.19453125
22 0.79765625 0.57890625 0.0859375 0.21953125
21 0.7328125 0.615625 0.0859375 0.23984375
20 0.6734375 0.64375 0.05703125 0.2421875
19 0.62734375 0.665625 0.046875 0.27890625
18 0.59375 0.6625 0.05703125 0.284375
6 0.2 0.340625 0.0609375 0.2234375
5 0.26328125 0.3375 0.0609375 0.24609375
4 0.31328125 0.37890625 0.046875 0.215625
3 0.35390625 0.38515625 0.04296875 0.2359375
2 0.39921875 0.38046875 0.05078125 0.2578125
1 0.44921875 0.37421875 0.04921875 0.26328125
0 0.4875 0.37421875 0.040625 0.27890625
8 0.53125 0.37265625 0.046875 0.284375
9 0.5734375 0.39140625 0.0328125 0.22734375
10 0.6140625 0.375 0.04453125 0.284375
11 0.65234375 0.39140625 0.0390625 0.23984375
12 0.690625 0.3875 0.046875 0.21953125
13 0.7359375 0.34609375 0.046875 0.1328125
14 0.79453125 0.36875 0.059375 0.17421875