6 0.2296875 0.36953125 0.06328125 0.25859375
5 0.2921875 0.36171875 0.0859375 0.2
3 0.38046875 0.38125 0.04453125 0.22265625
2 0.42734375 0.3953125 0.05703125 0.25
1 0.4671875 0.409375 0.03984375 0.253125
0 0.50859375 0.40859375 0.0421875 0.27734375
10 0.63359375 0.4171875 0.05703125 0.28203125
11 0.66484375 0.434375 0.03359375 0.21484375
12 0.69375 0.41796875 0.03359375 0.21953125
13 0.73203125 0.41484375 0.05078125 0.23125
14 0.7859375 0.41875 0.053125 0.221875
15 0.8375 0.41171875 0.06328125 0.1859375
29 0.31015625 0.65703125 0.109375 0.2203125
28 0.3671875 0.67421875 0.07578125 0.2390625
27 0.41484375 0.69140625 0.04453125 0.23515625
26 0.45703125 0.69375 0.04453125 0.24375
25 0.48984375 0.70234375 0.028125 0.240625
24 0.5171875 0.690625 0.03359375 0.20390625
16 0.54296875 0.684375 0.0359375 0.17421875
17 0.571875 0.6875 0.03359375 0.18125
18 0.60625 0.70234375 0.03984375 0.24765625
19 0.64375 0.6953125 0.0421875 0.24375
20 0.684375 0.71171875 0.0484375 0.24140625
22 0.7859375 0.6515625 0.1078125 0.19375