31 0.17421875 0.5328125 0.07109375 0.12890625
23 0.86796875 0.5953125 0.08828125 0.13984375
30 0.23515625 0.58203125 0.08828125 0.1796875
29 0.30078125 0.63671875 0.07578125 0.215625
28 0.3515625 0.64453125 0.0484375 0.19609375
27 0.3875 0.665625 0.05234375 0.21328125
26 0.42734375 0.69453125 0.0359375 0.22578125
25 0.46328125 0.678125 0.0359375 0.1671875
22 0.790625 0.6328125 0.103125 0.1984375
21 0.71875 0.678125 0.07578125 0.21328125
20 0.65625 0.69296875 0.04375 0.209375
19 0.61328125 0.68203125 0.04609375 0.19609375
18 0.5765625 0.69609375 0.03984375 0.19453125
17 0.54375 0.68203125 0.0375 0.1671875
16 0.51484375 0.68125 0.025 0.16484375
24 0.48515625 0.67734375 0.0296875 0.16484375
7 0.2125 0.30859375 0.05078125 0.12578125
6 0.23828125 0.37421875 0.05234375 0.22265625
5 0.28984375 0.396875 0.0546875 0.234375
4 0.33828125 0.40078125 0.0375 0.23828125
3 0.378125 0.428125 0.0375 0.20078125
2 0.4140625 0.43359375 0.0375 0.21953125
1 0.45078125 0.45859375 0.0359375 0.1984375
0 0.48828125 0.45546875 0.03125 0.21328125
8 0.525 0.4609375 0.05078125 0.215625
9 0.5609375 0.46875 0.03359375 0.20234375
10 0.6 0.4578125 0.03984375 0.221875
11 0.64296875 0.45546875 0.0375 0.234375
12 0.6796875 0.446875 0.03984375 0.221875
13 0.72890625 0.43515625 0.05859375 0.2234375
14 0.78671875 0.43359375 0.05703125 0.1859375
15 0.82109375 0.34609375 0.0546875 0.1671875