31 0.20390625 0.63515625 0.05625 0.153125
30 0.2546875 0.67109375 0.071875 0.1828125
29 0.31171875 0.68671875 0.0734375 0.18671875
27 0.4015625 0.70234375 0.0328125 0.19453125
26 0.43671875 0.7015625 0.0328125 0.20390625
25 0.465625 0.6921875 0.025 0.1765625
24 0.4890625 0.67890625 0.021875 0.15546875
16 0.51015625 0.70078125 0.01640625 0.15546875
17 0.5328125 0.70078125 0.01953125 0.14375
18 0.5640625 0.70234375 0.03125 0.190625
19 0.6 0.696875 0.03515625 0.17890625
28 0.365625 0.7 0.04296875 0.184375
20 0.63359375 0.69609375 0.0375 0.18828125
21 0.68671875 0.6890625 0.06875 0.20234375
22 0.7453125 0.67109375 0.0765625 0.18671875
23 0.7984375 0.63125 0.05859375 0.1453125
15 0.821875 0.44765625 0.046875 0.1296875
14 0.7734375 0.45 0.05078125 0.15703125
13 0.72265625 0.46328125 0.0546875 0.15703125
12 0.678125 0.45390625 0.0390625 0.1890625
11 0.63984375 0.45859375 0.040625 0.175
10 0.6015625 0.46171875 0.04296875 0.19375
9 0.56328125 0.4734375 0.0296875 0.18046875
8 0.5265625 0.475 0.0375 0.18046875
0 0.48515625 0.47421875 0.0375 0.1828125
1 0.446875 0.47734375 0.03125 0.16875
2 0.40703125 0.45390625 0.040625 0.2078125
3 0.36796875 0.44609375 0.0453125 0.2
4 0.32890625 0.45 0.040625 0.18046875
5 0.2828125 0.4546875 0.0546875 0.175
6 0.2296875 0.45078125 0.053125 0.14765625
7 0.18046875 0.4578125 0.040625 0.11015625