31 0.2015625 0.49921875 0.071875 0.13046875
23 0.90078125 0.56171875 0.0890625 0.140625
30 0.2625 0.5484375 0.0890625 0.18125
29 0.328125 0.6046875 0.0765625 0.2171875
28 0.38046875 0.61171875 0.0484375 0.1984375
27 0.41640625 0.6328125 0.053125 0.21484375
26 0.45625 0.6625 0.0359375 0.228125
25 0.49296875 0.6453125 0.0359375 0.16875
22 0.8234375 0.6 0.10390625 0.2
21 0.75 0.6453125 0.0765625 0.21484375
20 0.6875 0.66015625 0.04453125 0.2109375
19 0.64375 0.65 0.046875 0.1984375
18 0.60703125 0.66328125 0.040625 0.19609375
17 0.57421875 0.65 0.03828125 0.16875
16 0.54453125 0.64921875 0.02578125 0.16640625
24 0.51484375 0.64453125 0.0296875 0.16640625
7 0.2390625 0.2734375 0.05078125 0.12734375
6 0.265625 0.3390625 0.053125 0.22421875
5 0.31796875 0.36171875 0.05546875 0.2359375
4 0.36640625 0.365625 0.03828125 0.240625
3 0.40703125 0.39375 0.03828125 0.20234375
2 0.44296875 0.39921875 0.03828125 0.22109375
1 0.4796875 0.42421875 0.0359375 0.2
0 0.51796875 0.42109375 0.03203125 0.21484375
8 0.55546875 0.4265625 0.05078125 0.2171875
9 0.59140625 0.43515625 0.03359375 0.2046875
10 0.63046875 0.4234375 0.040625 0.2234375
11 0.6734375 0.42109375 0.03828125 0.2359375
12 0.7109375 0.4125 0.040625 0.2234375
13 0.7609375 0.40078125 0.059375 0.22578125
14 0.81875 0.39921875 0.05703125 0.1875
15 0.85390625 0.3109375 0.05546875 0.16875