7 0.23515625 0.29921875 0.0703125 0.15
6 0.2515625 0.4171875 0.08359375 0.1484375
5 0.3078125 0.42421875 0.0625 0.1828125
4 0.346875 0.4453125 0.0484375 0.18046875
3 0.38203125 0.45390625 0.034375 0.16640625
2 0.4203125 0.4296875 0.04609375 0.23046875
1 0.4578125 0.4671875 0.040625 0.184375
0 0.4921875 0.484375 0.040625 0.1703125
8 0.53359375 0.4796875 0.03828125 0.184375
9 0.57265625 0.48515625 0.03203125 0.1765625
10 0.60859375 0.45234375 0.0359375 0.23515625
11 0.64140625 0.46171875 0.0359375 0.17734375
12 0.66796875 0.44296875 0.0390625 0.17265625
13 0.70859375 0.42578125 0.0546875 0.178125
14 0.7640625 0.421875 0.06484375 0.14609375
15 0.77890625 0.31015625 0.0546875 0.1484375
31 0.15390625 0.56640625 0.07421875 0.14140625
30 0.21484375 0.578125 0.0828125 0.1640625
29 0.28046875 0.62734375 0.0890625 0.19453125
28 0.33671875 0.65703125 0.08125 0.19296875
26 0.4203125 0.66640625 0.04609375 0.2078125
25 0.46171875 0.65703125 0.0359375 0.1359375
24 0.48828125 0.65546875 0.028125 0.13828125
16 0.51640625 0.65703125 0.028125 0.128125
17 0.54765625 0.65859375 0.034375 0.128125
18 0.5828125 0.6703125 0.040625 0.1796875
19 0.6203125 0.6484375 0.05078125 0.15234375
20 0.659375 0.6125 0.06015625 0.12265625
21 0.715625 0.6328125 0.084375 0.2046875
22 0.78125 0.59296875 0.07421875 0.17734375
23 0.84140625 0.56640625 0.0703125 0.12421875