31 0.15546875 0.60625 0.07890625 0.2
30 0.215625 0.6453125 0.1015625 0.209375
29 0.2875 0.67734375 0.0875 0.20390625
28 0.33828125 0.7 0.0671875 0.20859375
27 0.3890625 0.69921875 0.05078125 0.18671875
26 0.43359375 0.68671875 0.03828125 0.18203125
25 0.46640625 0.6796875 0.034375 0.18359375
24 0.49765625 0.6703125 0.028125 0.165625
16 0.5265625 0.671875 0.028125 0.16953125
17 0.55859375 0.66640625 0.03671875 0.16171875
18 0.5921875 0.68125 0.034375 0.171875
19 0.63046875 0.69375 0.0484375 0.20390625
20 0.67890625 0.6984375 0.0484375 0.2140625
21 0.7421875 0.6859375 0.08515625 0.209375
22 0.8234375 0.634375 0.1015625 0.18828125
7 0.16640625 0.40625 0.06484375 0.1453125
6 0.21640625 0.4421875 0.0671875 0.1765625
5 0.27265625 0.4578125 0.0609375 0.171875
4 0.32734375 0.45703125 0.04453125 0.20234375
3 0.36875 0.44921875 0.03828125 0.22734375
2 0.409375 0.43828125 0.03828125 0.2265625
1 0.44921875 0.45703125 0.040625 0.19375
0 0.490625 0.45390625 0.04296875 0.2171875
8 0.53359375 0.45859375 0.03828125 0.20625
9 0.57421875 0.4515625 0.03828125 0.2203125
10 0.6140625 0.44375 0.040625 0.20390625
11 0.6609375 0.45 0.04453125 0.22421875
12 0.69296875 0.45546875 0.04453125 0.20703125
13 0.746875 0.4515625 0.06328125 0.2
14 0.8 0.42734375 0.07109375 0.22890625
15 0.85078125 0.4140625 0.075 0.19375