31 0.1625 0.59921875 0.0765625 0.1484375
30 0.23671875 0.62890625 0.084375 0.215625
29 0.296875 0.65625 0.096875 0.2265625
28 0.36328125 0.67265625 0.0578125 0.2265625
27 0.4125 0.68046875 0.0515625 0.215625
23 0.9 0.57109375 0.0640625 0.14140625
22 0.83671875 0.61640625 0.0703125 0.215625
21 0.778125 0.6421875 0.08046875 0.221875
20 0.72421875 0.6546875 0.06015625 0.221875
19 0.6796875 0.6609375 0.05390625 0.21796875
18 0.640625 0.67890625 0.0578125 0.25546875
7 0.21171875 0.29375 0.08046875 0.1703125
15 0.86328125 0.29296875 0.06640625 0.1515625
14 0.83359375 0.39921875 0.06015625 0.19921875
13 0.78203125 0.409375 0.05546875 0.215625
12 0.73046875 0.4171875 0.0390625 0.21796875
10 0.64453125 0.4171875 0.0453125 0.26015625
5 0.2921875 0.42265625 0.06015625 0.20546875
4 0.3515625 0.41015625 0.05390625 0.24609375
9 0.60234375 0.415625 0.0390625 0.253125
17 0.5921875 0.64609375 0.03515625 0.15625
16 0.56015625 0.653125 0.02890625 0.15
8 0.55859375 0.434375 0.04765625 0.23671875
6 0.234375 0.396875 0.0640625 0.22421875
3 0.390625 0.403125 0.04140625 0.2875
2 0.440625 0.4015625 0.0515625 0.29921875
1 0.4875 0.40703125 0.04765625 0.3
0 0.521875 0.409375 0.046875 0.31484375
26 0.45859375 0.69140625 0.05859375 0.25390625
25 0.503125 0.6890625 0.06015625 0.21484375
24 0.5328125 0.671875 0.06015625 0.1796875
11 0.68984375 0.415625 0.053125 0.25859375