7 0.24453125 0.37890625 0.05703125 0.1265625
6 0.28515625 0.4796875 0.0609375 0.18046875
4 0.35546875 0.4984375 0.04140625 0.209375
3 0.38671875 0.51015625 0.04765625 0.1921875
2 0.4234375 0.51328125 0.0390625 0.20234375
15 0.7546875 0.4109375 0.0453125 0.1578125
14 0.7171875 0.48359375 0.05859375 0.17578125
12 0.6625 0.51171875 0.040625 0.19921875
11 0.62578125 0.515625 0.0375 0.190625
10 0.59296875 0.515625 0.034375 0.20703125
30 0.23515625 0.62265625 0.0921875 0.1578125
29 0.2921875 0.68046875 0.09921875 0.21640625
28 0.3421875 0.703125 0.07734375 0.2
27 0.3953125 0.71328125 0.04765625 0.2
26 0.43203125 0.7046875 0.0390625 0.22890625
25 0.46328125 0.69453125 0.0359375 0.17109375
23 0.83046875 0.584375 0.07421875 0.15078125
22 0.7765625 0.61328125 0.10625 0.1515625
20 0.68359375 0.69921875 0.05078125 0.196875
19 0.6359375 0.7 0.05 0.19453125
18 0.60390625 0.7046875 0.0390625 0.1953125
17 0.56484375 0.70625 0.0390625 0.1984375