6 0.22734375 0.346875 0.06484375 0.1890625
5 0.28671875 0.3703125 0.0609375 0.20390625
4 0.3375 0.37734375 0.040625 0.21875
3 0.37890625 0.378125 0.046875 0.24375
2 0.42109375 0.37734375 0.040625 0.27421875
1 0.46015625 0.39453125 0.034375 0.24453125
0 0.50078125 0.40625 0.04296875 0.24296875
8 0.54609375 0.38359375 0.04296875 0.28359375
9 0.584375 0.38984375 0.034375 0.25078125
10 0.625 0.37421875 0.04296875 0.2734375
11 0.66640625 0.37734375 0.04453125 0.24296875
12 0.70859375 0.3765625 0.04296875 0.2328125
13 0.74453125 0.37265625 0.09921875 0.23671875
14 0.82421875 0.35234375 0.0671875 0.18359375
23 0.87890625 0.534375 0.0875 0.153125
22 0.8171875 0.59609375 0.1140625 0.21640625
20 0.69609375 0.65703125 0.046875 0.23671875
19 0.64921875 0.646875 0.04296875 0.20390625
18 0.61171875 0.6546875 0.0484375 0.21640625
17 0.57109375 0.64140625 0.0328125 0.18203125
16 0.54140625 0.6359375 0.0265625 0.165625
24 0.51328125 0.63671875 0.03046875 0.17578125
25 0.48359375 0.640625 0.0328125 0.17578125
26 0.44921875 0.6328125 0.03671875 0.16484375
27 0.4078125 0.653125 0.04296875 0.2125
28 0.359375 0.6546875 0.053125 0.23671875
30 0.24921875 0.59609375 0.1078125 0.2125
31 0.1859375 0.5421875 0.09140625 0.153125