31 0.1828125 0.59140625 0.11484375 0.190625
30 0.24296875 0.65859375 0.13125 0.17578125
6 0.209375 0.41796875 0.06015625 0.203125
5 0.27265625 0.43984375 0.07578125 0.22578125
4 0.33828125 0.46484375 0.05234375 0.22578125
3 0.390625 0.45859375 0.05234375 0.221875
2 0.43671875 0.46015625 0.04765625 0.240625
1 0.48359375 0.44921875 0.04609375 0.23671875
0 0.52265625 0.4453125 0.04921875 0.23671875
8 0.571875 0.4640625 0.05234375 0.21171875
9 0.615625 0.46796875 0.04375 0.21171875
10 0.65859375 0.45859375 0.05 0.25
11 0.68984375 0.45859375 0.0375 0.23046875
12 0.73046875 0.45703125 0.03984375 0.18046875
13 0.77265625 0.47109375 0.05859375 0.209375
14 0.828125 0.43671875 0.05625 0.24453125
15 0.88046875 0.4265625 0.05625 0.19453125
23 0.89140625 0.60390625 0.1 0.18671875
22 0.82578125 0.6671875 0.08515625 0.18046875
20 0.71796875 0.68046875 0.03984375 0.21171875
19 0.67578125 0.6765625 0.03984375 0.203125
18 0.640625 0.6734375 0.04765625 0.184375
17 0.60078125 0.67890625 0.04375 0.18203125
16 0.56640625 0.66796875 0.0375 0.18203125
24 0.53984375 0.678125 0.04140625 0.17734375
25 0.49921875 0.65859375 0.03515625 0.15546875
26 0.459375 0.67109375 0.04765625 0.19296875
27 0.41015625 0.67890625 0.04609375 0.215625
28 0.36328125 0.68515625 0.04765625 0.23359375