7 0.253125 0.33671875 0.08046875 0.13046875
6 0.2828125 0.41328125 0.07421875 0.221875
5 0.34140625 0.453125 0.078125 0.20625
4 0.39921875 0.4546875 0.0546875 0.23046875
3 0.43671875 0.45859375 0.04765625 0.24765625
2 0.478125 0.46953125 0.04375 0.278125
1 0.52578125 0.50859375 0.04765625 0.221875
0 0.55859375 0.4890625 0.04375 0.24375
9 0.64140625 0.5078125 0.03515625 0.23671875
10 0.68671875 0.49375 0.03515625 0.24375
11 0.721875 0.4859375 0.0390625 0.21953125
12 0.75546875 0.46328125 0.05 0.23515625
13 0.80078125 0.453125 0.07734375 0.20625
14 0.83984375 0.3796875 0.08046875 0.2109375
15 0.87734375 0.3203125 0.08046875 0.1328125
31 0.2140625 0.61484375 0.0671875 0.121875
30 0.28125 0.6640625 0.09765625 0.22421875
29 0.35859375 0.725 0.10859375 0.2453125
28 0.421875 0.7390625 0.05625 0.23515625
27 0.46640625 0.74765625 0.05 0.21328125
26 0.50625 0.75078125 0.0390625 0.20234375
25 0.54921875 0.75859375 0.0359375 0.15234375
24 0.575 0.759375 0.028125 0.15078125
16 0.60078125 0.74765625 0.025 0.17421875
17 0.6296875 0.76015625 0.028125 0.19765625
18 0.671875 0.77578125 0.05234375 0.23515625
19 0.7046875 0.7578125 0.04765625 0.22421875
20 0.7421875 0.69140625 0.0453125 0.1171875
21 0.8046875 0.7046875 0.1046875 0.23046875
22 0.8609375 0.63828125 0.09140625 0.21953125
23 0.91953125 0.59375 0.0609375 0.13046875
8 0.59921875 0.496875 0.03671875 0.23671875