7 0.278125 0.234375 0.0640625 0.1078125
15 0.7546875 0.22265625 0.06171875 0.12578125
6 0.29609375 0.34765625 0.07578125 0.171875
5 0.34609375 0.37890625 0.071875 0.19765625
4 0.38828125 0.39609375 0.06015625 0.228125
3 0.41796875 0.4390625 0.05625 0.19375
2 0.446875 0.4203125 0.0421875 0.271875
1 0.478125 0.4578125 0.04765625 0.22421875
0 0.50234375 0.46171875 0.0359375 0.23203125
8 0.5359375 0.465625 0.03203125 0.23203125
9 0.565625 0.4546875 0.03203125 0.221875
10 0.59609375 0.4296875 0.0359375 0.2640625
11 0.625 0.4265625 0.0421875 0.21875
12 0.65390625 0.3828125 0.03984375 0.2296875
13 0.6953125 0.36171875 0.06171875 0.22890625
14 0.734375 0.31796875 0.07578125 0.2078125
30 0.27265625 0.56171875 0.10625 0.19609375
29 0.334375 0.634375 0.128125 0.22734375
28 0.38828125 0.66875 0.06015625 0.20234375
27 0.428125 0.69296875 0.03984375 0.18984375
26 0.46484375 0.70625 0.034375 0.16796875
25 0.49296875 0.709375 0.03984375 0.14609375
24 0.5125 0.71171875 0.0390625 0.14375
16 0.53515625 0.71171875 0.02734375 0.13203125
17 0.5609375 0.709375 0.0296875 0.140625
18 0.5921875 0.7171875 0.04375 0.18984375
19 0.62109375 0.69296875 0.0421875 0.19375
20 0.66171875 0.66328125 0.06796875 0.20625
21 0.7046875 0.621875 0.11015625 0.22109375
22 0.76015625 0.55078125 0.0921875 0.20234375