7 0.19453125 0.3796875 0.05625 0.115625
6 0.2453125 0.4 0.053125 0.159375
5 0.309375 0.39296875 0.071875 0.18828125
4 0.353125 0.38984375 0.046875 0.2296875
3 0.39765625 0.4109375 0.0375 0.20390625
2 0.42578125 0.40546875 0.04296875 0.28046875
1 0.46796875 0.40546875 0.0328125 0.2515625
0 0.50390625 0.440625 0.04296875 0.25703125
8 0.546875 0.4203125 0.046875 0.2734375
9 0.578125 0.41953125 0.03125 0.2453125
10 0.61640625 0.4234375 0.040625 0.26484375
11 0.6484375 0.43046875 0.03515625 0.23515625
12 0.6765625 0.41171875 0.0328125 0.2140625
13 0.71875 0.396875 0.0703125 0.21953125
14 0.78046875 0.39375 0.053125 0.178125
15 0.825 0.37421875 0.0578125 0.11640625
23 0.8625 0.4953125 0.1078125 0.1828125
22 0.80546875 0.57109375 0.0921875 0.2015625
21 0.7453125 0.61953125 0.1078125 0.22734375
20 0.69453125 0.65078125 0.0765625 0.22734375
19 0.64765625 0.6421875 0.05625 0.17109375
18 0.615625 0.65703125 0.06640625 0.196875
17 0.5734375 0.6578125 0.0453125 0.1671875
16 0.53828125 0.63828125 0.0328125 0.128125
24 0.50703125 0.64921875 0.02421875 0.153125
25 0.4734375 0.64140625 0.0328125 0.15703125
26 0.421875 0.65546875 0.07421875 0.1890625
27 0.396875 0.6265625 0.0546875 0.15546875
28 0.34453125 0.64375 0.06875 0.2140625
29 0.2859375 0.61875 0.1078125 0.23359375
30 0.21796875 0.58046875 0.1 0.21953125
31 0.1546875 0.48984375 0.10546875 0.15546875