31 0.25078125 0.5921875 0.0953125 0.153125
29 0.3359375 0.65703125 0.08984375 0.2
28 0.3953125 0.65546875 0.0453125 0.175
27 0.42890625 0.675 0.040625 0.21796875
26 0.4609375 0.65 0.03125 0.17109375
25 0.490625 0.6375 0.02734375 0.16875
24 0.50859375 0.6390625 0.025 0.16484375
16 0.534375 0.6390625 0.021875 0.1609375
17 0.55546875 0.6390625 0.025 0.16796875
18 0.584375 0.6421875 0.03125 0.1828125
19 0.61328125 0.64609375 0.0390625 0.21015625
20 0.64140625 0.61953125 0.0375 0.14921875
21 0.7015625 0.63984375 0.08203125 0.190625
23 0.77734375 0.57578125 0.09765625 0.1515625
15 0.775 0.38046875 0.046875 0.14765625
14 0.7328125 0.38984375 0.0546875 0.18671875
13 0.68359375 0.38515625 0.05859375 0.1921875
10 0.58984375 0.4078125 0.05078125 0.190625
9 0.5640625 0.428125 0.0390625 0.1875
8 0.53046875 0.44609375 0.0375 0.1734375
1 0.44921875 0.43671875 0.0390625 0.1734375
2 0.41875 0.421875 0.040625 0.17578125
4 0.371875 0.42109375 0.0453125 0.1578125
5 0.32734375 0.42109375 0.053125 0.1625
6 0.27421875 0.41015625 0.0484375 0.18359375
7 0.23046875 0.39375 0.046875 0.1515625