31 0.1953125 0.6125 0.0890625 0.19375
30 0.26171875 0.66640625 0.08359375 0.209375
29 0.3265625 0.64609375 0.0734375 0.12578125
23 0.80234375 0.63671875 0.08515625 0.19375
22 0.73828125 0.67109375 0.08359375 0.203125
21 0.67421875 0.6421875 0.0515625 0.1140625
28 0.38125 0.671875 0.04765625 0.18515625
26 0.42265625 0.6671875 0.04765625 0.20703125
25 0.46328125 0.6671875 0.0296875 0.171875
24 0.49375 0.6609375 0.03203125 0.16796875
16 0.5234375 0.66015625 0.03203125 0.165625
17 0.55546875 0.6625 0.03203125 0.165625
18 0.590625 0.6703125 0.0375 0.20234375
20 0.62890625 0.66953125 0.03984375 0.159375
7 0.2546875 0.43828125 0.05390625 0.18125
6 0.3078125 0.44921875 0.0515625 0.18359375
14 0.72109375 0.4390625 0.0578125 0.19921875
15 0.77578125 0.425 0.05546875 0.18359375
4 0.353125 0.46484375 0.04375 0.171875
3 0.3921875 0.434375 0.04140625 0.23671875
2 0.42890625 0.4421875 0.0359375 0.18984375
1 0.46796875 0.43515625 0.04375 0.2390625
0 0.515625 0.4328125 0.03984375 0.22734375
8 0.55234375 0.43203125 0.0390625 0.19765625
10 0.590625 0.42421875 0.0375 0.22890625
11 0.63125 0.42890625 0.04765625 0.2234375
12 0.671875 0.42890625 0.0375 0.23046875