31 0.09296875 0.56484375 0.06328125 0.121875
30 0.15234375 0.578125 0.09765625 0.2109375
29 0.2203125 0.63046875 0.09765625 0.228125
28 0.2828125 0.659375 0.065625 0.2171875
27 0.33671875 0.6734375 0.046875 0.21640625
25 0.41328125 0.6828125 0.0296875 0.20859375
23 0.83046875 0.5796875 0.06328125 0.121875
22 0.765625 0.58125 0.09140625 0.21328125
21 0.70625 0.63046875 0.10390625 0.2234375
20 0.6484375 0.66484375 0.071875 0.2109375
19 0.58984375 0.675 0.0484375 0.21953125
18 0.553125 0.70703125 0.0421875 0.26171875
17 0.5125 0.6625 0.03359375 0.16015625
26 0.37734375 0.6734375 0.0421875 0.1984375
16 0.47890625 0.66328125 0.0296875 0.16640625
24 0.446875 0.66328125 0.0296875 0.1875
7 0.178125 0.24453125 0.06328125 0.103125
6 0.190625 0.3546875 0.0890625 0.196875
5 0.23125 0.38203125 0.071875 0.234375
4 0.28515625 0.38046875 0.0484375 0.21953125
15 0.7671875 0.240625 0.059375 0.1046875
14 0.75078125 0.353125 0.0828125 0.20234375
13 0.70625 0.39375 0.06953125 0.21484375
12 0.65703125 0.3796875 0.0421875 0.2
11 0.61875 0.40234375 0.0421875 0.27890625
10 0.575 0.41015625 0.0359375 0.25234375
9 0.540625 0.415625 0.03359375 0.259375
8 0.49765625 0.4453125 0.046875 0.22109375
0 0.44296875 0.4546875 0.05078125 0.1984375
1 0.40703125 0.44453125 0.046875 0.1984375
2 0.3640625 0.37734375 0.0421875 0.24296875
3 0.33046875 0.42109375 0.046875 0.21953125