6 0.2671875 0.396875 0.05859375 0.2
5 0.33125 0.4078125 0.06875 0.2140625
4 0.375 0.40859375 0.04296875 0.19609375
30 0.271875 0.5671875 0.10234375 0.13671875
22 0.775 0.49765625 0.109375 0.14375
21 0.73046875 0.56171875 0.09765625 0.14765625
18 0.5859375 0.64375 0.04296875 0.20625
17 0.55859375 0.6203125 0.02734375 0.17890625
16 0.52734375 0.62265625 0.02734375 0.17890625
24 0.50625 0.60078125 0.03046875 0.13203125
25 0.478125 0.62421875 0.03125 0.190625
28 0.3703125 0.63203125 0.0484375 0.221875
27 0.41328125 0.6265625 0.0484375 0.20625
26 0.44375 0.61015625 0.0390625 0.18046875
11 0.6171875 0.4015625 0.03125 0.19140625
12 0.6484375 0.4046875 0.03515625 0.2
13 0.6921875 0.39921875 0.05625 0.18828125
14 0.74609375 0.3765625 0.05078125 0.16328125
3 0.409375 0.40625 0.04375 0.18671875