7 0.20859375 0.3046875 0.07578125 0.13203125
6 0.2484375 0.33515625 0.0671875 0.2046875
5 0.3 0.33828125 0.0609375 0.23359375
4 0.34609375 0.3359375 0.05 0.24140625
3 0.38203125 0.35859375 0.04453125 0.2359375
2 0.41484375 0.359375 0.04375 0.284375
1 0.45078125 0.36484375 0.040625 0.2953125
0 0.4859375 0.36796875 0.0453125 0.28984375
8 0.53046875 0.35390625 0.053125 0.3171875
9 0.5625 0.35859375 0.03359375 0.28984375
10 0.59375 0.359375 0.0390625 0.3
11 0.63359375 0.3421875 0.04765625 0.29375
12 0.6671875 0.33984375 0.03671875 0.24921875
13 0.70703125 0.328125 0.046875 0.234375
14 0.759375 0.32421875 0.06796875 0.23359375
15 0.7953125 0.2765625 0.07421875 0.196875
31 0.19921875 0.5046875 0.09375 0.20390625
30 0.2578125 0.54375 0.09609375 0.23125
29 0.32734375 0.5609375 0.1 0.23125
28 0.37734375 0.58984375 0.059375 0.23359375
27 0.409375 0.60390625 0.06796875 0.1953125
26 0.44375 0.62265625 0.0359375 0.16171875
25 0.4734375 0.59453125 0.03984375 0.1734375
24 0.50390625 0.5921875 0.03515625 0.14453125
16 0.53828125 0.61640625 0.0375 0.14921875
17 0.56875 0.62734375 0.0515625 0.2078125
18 0.5984375 0.6234375 0.0484375 0.20703125
19 0.6328125 0.603125 0.0703125 0.221875
20 0.6703125 0.5984375 0.0671875 0.228125
21 0.721875 0.5671875 0.0953125 0.22265625
23 0.83125 0.534375 0.05234375 0.18828125