6 0.26328125 0.39375 0.06015625 0.234375
5 0.315625 0.43046875 0.05234375 0.22578125
4 0.371875 0.41875 0.05078125 0.26328125
3 0.41015625 0.4171875 0.05 0.23828125
2 0.45234375 0.42421875 0.04296875 0.26015625
1 0.4890625 0.43359375 0.03828125 0.265625
0 0.53125 0.4328125 0.0484375 0.26953125
8 0.584375 0.4359375 0.05 0.27109375
9 0.621875 0.4265625 0.04765625 0.27890625
10 0.6703125 0.4171875 0.05234375 0.28125
11 0.70859375 0.4109375 0.05546875 0.24765625
13 0.809375 0.38203125 0.06953125 0.25390625
14 0.871875 0.37890625 0.0515625 0.21796875
31 0.16953125 0.62890625 0.10390625 0.16640625
30 0.2359375 0.65234375 0.11796875 0.22109375
27 0.4 0.68828125 0.05625 0.18046875
26 0.44375 0.71875 0.0640625 0.24921875
25 0.49375 0.70390625 0.0390625 0.1984375
24 0.52265625 0.69921875 0.03125 0.1796875
16 0.55546875 0.68984375 0.04140625 0.14921875
17 0.58984375 0.67421875 0.0390625 0.16015625
18 0.63828125 0.69453125 0.0578125 0.20625
19 0.69375 0.709375 0.0609375 0.22578125
20 0.74453125 0.70234375 0.07421875 0.25625
21 0.83125 0.6828125 0.13046875 0.24296875
22 0.8953125 0.61640625 0.11640625 0.184375