7 0.18671875 0.3046875 0.06328125 0.121875
6 0.20546875 0.40390625 0.06796875 0.1765625
5 0.26171875 0.42421875 0.06953125 0.20859375
4 0.31171875 0.45390625 0.05078125 0.17890625
3 0.35390625 0.459375 0.05078125 0.20234375
2 0.39296875 0.4453125 0.0484375 0.25078125
1 0.43125 0.4703125 0.040625 0.21171875
0 0.4734375 0.47265625 0.04453125 0.2203125
8 0.52109375 0.4609375 0.046875 0.24765625
9 0.56015625 0.45625 0.0484375 0.2140625
10 0.60625 0.4453125 0.0421875 0.234375
11 0.6484375 0.45703125 0.046875 0.19375
12 0.68828125 0.4421875 0.0421875 0.19375
13 0.740625 0.4328125 0.065625 0.19140625
14 0.79140625 0.396875 0.06953125 0.196875
15 0.815625 0.29609375 0.059375 0.121875
31 0.13671875 0.6 0.06953125 0.12421875
30 0.19453125 0.61484375 0.10625 0.2046875
29 0.26484375 0.66875 0.10625 0.2234375
28 0.3359375 0.6953125 0.0484375 0.21328125
27 0.37890625 0.70625 0.046875 0.20859375
26 0.42265625 0.721875 0.04453125 0.240625
25 0.46171875 0.70390625 0.03359375 0.19140625
24 0.49453125 0.7078125 0.03203125 0.18359375
16 0.52578125 0.69453125 0.0296875 0.1640625
17 0.55859375 0.69296875 0.0359375 0.16171875
18 0.59765625 0.72265625 0.046875 0.24609375
19 0.6375 0.69453125 0.0421875 0.19375
20 0.67578125 0.6921875 0.046875 0.20625
21 0.74375 0.67109375 0.09765625 0.2234375
22 0.80703125 0.6125 0.084375 0.2