7 0.17421875 0.44609375 0.0578125 0.12890625
6 0.234375 0.44921875 0.0625 0.16796875
5 0.296875 0.4609375 0.065625 0.19921875
4 0.3484375 0.45546875 0.05 0.22578125
3 0.3921875 0.465625 0.05 0.234375
2 0.44375 0.47109375 0.0625 0.23671875
1 0.4859375 0.46796875 0.06328125 0.24296875
0 0.521875 0.47265625 0.0515625 0.24453125
8 0.56328125 0.484375 0.04375 0.234375
9 0.60703125 0.47265625 0.03515625 0.23203125
10 0.64765625 0.45546875 0.0375 0.26328125
11 0.6875 0.4578125 0.0390625 0.23828125
12 0.72890625 0.46484375 0.03515625 0.19921875
13 0.778125 0.45234375 0.0625 0.190625
14 0.8390625 0.4296875 0.05625 0.203125
15 0.8953125 0.41796875 0.05625 0.171875
31 0.15546875 0.61484375 0.10390625 0.1765625
30 0.225 0.66796875 0.1140625 0.21953125
29 0.3078125 0.696875 0.09765625 0.22421875
28 0.37265625 0.7125 0.0546875 0.209375
27 0.415625 0.71171875 0.04765625 0.17421875
26 0.4515625 0.73125 0.0515625 0.21796875
25 0.496875 0.696875 0.03125 0.14921875
24 0.52890625 0.69921875 0.03046875 0.15390625
16 0.559375 0.6984375 0.02734375 0.14609375
17 0.59140625 0.6984375 0.0328125 0.15546875
18 0.6265625 0.7171875 0.0328125 0.2015625
19 0.6703125 0.721875 0.0453125 0.2078125
20 0.7109375 0.70546875 0.04375 0.190625
21 0.76640625 0.68984375 0.0890625 0.20546875
22 0.83828125 0.6640625 0.09921875 0.21171875
23 0.9171875 0.61484375 0.11171875 0.15546875