29 0.19453125 0.59453125 0.10625 0.19296875
28 0.28046875 0.6390625 0.05625 0.22421875
27 0.33671875 0.63671875 0.04765625 0.215625
26 0.390625 0.634375 0.05234375 0.22265625
25 0.44453125 0.61953125 0.03984375 0.18828125
24 0.47734375 0.6203125 0.02890625 0.190625
16 0.51171875 0.6046875 0.03515625 0.15078125
17 0.54453125 0.60703125 0.03515625 0.15546875
18 0.59375 0.6484375 0.04609375 0.24296875
19 0.63515625 0.62734375 0.04609375 0.20078125
20 0.68671875 0.6328125 0.05625 0.22421875
21 0.75390625 0.61328125 0.0875 0.221875
22 0.82265625 0.56328125 0.09140625 0.18828125
6 0.17578125 0.3484375 0.06484375 0.196875
5 0.240625 0.37578125 0.06484375 0.18515625
4 0.296875 0.37265625 0.04765625 0.2
3 0.33671875 0.36171875 0.04765625 0.240625
2 0.38046875 0.36171875 0.04765625 0.26953125
1 0.42265625 0.36328125 0.04140625 0.23828125
0 0.4625 0.37734375 0.04609375 0.24296875
8 0.50859375 0.39140625 0.04140625 0.21171875
9 0.54609375 0.3890625 0.04609375 0.19921875
10 0.58984375 0.3640625 0.04609375 0.24921875
11 0.63046875 0.38671875 0.04765625 0.18203125
12 0.67421875 0.36640625 0.04765625 0.20703125
13 0.72890625 0.3640625 0.06640625 0.18203125
14 0.796875 0.33359375 0.06484375 0.209375