7 0.1703125 0.29296875 0.05859375 0.1640625
6 0.20546875 0.40078125 0.071875 0.19765625
5 0.2546875 0.43125 0.06953125 0.21875
4 0.303125 0.43515625 0.05 0.2359375
3 0.3453125 0.43984375 0.04765625 0.24453125
2 0.38515625 0.46171875 0.04375 0.23125
1 0.42578125 0.4578125 0.0421875 0.25
0 0.46015625 0.4578125 0.04140625 0.27734375
8 0.5078125 0.47734375 0.04140625 0.23828125
9 0.5390625 0.48515625 0.0390625 0.20078125
10 0.58046875 0.4484375 0.0390625 0.26640625
11 0.61484375 0.4421875 0.05625 0.23125
12 0.66171875 0.4296875 0.05 0.21640625
13 0.7171875 0.41875 0.05625 0.21171875
14 0.76328125 0.39765625 0.06484375 0.18125
31 0.11640625 0.58984375 0.05859375 0.18046875
30 0.175 0.61171875 0.09765625 0.1921875
29 0.23671875 0.69296875 0.10078125 0.18125
28 0.29921875 0.70625 0.071875 0.2078125
27 0.35234375 0.72265625 0.05234375 0.22265625
26 0.40546875 0.7203125 0.04140625 0.22265625
25 0.4421875 0.7171875 0.02421875 0.19921875
24 0.47109375 0.71796875 0.02265625 0.1921875
16 0.496875 0.7125 0.028125 0.1640625
17 0.525 0.71328125 0.028125 0.18359375
18 0.56953125 0.71875 0.05625 0.225
19 0.621875 0.709375 0.04375 0.2140625
20 0.66953125 0.690625 0.06484375 0.21640625
21 0.728125 0.6625 0.1 0.21640625
22 0.78125 0.60703125 0.0890625 0.21015625
23 0.83515625 0.58828125 0.0609375 0.18984375