0 0.43046875 0.51328125 0.04296875 0.19140625
1 0.3875 0.51875 0.0390625 0.19375
2 0.3546875 0.478125 0.04765625 0.25546875
4 0.2984375 0.4078125 0.05625 0.196875
5 0.2390625 0.44609375 0.084375 0.21328125
6 0.21328125 0.340625 0.07578125 0.1625
7 0.17421875 0.25703125 0.07109375 0.11171875
8 0.47734375 0.52109375 0.04140625 0.20234375
9 0.51875 0.521875 0.03984375 0.16015625
10 0.53671875 0.37265625 0.0734375 0.16015625
11 0.584375 0.43203125 0.06484375 0.25
12 0.63984375 0.4625 0.0484375 0.2328125
13 0.6984375 0.42578125 0.09765625 0.25859375
14 0.7390625 0.3421875 0.08046875 0.18203125
15 0.7875 0.2703125 0.078125 0.12578125
31 0.134375 0.5890625 0.0734375 0.13984375
30 0.175 0.6984375 0.08203125 0.159375
29 0.24921875 0.70703125 0.090625 0.22421875
28 0.303125 0.7859375 0.0515625 0.1609375
27 0.35625 0.759375 0.04140625 0.18515625
26 0.39296875 0.7875 0.04140625 0.215625
25 0.425 0.75234375 0.03671875 0.20234375
24 0.4546875 0.75625 0.02578125 0.1828125
16 0.48046875 0.75078125 0.03046875 0.171875
17 0.50859375 0.7375 0.034375 0.19375
18 0.52578125 0.76328125 0.0609375 0.18046875
19 0.578125 0.78515625 0.0515625 0.1890625
20 0.63515625 0.7859375 0.0671875 0.17890625
21 0.696875 0.69609375 0.12578125 0.228125
22 0.7875 0.69140625 0.09921875 0.16953125
23 0.8390625 0.58046875 0.08046875 0.15234375
3 0.3046875 0.48828125 0.05859375 0.18828125