30 0.190625 0.54609375 0.1109375 0.1515625
24 0.4890625 0.6203125 0.0265625 0.14765625
25 0.44140625 0.63359375 0.0390625 0.1765625
26 0.4 0.65390625 0.0390625 0.21015625
27 0.35859375 0.66328125 0.0453125 0.20625
16 0.5171875 0.61953125 0.02734375 0.12578125
17 0.55 0.62265625 0.040625 0.17890625
18 0.59296875 0.63203125 0.040625 0.21015625
19 0.63359375 0.634375 0.0453125 0.21015625
20 0.6796875 0.62265625 0.046875 0.20234375
22 0.79765625 0.5375 0.1109375 0.15703125
7 0.184375 0.34296875 0.06875 0.17109375
6 0.23046875 0.38984375 0.0625 0.18671875
5 0.28125 0.43828125 0.05859375 0.184375
4 0.32890625 0.3765625 0.040625 0.29609375
3 0.36796875 0.41171875 0.040625 0.1984375
2 0.4046875 0.39140625 0.046875 0.25625
1 0.44375 0.409375 0.03515625 0.190625
0 0.48515625 0.4125 0.0453125 0.19609375
8 0.5328125 0.4109375 0.05078125 0.196875
9 0.571875 0.38984375 0.04296875 0.1984375
10 0.615625 0.3609375 0.05078125 0.25703125
13 0.68125 0.36640625 0.078125 0.20234375
14 0.74921875 0.36875 0.0609375 0.20703125
15 0.79375 0.33046875 0.0609375 0.1921875