23 0.896875 0.5125 0.08671875 0.16875
31 0.12734375 0.4875 0.1015625 0.140625
30 0.20234375 0.553125 0.10390625 0.2171875
29 0.27734375 0.590625 0.11015625 0.21953125
28 0.33984375 0.62109375 0.078125 0.22109375
27 0.390625 0.6265625 0.053125 0.19375
26 0.43203125 0.63671875 0.059375 0.18828125
25 0.47265625 0.6390625 0.03359375 0.11328125
24 0.50703125 0.6453125 0.02734375 0.109375
16 0.53671875 0.64765625 0.02890625 0.109375
17 0.56875 0.64375 0.03203125 0.1140625
18 0.6046875 0.65546875 0.04453125 0.17890625
19 0.646875 0.63515625 0.053125 0.18984375
20 0.68828125 0.6328125 0.059375 0.21953125
21 0.75859375 0.609375 0.1015625 0.21953125
22 0.83984375 0.56171875 0.125 0.21640625
7 0.1734375 0.28984375 0.09296875 0.14296875
6 0.21640625 0.3296875 0.0765625 0.20625
5 0.27578125 0.37265625 0.06796875 0.1640625
4 0.3328125 0.365625 0.05078125 0.21484375
15 0.86640625 0.31953125 0.0890625 0.1765625
14 0.8125 0.34375 0.07421875 0.21328125
13 0.746875 0.3625 0.078125 0.234375
12 0.69921875 0.3859375 0.0421875 0.21328125
11 0.66015625 0.39765625 0.040625 0.24921875
10 0.61953125 0.421875 0.040625 0.246875
9 0.58125 0.43828125 0.040625 0.20234375
8 0.53828125 0.43984375 0.0421875 0.2109375
0 0.5 0.42109375 0.0296875 0.240625
1 0.446875 0.415625 0.0421875 0.22578125
2 0.41640625 0.38203125 0.0484375 0.28046875
3 0.36640625 0.39453125 0.0421875 0.2171875