6 0.209375 0.36953125 0.06875 0.20078125
5 0.27109375 0.38828125 0.06640625 0.259375
4 0.32734375 0.38046875 0.04140625 0.265625
3 0.36640625 0.3765625 0.04609375 0.290625
1 0.41328125 0.3796875 0.04375 0.27578125
0 0.45390625 0.3875 0.04140625 0.3
8 0.49921875 0.38515625 0.04375 0.303125
9 0.5375 0.40234375 0.03359375 0.23359375
10 0.571875 0.3828125 0.04375 0.265625
12 0.61875 0.390625 0.05 0.26484375
13 0.67890625 0.378125 0.06640625 0.24375
14 0.74296875 0.36796875 0.06875 0.203125
30 0.19765625 0.59921875 0.11640625 0.19921875
25 0.44140625 0.66171875 0.02890625 0.19921875
26 0.40859375 0.678125 0.04140625 0.25234375
27 0.35859375 0.68203125 0.04140625 0.24296875
17 0.49921875 0.66328125 0.02734375 0.209375
18 0.5375 0.6765625 0.04609375 0.26953125
21 0.675 0.6546875 0.0875 0.246875
22 0.75234375 0.60234375 0.09609375 0.21796875
19 0.58203125 0.66484375 0.04765625 0.23046875