7 0.22734375 0.31796875 0.053125 0.14765625
6 0.25859375 0.41484375 0.0640625 0.178125
5 0.303125 0.4421875 0.0625 0.19609375
4 0.346875 0.44609375 0.0453125 0.21171875
3 0.384375 0.45 0.04296875 0.21953125
2 0.4203125 0.46953125 0.0390625 0.2078125
1 0.45625 0.465625 0.03828125 0.225
0 0.4875 0.46640625 0.0375 0.24921875
8 0.53046875 0.48359375 0.0375 0.2140625
9 0.55859375 0.490625 0.03515625 0.18046875
10 0.5953125 0.4578125 0.03515625 0.2390625
11 0.6265625 0.4515625 0.05078125 0.2078125
12 0.66875 0.440625 0.0453125 0.19453125
13 0.71875 0.43125 0.05078125 0.190625
14 0.759375 0.41171875 0.05859375 0.16328125
31 0.17890625 0.58515625 0.053125 0.1625
30 0.23125 0.60390625 0.0875 0.17265625
29 0.28671875 0.67734375 0.090625 0.16328125
28 0.34296875 0.6890625 0.0640625 0.18671875
27 0.390625 0.70390625 0.046875 0.2
26 0.43828125 0.7015625 0.0375 0.2
25 0.471875 0.6984375 0.021875 0.17890625
24 0.49765625 0.7 0.0203125 0.17265625
16 0.5203125 0.69453125 0.025 0.14765625
17 0.54609375 0.69609375 0.025 0.16484375
18 0.5859375 0.70078125 0.05078125 0.20234375
19 0.6328125 0.6921875 0.0390625 0.1921875
20 0.67578125 0.675 0.05859375 0.19453125
21 0.728125 0.65 0.08984375 0.19453125
22 0.7765625 0.6 0.0796875 0.18828125
23 0.82421875 0.58359375 0.0546875 0.17109375