15 0.8234375 0.2125 0.0453125 0.1046875
6 0.20625 0.25703125 0.0890625 0.21875
5 0.25625 0.2890625 0.0765625 0.225
14 0.78125 0.29296875 0.08515625 0.175
13 0.73984375 0.328125 0.06875 0.1953125
4 0.31953125 0.28984375 0.0453125 0.23515625
3 0.3703125 0.2890625 0.06015625 0.2375
1 0.43125 0.3140625 0.06640625 0.2046875
0 0.47421875 0.325 0.05625 0.20625
8 0.51640625 0.328125 0.0453125 0.2125
9 0.56015625 0.3328125 0.04140625 0.20859375
10 0.6015625 0.315625 0.0375 0.25390625
11 0.64296875 0.3234375 0.0453125 0.23984375
12 0.6828125 0.328125 0.04140625 0.2125
31 0.1234375 0.49609375 0.08125 0.15078125
30 0.19375 0.5140625 0.08125 0.23515625
29 0.26640625 0.559375 0.10546875 0.24765625
28 0.3390625 0.56484375 0.06015625 0.24140625
27 0.3890625 0.5765625 0.04765625 0.23125
26 0.434375 0.60390625 0.0390625 0.28203125
25 0.471875 0.56875 0.02734375 0.2125
24 0.496875 0.54609375 0.03125 0.22890625
16 0.515625 0.58125 0.01484375 0.15859375
17 0.53828125 0.55546875 0.03515625 0.21484375
18 0.5703125 0.60078125 0.0328125 0.26015625
19 0.6109375 0.5875 0.04375 0.2375
20 0.6578125 0.575 0.0453125 0.2
21 0.72109375 0.58359375 0.08515625 0.2375
22 0.78828125 0.540625 0.075 0.21875
23 0.8546875 0.52421875 0.07890625 0.1359375
7 0.1703125 0.1609375 0.0578125 0.14453125