7 0.19375 0.39921875 0.03828125 0.1109375
6 0.2375 0.35 0.05703125 0.21640625
1 0.41875 0.3359375 0.03671875 0.21640625
0 0.459375 0.34296875 0.04453125 0.1984375
8 0.50390625 0.325 0.04453125 0.21015625
10 0.5984375 0.28515625 0.05859375 0.24921875
23 0.784375 0.49609375 0.10546875 0.14296875
19 0.61484375 0.56875 0.046875 0.2265625
18 0.57890625 0.5421875 0.04453125 0.178125
17 0.54140625 0.54140625 0.03046875 0.18828125
16 0.515625 0.5296875 0.0265625 0.1453125
24 0.490625 0.55234375 0.034375 0.16953125
25 0.46328125 0.55703125 0.03671875 0.171875
26 0.42578125 0.5703125 0.03828125 0.17265625
27 0.38515625 0.59921875 0.03828125 0.21953125
28 0.34453125 0.58828125 0.03828125 0.18828125