7 0.18203125 0.290625 0.075 0.10546875
6 0.22578125 0.3328125 0.0828125 0.23125
5 0.27734375 0.37890625 0.07578125 0.196875
4 0.3328125 0.384375 0.04375 0.203125
3 0.3671875 0.4046875 0.03515625 0.21875
2 0.403125 0.35078125 0.03671875 0.253125
1 0.43671875 0.40078125 0.04765625 0.228125
0 0.48046875 0.403125 0.05234375 0.25859375
8 0.53125 0.3765625 0.05 0.31875
9 0.57578125 0.403125 0.03515625 0.25
10 0.6140625 0.38828125 0.04140625 0.28125
11 0.6578125 0.41171875 0.05 0.21015625
12 0.6953125 0.36796875 0.04375 0.24453125
13 0.75234375 0.3671875 0.07421875 0.2296875
14 0.79765625 0.33828125 0.078125 0.225
15 0.83359375 0.28671875 0.0671875 0.103125
23 0.89375 0.52578125 0.0953125 0.13359375
22 0.81484375 0.565625 0.07421875 0.20546875
21 0.75234375 0.59296875 0.1046875 0.2078125
20 0.68515625 0.61328125 0.04765625 0.196875
19 0.64375 0.63203125 0.04375 0.203125
18 0.6109375 0.66484375 0.04375 0.221875
17 0.56640625 0.65078125 0.03671875 0.18359375
16 0.53359375 0.64609375 0.028125 0.1703125
24 0.50390625 0.64375 0.0359375 0.1703125
25 0.47734375 0.640625 0.04140625 0.16875
26 0.43828125 0.6421875 0.04140625 0.19765625
27 0.39375 0.634375 0.04765625 0.2078125
28 0.34375 0.61015625 0.05234375 0.19453125
29 0.2796875 0.5921875 0.09765625 0.21875
30 0.20625 0.55625 0.08671875 0.2078125
31 0.12578125 0.50625 0.0953125 0.14375