22 0.7421875 0.6625 0.0734375 0.2015625
21 0.68984375 0.70234375 0.1046875 0.2203125
20 0.63046875 0.696875 0.04296875 0.19765625
19 0.59453125 0.72109375 0.040625 0.21171875
18 0.55703125 0.72421875 0.0328125 0.20625
17 0.52265625 0.70234375 0.0328125 0.1671875
16 0.49296875 0.7015625 0.03046875 0.1734375
24 0.46796875 0.7015625 0.0265625 0.18125
25 0.43671875 0.70234375 0.02890625 0.1796875
26 0.39921875 0.7 0.03671875 0.1875
27 0.3640625 0.6953125 0.04296875 0.1984375
28 0.328125 0.6921875 0.0453125 0.20390625
29 0.27578125 0.6859375 0.0796875 0.21640625
30 0.22265625 0.65234375 0.0796875 0.19765625
0 0.47265625 0.48515625 0.04296875 0.1875
2 0.425 0.478125 0.0515625 0.2140625
3 0.3640625 0.44921875 0.059375 0.2140625
4 0.3265625 0.44765625 0.0515625 0.1984375
5 0.28359375 0.4484375 0.06796875 0.1796875
6 0.22265625 0.45234375 0.05625 0.15859375
8 0.5171875 0.47578125 0.04296875 0.2296875
10 0.56171875 0.4828125 0.0453125 0.21171875
11 0.615625 0.47421875 0.04296875 0.19375
12 0.63515625 0.47421875 0.040625 0.19375
13 0.684375 0.4578125 0.06953125 0.18515625
14 0.7421875 0.45234375 0.053125 0.15859375