6 0.16328125 0.32578125 0.05625 0.19921875
5 0.21875 0.3640625 0.05859375 0.20625
4 0.27265625 0.36171875 0.0453125 0.22734375
2 0.353125 0.38828125 0.04140625 0.25546875
1 0.3890625 0.4046875 0.0390625 0.24453125
0 0.4296875 0.40234375 0.04140625 0.27421875
8 0.47265625 0.41875 0.04140625 0.21640625
9 0.51484375 0.41171875 0.03515625 0.20078125
10 0.553125 0.40625 0.0453125 0.225
11 0.58671875 0.3875 0.02578125 0.18828125
12 0.62421875 0.40390625 0.04765625 0.19921875
13 0.6796875 0.4171875 0.06328125 0.18125
14 0.73828125 0.3734375 0.0671875 0.203125
15 0.79375 0.340625 0.07421875 0.17734375
23 0.78515625 0.55234375 0.11328125 0.1921875
22 0.721875 0.61015625 0.1171875 0.16875
20 0.63125 0.66875 0.05 0.2203125
19 0.5796875 0.665625 0.05 0.23125
18 0.528125 0.67734375 0.0609375 0.23359375
17 0.50546875 0.66328125 0.0453125 0.21015625
16 0.47578125 0.6625 0.03046875 0.2078125
25 0.42734375 0.67109375 0.028125 0.2078125
26 0.39140625 0.66328125 0.0390625 0.2171875
27 0.35859375 0.65078125 0.04375 0.22265625
28 0.31484375 0.6375 0.04765625 0.22265625
24 0.45546875 0.66171875 0.0328125 0.196875
29 0.25234375 0.6296875 0.078125 0.21171875
31 0.1671875 0.54765625 0.10859375 0.15546875