7 0.2515625 0.1890625 0.05859375 0.13203125
6 0.27265625 0.3109375 0.0796875 0.19609375
5 0.3234375 0.33984375 0.071875 0.22265625
4 0.375 0.35 0.0546875 0.2625
3 0.40234375 0.38515625 0.02734375 0.22734375
2 0.4265625 0.3421875 0.0375 0.28203125
1 0.46875 0.3546875 0.0546875 0.31171875
0 0.5 0.36640625 0.04296875 0.3078125
8 0.540625 0.4203125 0.0390625 0.20390625
9 0.57109375 0.36953125 0.053125 0.2703125
10 0.603125 0.334375 0.0390625 0.27421875
11 0.6359375 0.3875 0.0296875 0.184375
12 0.6640625 0.3484375 0.046875 0.21171875
13 0.7125 0.328125 0.0703125 0.21875
15 0.7734375 0.178125 0.06640625 0.1375
14 0.76171875 0.303125 0.0703125 0.18046875
23 0.853125 0.46171875 0.0703125 0.1296875
22 0.7953125 0.50625 0.10546875 0.20390625
21 0.7234375 0.58125 0.10234375 0.2375
20 0.66875 0.6140625 0.06875 0.21171875
19 0.6296875 0.6375 0.05625 0.19609375
18 0.590625 0.6609375 0.0484375 0.2234375
17 0.55 0.6625 0.0328125 0.215625
16 0.5265625 0.6421875 0.025 0.19453125
24 0.496875 0.628125 0.0296875 0.2140625
25 0.46875 0.64765625 0.03125 0.1828125
26 0.4328125 0.6578125 0.040625 0.20234375
27 0.3953125 0.6421875 0.053125 0.21796875
28 0.346875 0.61953125 0.0640625 0.18046875
29 0.29609375 0.5984375 0.115625 0.24296875
30 0.23125 0.51484375 0.1078125 0.20625
31 0.175 0.4640625 0.071875 0.14375