14 0.83125 0.42890625 0.06015625 0.1734375
13 0.77265625 0.4359375 0.06015625 0.1828125
12 0.725 0.41953125 0.0390625 0.1796875
10 0.63203125 0.40234375 0.0515625 0.1984375
9 0.5875 0.3984375 0.0375 0.1703125
8 0.53828125 0.38046875 0.04765625 0.196875
0 0.478125 0.3890625 0.04375 0.1765625
1 0.43125 0.39140625 0.0375 0.1609375
2 0.3890625 0.38671875 0.0390625 0.1671875
3 0.34609375 0.3984375 0.0453125 0.16171875
4 0.3046875 0.4203125 0.04140625 0.17734375
5 0.26015625 0.44140625 0.06015625 0.18125
6 0.2015625 0.4328125 0.0578125 0.1734375
23 0.83828125 0.59453125 0.05390625 0.08203125
20 0.6953125 0.6375 0.05 0.17109375
19 0.64609375 0.6078125 0.05625 0.17421875
18 0.58203125 0.60078125 0.04375 0.18984375
17 0.5453125 0.58984375 0.02890625 0.175
16 0.51015625 0.5671875 0.0375 0.1796875
24 0.48046875 0.58359375 0.02421875 0.15078125
25 0.446875 0.58984375 0.03125 0.15859375
26 0.40546875 0.61015625 0.04765625 0.19609375
27 0.36328125 0.61484375 0.0375 0.175
28 0.3234375 0.6296875 0.04140625 0.15546875
30 0.22421875 0.65078125 0.0953125 0.1515625
31 0.1921875 0.596875 0.04765625 0.0859375