30 0.18984375 0.6734375 0.12109375 0.21328125
28 0.365625 0.72734375 0.03984375 0.23828125
27 0.40390625 0.72421875 0.04140625 0.25234375
26 0.44453125 0.7234375 0.04375 0.26328125
25 0.48203125 0.71796875 0.03125 0.24921875
24 0.50703125 0.71171875 0.02734375 0.228125
16 0.53359375 0.7109375 0.025 0.234375
17 0.56015625 0.70546875 0.03359375 0.240625
18 0.603125 0.71953125 0.04765625 0.28515625
19 0.634375 0.7078125 0.03984375 0.24453125
20 0.675 0.7140625 0.04140625 0.24453125
22 0.84609375 0.66640625 0.11640625 0.203125
15 0.828125 0.41484375 0.07265625 0.20546875
11 0.678125 0.45078125 0.05234375 0.21796875
10 0.63203125 0.45234375 0.04375 0.23828125
9 0.59453125 0.44296875 0.03125 0.228125
8 0.55859375 0.44375 0.04609375 0.2375
0 0.49921875 0.44140625 0.04375 0.24453125
1 0.46015625 0.44921875 0.03359375 0.21953125
2 0.41796875 0.43515625 0.04765625 0.265625
4 0.340625 0.43984375 0.04765625 0.23828125
7 0.20390625 0.4203125 0.06640625 0.19921875