30 0.22734375 0.59296875 0.06875 0.175
29 0.284375 0.60703125 0.0640625 0.16328125
28 0.32890625 0.60859375 0.0375 0.17109375
27 0.3640625 0.6265625 0.0375 0.20234375
26 0.4046875 0.65546875 0.03515625 0.2375
24 0.45703125 0.6140625 0.02734375 0.1140625
25 0.43359375 0.62421875 0.02734375 0.15546875
16 0.4828125 0.6265625 0.0234375 0.1359375
17 0.5109375 0.628125 0.025 0.16328125
18 0.53671875 0.6671875 0.034375 0.253125
19 0.58125 0.6453125 0.040625 0.21953125
20 0.61640625 0.64296875 0.0453125 0.19609375
22 0.71875 0.6265625 0.0859375 0.18671875
6 0.209375 0.4015625 0.046875 0.16328125
5 0.259375 0.39765625 0.05078125 0.190625
4 0.303125 0.4109375 0.03515625 0.17265625
3 0.3390625 0.4234375 0.0375 0.15625
2 0.371875 0.4 0.0328125 0.21796875
1 0.40625 0.4203125 0.03125 0.19609375
0 0.44140625 0.4390625 0.0390625 0.18671875
8 0.48046875 0.4328125 0.03515625 0.19375
9 0.5140625 0.434375 0.03125 0.18125
10 0.5484375 0.42265625 0.03515625 0.1921875
11 0.58515625 0.4125 0.0328125 0.21953125
12 0.61875 0.43203125 0.03515625 0.18046875
13 0.66484375 0.4265625 0.05625 0.196875
14 0.7203125 0.41953125 0.0546875 0.18671875