7 0.23515625 0.34453125 0.07890625 0.15078125
6 0.27109375 0.4390625 0.07890625 0.203125
5 0.33359375 0.48984375 0.0625 0.1265625
3 0.38671875 0.37578125 0.06875 0.16796875
21 0.4171875 0.3125 0.078125 0.19375
1 0.45859375 0.4328125 0.05390625 0.215625
0 0.49296875 0.44609375 0.05234375 0.23046875
8 0.53359375 0.45390625 0.04609375 0.23671875
9 0.57421875 0.4796875 0.03515625 0.18828125
10 0.6171875 0.3453125 0.06640625 0.18046875
11 0.64765625 0.41796875 0.0625 0.128125
13 0.67890625 0.51953125 0.04609375 0.09296875
14 0.73125 0.4421875 0.0625 0.209375
15 0.759375 0.3578125 0.06484375 0.14453125
31 0.19453125 0.66171875 0.07734375 0.14765625
30 0.26796875 0.66640625 0.11015625 0.22421875
26 0.440625 0.78203125 0.05625 0.17578125
25 0.47265625 0.7078125 0.03359375 0.24921875
24 0.503125 0.7078125 0.02265625 0.20703125
16 0.52578125 0.7015625 0.02734375 0.21171875
17 0.55078125 0.68984375 0.03125 0.20078125
18 0.58671875 0.81484375 0.04375 0.21328125
22 0.725 0.67421875 0.10390625 0.23203125
23 0.7875 0.66796875 0.06640625 0.140625
4 0.33984375 0.36640625 0.05546875 0.12109375
12 0.6796875 0.42890625 0.0359375 0.12890625
21 0.6625 0.65234375 0.0625 0.12109375
20 0.61484375 0.65859375 0.04609375 0.10859375
19 0.58125 0.6515625 0.025 0.11171875
29 0.340625 0.653125 0.07265625 0.13984375
28 0.396875 0.64765625 0.04765625 0.11953125
27 0.43515625 0.6359375 0.03125 0.10625