7 0.2328125 0.2953125 0.05546875 0.12734375
6 0.28125 0.353125 0.0609375 0.2359375
4 0.36484375 0.37734375 0.04140625 0.23203125
3 0.396875 0.3703125 0.0359375 0.26171875
2 0.4296875 0.36484375 0.053125 0.2953125
1 0.47421875 0.3890625 0.03125 0.2203125
0 0.503125 0.4046875 0.0375 0.24375
8 0.54765625 0.3984375 0.04375 0.2640625
9 0.58515625 0.3890625 0.0359375 0.27578125
10 0.62265625 0.38671875 0.03984375 0.271875
11 0.65546875 0.39375 0.0453125 0.23828125
12 0.69453125 0.3921875 0.04140625 0.22265625
15 0.79921875 0.30703125 0.053125 0.14296875
22 0.821875 0.57890625 0.0828125 0.1609375
21 0.75625 0.60625 0.0890625 0.20859375
20 0.69375 0.6484375 0.04765625 0.22265625
19 0.646875 0.65078125 0.04140625 0.21875
18 0.60390625 0.66328125 0.0453125 0.2640625
17 0.56328125 0.62734375 0.03125 0.17109375
16 0.534375 0.6296875 0.02578125 0.16015625
24 0.50703125 0.61953125 0.0453125 0.1796875
25 0.47890625 0.63203125 0.0265625 0.16484375
26 0.43671875 0.6390625 0.04765625 0.234375
27 0.3953125 0.6328125 0.04375 0.21875
28 0.34765625 0.6328125 0.05546875 0.22265625
30 0.22734375 0.5625 0.08671875 0.1609375