14 0.8078125 0.43671875 0.05859375 0.16953125
13 0.75078125 0.44296875 0.05859375 0.17890625
12 0.70390625 0.42734375 0.03828125 0.17578125
10 0.6125 0.41015625 0.05078125 0.19375
9 0.56875 0.40625 0.03671875 0.16640625
8 0.52109375 0.3890625 0.046875 0.19296875
0 0.4625 0.39765625 0.04296875 0.17265625
1 0.41640625 0.4 0.03671875 0.1578125
2 0.375 0.39453125 0.03828125 0.16328125
3 0.33359375 0.40625 0.04453125 0.15859375
4 0.29296875 0.428125 0.040625 0.1734375
5 0.24921875 0.4484375 0.05859375 0.178125
6 0.19140625 0.440625 0.05703125 0.16953125
23 0.81484375 0.59921875 0.053125 0.08046875
20 0.675 0.640625 0.0484375 0.16796875
19 0.62734375 0.61171875 0.0546875 0.17109375
18 0.5640625 0.60546875 0.04296875 0.1859375
17 0.528125 0.59375 0.028125 0.171875
16 0.49375 0.571875 0.03671875 0.17578125
24 0.46484375 0.58828125 0.0234375 0.14765625
25 0.43203125 0.59375 0.03046875 0.15546875
26 0.39140625 0.6140625 0.046875 0.1921875
27 0.34921875 0.61875 0.03671875 0.171875
28 0.3109375 0.6328125 0.040625 0.15234375
30 0.21328125 0.653125 0.09375 0.1484375
31 0.18203125 0.60078125 0.046875 0.084375