7 0.16875 0.24453125 0.06328125 0.1671875
6 0.21953125 0.2953125 0.0609375 0.2171875
5 0.28046875 0.3390625 0.05625 0.18671875
4 0.3296875 0.36328125 0.05 0.20859375
3 0.36640625 0.3703125 0.05 0.24140625
2 0.40546875 0.3703125 0.04140625 0.25
1 0.44453125 0.38046875 0.03671875 0.24375
0 0.48515625 0.38125 0.0390625 0.2546875
8 0.53046875 0.39140625 0.04375 0.24375
9 0.575 0.38046875 0.03671875 0.24375
10 0.61484375 0.38515625 0.04375 0.22578125
11 0.653125 0.37578125 0.0546875 0.22578125
12 0.69453125 0.3671875 0.0546875 0.2171875
13 0.75078125 0.346875 0.0671875 0.22421875
14 0.8140625 0.325 0.06328125 0.21484375
15 0.871875 0.2953125 0.06953125 0.1609375
31 0.1421875 0.51015625 0.09375 0.16328125
30 0.21640625 0.5453125 0.09375 0.20859375
29 0.28515625 0.59453125 0.1 0.21953125
28 0.33671875 0.6078125 0.07421875 0.1703125
27 0.38046875 0.6203125 0.06484375 0.22421875
26 0.42265625 0.63125 0.05 0.2328125
25 0.45859375 0.6171875 0.03046875 0.17421875
24 0.48984375 0.61875 0.03125 0.1671875
16 0.51875 0.62421875 0.02421875 0.17734375
17 0.54765625 0.63984375 0.03515625 0.21484375
18 0.5828125 0.64453125 0.03515625 0.20234375
19 0.62265625 0.63984375 0.0421875 0.18515625
20 0.67578125 0.64140625 0.06484375 0.21328125
21 0.7421875 0.61171875 0.10234375 0.23671875
22 0.8171875 0.575 0.10859375 0.2109375
23 0.8921875 0.53828125 0.09375 0.15859375