7 0.196875 0.26484375 0.06953125 0.17109375
6 0.2390625 0.36484375 0.07578125 0.21875
5 0.30546875 0.3875 0.0734375 0.2078125
4 0.34765625 0.39140625 0.0453125 0.23828125
3 0.38671875 0.38828125 0.03671875 0.253125
2 0.421875 0.38671875 0.0515625 0.2359375
1 0.46796875 0.390625 0.04453125 0.2875
0 0.5046875 0.39375 0.03984375 0.2984375
8 0.55078125 0.41015625 0.0453125 0.2921875
9 0.5921875 0.41796875 0.05 0.27265625
10 0.6203125 0.39921875 0.05 0.240625
11 0.64921875 0.41953125 0.034375 0.23828125
12 0.68359375 0.415625 0.04296875 0.2421875
13 0.7296875 0.40703125 0.06484375 0.23359375
14 0.78671875 0.39375 0.0671875 0.203125
15 0.828125 0.3171875 0.0671875 0.17109375
31 0.16484375 0.55703125 0.10390625 0.13671875
30 0.2453125 0.62109375 0.0890625 0.225
29 0.30703125 0.65703125 0.10390625 0.22265625
28 0.37265625 0.66640625 0.06484375 0.225
27 0.40390625 0.696875 0.07109375 0.246875
26 0.43046875 0.72265625 0.06484375 0.2078125
25 0.47890625 0.7046875 0.046875 0.240625
24 0.49765625 0.68515625 0.03125 0.1796875
16 0.5234375 0.68359375 0.0203125 0.2078125
17 0.5484375 0.6765625 0.04140625 0.18828125
18 0.58359375 0.72734375 0.0453125 0.22109375
19 0.61484375 0.7078125 0.05625 0.23828125
20 0.6515625 0.69296875 0.0515625 0.2296875
21 0.7125 0.68046875 0.090625 0.21875
22 0.78125 0.64296875 0.0953125 0.21640625
23 0.8484375 0.578125 0.090625 0.1515625