7 0.2125 0.3078125 0.05859375 0.1125
6 0.23046875 0.4 0.0625 0.16328125
5 0.28203125 0.41875 0.0640625 0.1921875
4 0.328125 0.44609375 0.046875 0.16484375
3 0.3671875 0.45078125 0.046875 0.18671875
2 0.403125 0.43828125 0.0453125 0.23125
1 0.43828125 0.4609375 0.0375 0.1953125
0 0.47734375 0.4625 0.040625 0.203125
8 0.521875 0.45234375 0.04296875 0.228125
9 0.5578125 0.4484375 0.0453125 0.196875
10 0.6 0.43828125 0.0390625 0.215625
11 0.6390625 0.4484375 0.04296875 0.17890625
12 0.67578125 0.43515625 0.0390625 0.17890625
13 0.7234375 0.4265625 0.0609375 0.1765625
14 0.7703125 0.39375 0.0640625 0.18125
15 0.79296875 0.3 0.0546875 0.1125
31 0.1671875 0.58046875 0.0640625 0.1140625
30 0.2203125 0.59453125 0.09765625 0.18828125
29 0.28515625 0.64375 0.09765625 0.20625
28 0.35078125 0.66875 0.0453125 0.19609375
27 0.390625 0.678125 0.04296875 0.1921875
26 0.43046875 0.69296875 0.040625 0.221875
25 0.4671875 0.6765625 0.03125 0.1765625
24 0.496875 0.68046875 0.0296875 0.16875
16 0.525 0.6671875 0.02734375 0.1515625
17 0.55546875 0.66640625 0.0328125 0.14921875
18 0.5921875 0.69375 0.04296875 0.2265625
19 0.62890625 0.6671875 0.0390625 0.17890625
20 0.6640625 0.665625 0.04296875 0.190625
21 0.7265625 0.64609375 0.08984375 0.20625
22 0.78515625 0.5921875 0.078125 0.184375