7 0.23125 0.47265625 0.0671875 0.1296875
15 0.78984375 0.4390625 0.06953125 0.11875
14 0.75546875 0.5171875 0.05703125 0.184375
6 0.2765625 0.54375 0.06328125 0.18046875
4 0.33359375 0.52734375 0.046875 0.17265625
3 0.3765625 0.53203125 0.046875 0.19921875
2 0.42265625 0.52265625 0.04453125 0.209375
1 0.465625 0.51796875 0.02890625 0.190625
0 0.50390625 0.53515625 0.04453125 0.196875
8 0.55078125 0.52109375 0.04453125 0.22578125
9 0.58984375 0.5328125 0.02890625 0.16875
10 0.62890625 0.525 0.04453125 0.21328125
11 0.66875 0.51875 0.034375 0.2171875
12 0.70546875 0.51953125 0.0390625 0.19921875
22 0.8125 0.6859375 0.0734375 0.16875
21 0.75390625 0.73046875 0.08359375 0.203125
30 0.2140625 0.7421875 0.07734375 0.16953125
29 0.27890625 0.7625 0.0921875 0.2109375
28 0.346875 0.7578125 0.053125 0.1859375
27 0.39453125 0.7640625 0.04296875 0.19296875
26 0.43671875 0.7734375 0.040625 0.2125
25 0.4765625 0.7640625 0.03046875 0.20078125
24 0.50625 0.75546875 0.02890625 0.19296875
16 0.534375 0.7453125 0.02890625 0.20546875
17 0.56640625 0.75625 0.034375 0.18671875
18 0.609375 0.78125 0.04296875 0.23671875
19 0.64921875 0.75078125 0.040625 0.17421875
20 0.69453125 0.7375 0.05078125 0.1640625