31 0.159375 0.61640625 0.08203125 0.2078125
30 0.221875 0.65703125 0.10546875 0.2171875
29 0.29609375 0.690625 0.090625 0.21171875
28 0.34921875 0.71328125 0.06953125 0.21640625
27 0.4015625 0.71328125 0.053125 0.19375
26 0.4484375 0.7 0.03984375 0.1890625
25 0.48203125 0.6921875 0.0359375 0.190625
24 0.51484375 0.6828125 0.0296875 0.171875
16 0.54453125 0.68515625 0.0296875 0.17578125
17 0.578125 0.67890625 0.03828125 0.16796875
18 0.6125 0.69453125 0.0359375 0.178125
19 0.6515625 0.70703125 0.05078125 0.21171875
20 0.70234375 0.7125 0.05078125 0.22265625
21 0.76796875 0.69921875 0.08828125 0.2171875
22 0.85234375 0.64609375 0.10546875 0.1953125
7 0.17109375 0.40859375 0.0671875 0.15078125
6 0.22265625 0.44609375 0.06953125 0.18359375
5 0.28046875 0.4625 0.06328125 0.178125
4 0.3375 0.46171875 0.04609375 0.21015625
3 0.38046875 0.45390625 0.03984375 0.2359375
2 0.42265625 0.4421875 0.03984375 0.23515625
1 0.4640625 0.46171875 0.0421875 0.2015625
0 0.50703125 0.45859375 0.04453125 0.22578125
8 0.5515625 0.46328125 0.03984375 0.2140625
9 0.59375 0.45625 0.03984375 0.22890625
10 0.63515625 0.44765625 0.0421875 0.21171875
11 0.68359375 0.45390625 0.04609375 0.2328125
12 0.7171875 0.46015625 0.04609375 0.21484375
13 0.7734375 0.45625 0.065625 0.2078125
14 0.828125 0.43125 0.07421875 0.2375
15 0.88046875 0.4171875 0.078125 0.2015625