15 0.8375 0.52421875 0.0515625 0.1609375
14 0.784375 0.53046875 0.0625 0.19296875
13 0.73046875 0.484375 0.075 0.20546875
12 0.6765625 0.47421875 0.05390625 0.18125
10 0.62890625 0.453125 0.04140625 0.22890625
9 0.59140625 0.459375 0.04140625 0.2046875
8 0.5546875 0.46015625 0.04765625 0.18984375
0 0.51171875 0.4625 0.04375 0.20234375
1 0.471875 0.47109375 0.03125 0.175
2 0.4375 0.4453125 0.04140625 0.20625
4 0.37421875 0.446875 0.04765625 0.1796875
5 0.32265625 0.4625 0.06875 0.18671875
6 0.26640625 0.47578125 0.06015625 0.1921875
7 0.21796875 0.459375 0.0453125 0.15078125
31 0.22734375 0.640625 0.09375 0.1484375
28 0.37109375 0.66953125 0.0453125 0.1734375
27 0.40859375 0.684375 0.04140625 0.1859375
26 0.446875 0.6984375 0.03515625 0.21875
25 0.48125 0.6734375 0.02890625 0.17734375
24 0.50703125 0.671875 0.03125 0.16875
16 0.5359375 0.675 0.02734375 0.1875
17 0.5640625 0.67890625 0.0375 0.2
18 0.59765625 0.70078125 0.04140625 0.23984375
19 0.6390625 0.68828125 0.04140625 0.20625
20 0.684375 0.6859375 0.05 0.17734375