7 0.12421875 0.2953125 0.0640625 0.10546875
6 0.1609375 0.3875 0.07265625 0.22109375
5 0.22421875 0.4015625 0.07109375 0.26640625
4 0.28515625 0.41640625 0.046875 0.2234375
3 0.325 0.41328125 0.03671875 0.2125
2 0.365625 0.39375 0.0578125 0.23828125
1 0.4171875 0.39140625 0.0453125 0.2421875
0 0.46484375 0.4015625 0.05390625 0.253125
8 0.51796875 0.40703125 0.05390625 0.259375
9 0.56875 0.40703125 0.046875 0.23828125
10 0.615625 0.41875 0.0640625 0.24921875
11 0.65546875 0.4421875 0.0453125 0.21484375
12 0.68359375 0.4359375 0.0453125 0.23203125
13 0.7421875 0.4359375 0.07265625 0.240625
14 0.8140625 0.42890625 0.06640625 0.21875
15 0.84140625 0.3328125 0.08125 0.14609375
31 0.096875 0.61015625 0.06015625 0.14375
30 0.16171875 0.64609375 0.08359375 0.21484375
29 0.23046875 0.68984375 0.096875 0.25546875
28 0.30390625 0.68984375 0.04921875 0.2296875
27 0.34765625 0.690625 0.046875 0.26640625
26 0.384375 0.71171875 0.0515625 0.328125
25 0.42734375 0.67890625 0.04296875 0.2421875
24 0.46015625 0.68046875 0.0453125 0.240625
16 0.49375 0.67578125 0.034375 0.22421875
17 0.525 0.68984375 0.03984375 0.26796875
18 0.56796875 0.69765625 0.040625 0.28359375
19 0.60703125 0.70078125 0.0515625 0.25546875
20 0.6484375 0.7015625 0.03828125 0.23203125
21 0.71171875 0.7125 0.08359375 0.253125
22 0.7875 0.68203125 0.08125 0.2234375
23 0.85 0.65703125 0.06015625 0.1328125