31 0.20390625 0.640625 0.05703125 0.1546875
30 0.2546875 0.6765625 0.07265625 0.184375
29 0.3125 0.6921875 0.0734375 0.18828125
27 0.40234375 0.7078125 0.03359375 0.19609375
26 0.43828125 0.70703125 0.03359375 0.20546875
25 0.4671875 0.69765625 0.02578125 0.178125
24 0.49140625 0.684375 0.021875 0.15625
16 0.5125 0.70625 0.01640625 0.15625
17 0.53515625 0.70625 0.01953125 0.14453125
18 0.5671875 0.7078125 0.03125 0.1921875
19 0.60234375 0.70234375 0.03515625 0.18046875
28 0.36640625 0.70546875 0.04296875 0.1859375
20 0.63671875 0.7015625 0.0375 0.18984375
21 0.68984375 0.69453125 0.06875 0.20390625
22 0.74921875 0.6765625 0.0765625 0.18828125
23 0.803125 0.6359375 0.059375 0.146875
15 0.8265625 0.4515625 0.046875 0.13125
14 0.77734375 0.453125 0.0515625 0.15859375
13 0.7265625 0.4671875 0.05546875 0.15859375
12 0.68125 0.4578125 0.0390625 0.190625
11 0.64296875 0.46171875 0.04140625 0.1765625
10 0.6046875 0.465625 0.04296875 0.19453125
9 0.565625 0.4765625 0.0296875 0.18203125
8 0.52890625 0.47890625 0.0375 0.18203125
0 0.4875 0.478125 0.0375 0.184375
1 0.4484375 0.48046875 0.03125 0.1703125
2 0.40859375 0.45703125 0.04140625 0.209375
3 0.36875 0.44921875 0.0453125 0.2015625
4 0.3296875 0.453125 0.04140625 0.18203125
5 0.28359375 0.4578125 0.05546875 0.1765625
6 0.2296875 0.45390625 0.053125 0.1484375
7 0.18046875 0.4609375 0.04140625 0.1109375