31 0.2234375 0.53203125 0.053125 0.1546875
30 0.27265625 0.51953125 0.084375 0.19609375
28 0.37109375 0.584375 0.053125 0.18046875
27 0.3984375 0.61953125 0.053125 0.215625
26 0.42734375 0.6234375 0.05546875 0.18828125
25 0.4578125 0.640625 0.04140625 0.18203125
24 0.4828125 0.646875 0.02890625 0.1765625
16 0.5109375 0.63828125 0.021875 0.15859375
17 0.534375 0.634375 0.02578125 0.1390625
18 0.5640625 0.65 0.0375 0.2015625
19 0.5953125 0.65625 0.04140625 0.2296875
20 0.628125 0.6421875 0.0390625 0.209375
23 0.78671875 0.5578125 0.06875 0.15078125
7 0.265625 0.27265625 0.0515625 0.1359375
0 0.47578125 0.421875 0.0375 0.2265625
1 0.44453125 0.43671875 0.03125 0.14140625
2 0.415625 0.4046875 0.03515625 0.2
3 0.38359375 0.39296875 0.0390625 0.2
4 0.3484375 0.39140625 0.03125 0.21171875
8 0.5203125 0.4328125 0.0375 0.2046875
9 0.5515625 0.44453125 0.02578125 0.17421875
10 0.578125 0.40703125 0.02578125 0.18828125
11 0.60546875 0.42578125 0.04921875 0.2171875
12 0.64453125 0.43515625 0.0375 0.2203125
14 0.746875 0.42109375 0.0765625 0.2078125
15 0.771875 0.34921875 0.07890625 0.1390625