30 0.22734375 0.61953125 0.08359375 0.1828125
29 0.29765625 0.6484375 0.08125 0.203125
28 0.35078125 0.6625 0.05703125 0.1828125
27 0.39921875 0.67578125 0.04296875 0.19296875
26 0.4375 0.68828125 0.04296875 0.21328125
25 0.47265625 0.69375 0.0296875 0.1703125
24 0.496875 0.67890625 0.04296875 0.17421875
16 0.5234375 0.69453125 0.034375 0.15625
17 0.56015625 0.69375 0.0390625 0.1578125
18 0.58984375 0.69140625 0.04453125 0.20703125
23 0.81875 0.62890625 0.07734375 0.15234375
6 0.25546875 0.4140625 0.05703125 0.20703125
3 0.37265625 0.44921875 0.046875 0.20546875
2 0.409375 0.4546875 0.046875 0.215625
1 0.44609375 0.4671875 0.04296875 0.19921875
0 0.4875 0.47109375 0.04921875 0.2
8 0.5375 0.459375 0.04296875 0.20078125
9 0.58046875 0.4640625 0.0390625 0.18984375
10 0.6203125 0.4546875 0.04453125 0.23984375
11 0.6625 0.4578125 0.04296875 0.20078125
12 0.69765625 0.4484375 0.03671875 0.19453125
13 0.74609375 0.4359375 0.05546875 0.203125
15 0.80703125 0.4265625 0.05546875 0.2078125