6 0.27578125 0.42109375 0.046875 0.171875
5 0.3265625 0.4328125 0.05546875 0.1921875
4 0.36875 0.42734375 0.0375 0.19375
3 0.3984375 0.42890625 0.0453125 0.18046875
2 0.42421875 0.39609375 0.0375 0.1859375
1 0.44453125 0.44375 0.0390625 0.16640625
0 0.46875 0.45234375 0.04296875 0.1921875
8 0.50625 0.44765625 0.0390625 0.178125
9 0.540625 0.44609375 0.03359375 0.18046875
10 0.571875 0.44375 0.04140625 0.178125
11 0.60703125 0.43515625 0.04140625 0.15859375
12 0.6453125 0.43671875 0.0390625 0.15625
13 0.6921875 0.4171875 0.05703125 0.2
14 0.73984375 0.40390625 0.0515625 0.17421875
22 0.7625 0.6046875 0.084375 0.17421875
21 0.70390625 0.6640625 0.08046875 0.19765625
20 0.64765625 0.67734375 0.03515625 0.2015625
19 0.61328125 0.68046875 0.0375 0.2078125
18 0.58359375 0.6796875 0.0375 0.22109375
17 0.54921875 0.653125 0.02734375 0.16015625
16 0.52890625 0.6546875 0.02890625 0.15625
25 0.47421875 0.6609375 0.03125 0.1765625
26 0.446875 0.68671875 0.04296875 0.23125
27 0.40390625 0.68984375 0.0390625 0.22109375
28 0.3625 0.69140625 0.0390625 0.209375
29 0.290625 0.6390625 0.0953125 0.1640625
24 0.49921875 0.6609375 0.02421875 0.171875