31 0.19140625 0.5828125 0.06640625 0.12578125
30 0.253125 0.63203125 0.0921875 0.21796875
29 0.3171875 0.6671875 0.1 0.2296875
28 0.38125 0.68125 0.0625 0.21796875
27 0.421875 0.6921875 0.0703125 0.21171875
26 0.44921875 0.6890625 0.02734375 0.15703125
23 0.8125 0.5484375 0.05859375 0.10859375
22 0.76171875 0.63359375 0.06640625 0.2015625
21 0.71171875 0.665625 0.0921875 0.23359375
20 0.6578125 0.69296875 0.0546875 0.21796875
19 0.6203125 0.70703125 0.05625 0.24609375
18 0.58671875 0.71015625 0.040625 0.2296875
17 0.5546875 0.6859375 0.03125 0.1921875
16 0.5296875 0.684375 0.0234375 0.18046875
24 0.5078125 0.68515625 0.01953125 0.12421875
25 0.48359375 0.6734375 0.0328125 0.14453125
15 0.75 0.30390625 0.0546875 0.1265625
14 0.7375 0.39765625 0.0796875 0.190625
13 0.69921875 0.4125 0.05859375 0.21171875
12 0.65546875 0.44296875 0.0375 0.1828125
11 0.61796875 0.46015625 0.0453125 0.165625
10 0.590625 0.3953125 0.0484375 0.184375
9 0.5625 0.46953125 0.03515625 0.18046875
8 0.5296875 0.46484375 0.0390625 0.21484375
7 0.259375 0.31796875 0.05 0.10234375
6 0.2765625 0.4046875 0.0765625 0.18828125
5 0.32734375 0.41953125 0.0609375 0.19453125
4 0.378125 0.42734375 0.040625 0.20234375
3 0.41875 0.43515625 0.0453125 0.21015625
2 0.4546875 0.4625 0.03515625 0.18671875
1 0.4890625 0.36015625 0.071875 0.0984375
0 0.4890625 0.4859375 0.040625 0.171875