6 0.24375 0.4703125 0.0515625 0.19375
5 0.3 0.46875 0.0765625 0.2109375
4 0.34375 0.45078125 0.06015625 0.18359375
14 0.76953125 0.46953125 0.0578125 0.19609375
13 0.71484375 0.4703125 0.07265625 0.19375
11 0.64140625 0.4640625 0.02890625 0.1984375
10 0.60859375 0.4609375 0.03515625 0.21953125
9 0.571875 0.47265625 0.02734375 0.18125
8 0.534375 0.4578125 0.0390625 0.21484375
0 0.49140625 0.44765625 0.046875 0.23515625
1 0.45625 0.4640625 0.02890625 0.18125
17 0.5484375 0.68203125 0.02734375 0.16875
16 0.52734375 0.67578125 0.0375 0.18984375
18 0.58125 0.68125 0.0375 0.18359375
19 0.61328125 0.68203125 0.0390625 0.1734375
24 0.49765625 0.6765625 0.02890625 0.17109375
25 0.47109375 0.67734375 0.0328125 0.19296875
26 0.4359375 0.6890625 0.0453125 0.22109375
27 0.40234375 0.6703125 0.0453125 0.1875
28 0.36640625 0.665625 0.06015625 0.18125