7 0.1828125 0.3234375 0.05625 0.1109375
6 0.2109375 0.4171875 0.06640625 0.1671875
5 0.26171875 0.4265625 0.05859375 0.19609375
4 0.31171875 0.4328125 0.040625 0.221875
3 0.35078125 0.4390625 0.0375 0.22265625
2 0.3890625 0.440625 0.05078125 0.23359375
1 0.43359375 0.4484375 0.03515625 0.20625
0 0.471875 0.44453125 0.040625 0.24375
8 0.5125 0.42734375 0.0453125 0.27265625
9 0.55234375 0.45390625 0.03984375 0.1921875
10 0.59765625 0.41640625 0.04296875 0.27421875
11 0.640625 0.4171875 0.0390625 0.2609375
12 0.68046875 0.415625 0.040625 0.24140625
13 0.7328125 0.42109375 0.0625 0.21015625
14 0.7875 0.40390625 0.06640625 0.19453125
15 0.81953125 0.3140625 0.0609375 0.13671875
23 0.853125 0.603125 0.078125 0.15546875
22 0.784375 0.63046875 0.0796875 0.1984375
21 0.71796875 0.66484375 0.084375 0.2078125
20 0.6609375 0.684375 0.05625 0.2234375
19 0.61640625 0.6859375 0.0484375 0.2234375
18 0.5765625 0.70546875 0.04296875 0.24296875
17 0.5390625 0.69453125 0.03125 0.21015625
16 0.5109375 0.69296875 0.025 0.20234375
24 0.4890625 0.70546875 0.025 0.18046875
25 0.4640625 0.68046875 0.0296875 0.215625
26 0.42890625 0.6859375 0.040625 0.2265625
27 0.3875 0.69140625 0.0453125 0.23828125
28 0.3375 0.684375 0.0625 0.22734375
29 0.2828125 0.6671875 0.0859375 0.21015625
30 0.21875 0.62734375 0.078125 0.1921875
31 0.14921875 0.5921875 0.0796875 0.1484375