7 0.19609375 0.3421875 0.07109375 0.109375
6 0.23203125 0.4203125 0.06484375 0.18203125
5 0.284375 0.48515625 0.07265625 0.228125
4 0.34453125 0.43125 0.06015625 0.15859375
2 0.41796875 0.43671875 0.04375 0.253125
1 0.45390625 0.49609375 0.04609375 0.24296875
0 0.49453125 0.49921875 0.04375 0.24921875
8 0.540625 0.50703125 0.04765625 0.234375
9 0.58671875 0.4984375 0.03984375 0.246875
10 0.62265625 0.47578125 0.04140625 0.234375
11 0.66171875 0.4984375 0.04765625 0.21328125
12 0.68515625 0.40234375 0.06640625 0.13828125
13 0.7625 0.45234375 0.07109375 0.25546875
14 0.80625 0.4015625 0.05859375 0.16171875
15 0.840625 0.33046875 0.05625 0.103125
31 0.1375 0.6671875 0.075 0.13046875
30 0.20390625 0.74609375 0.08359375 0.17578125
29 0.28203125 0.740625 0.11015625 0.23125
28 0.346875 0.77890625 0.06015625 0.178125
27 0.39921875 0.7640625 0.05234375 0.19453125
26 0.45078125 0.7359375 0.05234375 0.171875
25 0.5125 0.72109375 0.04140625 0.14296875
24 0.5390625 0.73203125 0.02578125 0.16328125
16 0.56953125 0.72421875 0.03984375 0.16953125
17 0.60859375 0.77578125 0.04140625 0.27578125
18 0.646875 0.74453125 0.04375 0.19296875
19 0.70546875 0.78359375 0.04765625 0.18359375
21 0.76484375 0.71640625 0.09140625 0.21171875
22 0.83203125 0.7046875 0.06875 0.16796875
23 0.88671875 0.63359375 0.06015625 0.12890625
3 0.3890625 0.50625 0.053125 0.21015625