7 0.2 0.30390625 0.07109375 0.1265625
6 0.22421875 0.3828125 0.07265625 0.21328125
5 0.28046875 0.40859375 0.06328125 0.2109375
4 0.334375 0.41484375 0.0515625 0.2234375
3 0.37265625 0.42734375 0.05 0.23671875
2 0.42421875 0.428125 0.05078125 0.22578125
1 0.45390625 0.42578125 0.04765625 0.25234375
0 0.49296875 0.42421875 0.04765625 0.2734375
8 0.534375 0.43203125 0.0484375 0.2578125
9 0.56953125 0.43828125 0.053125 0.23046875
10 0.6046875 0.40078125 0.0484375 0.2421875
11 0.640625 0.42421875 0.0578125 0.21484375
12 0.68046875 0.40859375 0.04765625 0.2109375
13 0.7328125 0.396875 0.0703125 0.21875
14 0.7875 0.37578125 0.07421875 0.21484375
15 0.8125 0.30546875 0.0703125 0.10546875
30 0.21171875 0.59140625 0.09765625 0.2015625
29 0.28203125 0.63671875 0.090625 0.23671875
28 0.34140625 0.6515625 0.084375 0.225
27 0.3984375 0.6515625 0.04921875 0.18515625
26 0.44296875 0.65625 0.04140625 0.16640625
25 0.471875 0.65546875 0.03984375 0.1734375
24 0.50078125 0.678125 0.03515625 0.203125
16 0.52578125 0.66640625 0.03125 0.1765625
17 0.553125 0.67109375 0.0359375 0.1890625
18 0.5890625 0.6578125 0.03984375 0.20078125
19 0.6203125 0.65 0.05546875 0.21328125
20 0.68125 0.659375 0.0734375 0.240625
21 0.73515625 0.64765625 0.08203125 0.23984375
22 0.79921875 0.58984375 0.090625 0.18984375