7 0.221875 0.35234375 0.0640625 0.153125
6 0.25078125 0.42421875 0.05625 0.19609375
5 0.30625 0.44453125 0.06640625 0.196875
1 0.44140625 0.48203125 0.04296875 0.20625
0 0.48046875 0.47578125 0.04296875 0.221875
4 0.353125 0.4515625 0.0390625 0.20390625
8 0.5265625 0.465625 0.0453125 0.22734375
9 0.5640625 0.48359375 0.0390625 0.1671875
10 0.59375 0.446875 0.05078125 0.22578125
11 0.62890625 0.43125 0.05078125 0.20625
12 0.66328125 0.43203125 0.0484375 0.18828125
13 0.7078125 0.40859375 0.0609375 0.1921875
14 0.76171875 0.38203125 0.05859375 0.175
23 0.828125 0.575 0.08203125 0.1140625
22 0.759375 0.60390625 0.0859375 0.19609375
21 0.7046875 0.63984375 0.10546875 0.1984375
20 0.64765625 0.6765625 0.053125 0.18828125
19 0.61328125 0.684375 0.05078125 0.1765625
18 0.5765625 0.68515625 0.03125 0.16328125
17 0.54765625 0.690625 0.025 0.1515625
16 0.515625 0.68828125 0.03515625 0.1609375
24 0.490625 0.690625 0.034375 0.159375
25 0.4578125 0.6984375 0.0328125 0.1671875
26 0.4234375 0.68984375 0.0390625 0.16484375
27 0.3890625 0.70078125 0.0390625 0.19453125
28 0.35 0.68984375 0.046875 0.18828125
29 0.28515625 0.66640625 0.09375 0.18828125
30 0.2234375 0.59140625 0.0953125 0.15546875
2 0.40625 0.45234375 0.046875 0.20625