7 0.16953125 0.25390625 0.04921875 0.096875
6 0.19140625 0.3609375 0.075 0.17421875
5 0.24140625 0.38125 0.06875 0.2015625
14 0.77265625 0.3359375 0.06171875 0.159375
13 0.71796875 0.34609375 0.06875 0.209375
12 0.659375 0.38828125 0.0578125 0.165625
11 0.621875 0.39453125 0.05546875 0.18671875
10 0.58203125 0.38828125 0.04453125 0.2640625
9 0.540625 0.4109375 0.04296875 0.21875
8 0.50546875 0.42421875 0.04453125 0.2328125
0 0.453125 0.43125 0.04296875 0.2171875
1 0.4234375 0.4015625 0.0515625 0.246875
2 0.38125 0.4078125 0.04453125 0.246875
3 0.34296875 0.4046875 0.053125 0.2359375
4 0.303125 0.40546875 0.05546875 0.1953125
31 0.12265625 0.51796875 0.06640625 0.11640625
30 0.17734375 0.56640625 0.10234375 0.21015625
29 0.23828125 0.6203125 0.10078125 0.23203125
28 0.296875 0.64296875 0.07265625 0.2171875
27 0.34921875 0.64609375 0.04921875 0.2015625
26 0.38984375 0.646875 0.040625 0.19140625
25 0.428125 0.646875 0.03203125 0.1609375
24 0.46015625 0.64921875 0.0234375 0.1609375
23 0.8171875 0.49296875 0.0578125 0.11875
22 0.76484375 0.53828125 0.0984375 0.20859375
21 0.709375 0.59453125 0.10234375 0.2359375
20 0.64453125 0.6234375 0.06171875 0.2171875
19 0.5953125 0.62890625 0.04453125 0.2015625
18 0.55625 0.6515625 0.04453125 0.2171875
17 0.5171875 0.64453125 0.0296875 0.16953125
16 0.48828125 0.64375 0.028125 0.159375