6 0.2140625 0.2625 0.0765625 0.20859375
5 0.25546875 0.35703125 0.075 0.2
4 0.3109375 0.35859375 0.05078125 0.225
3 0.35390625 0.359375 0.0453125 0.2359375
2 0.4171875 0.35390625 0.0703125 0.25078125
0 0.46328125 0.390625 0.05234375 0.271875
8 0.5234375 0.396875 0.0546875 0.2671875
9 0.5640625 0.37890625 0.04375 0.2609375
10 0.6015625 0.3609375 0.04921875 0.2828125
11 0.65078125 0.36328125 0.059375 0.2609375
12 0.69375 0.365625 0.05390625 0.225
13 0.7484375 0.353125 0.07890625 0.21015625
14 0.8078125 0.30078125 0.08515625 0.228125
29 0.25859375 0.61015625 0.1078125 0.2546875
28 0.3171875 0.63828125 0.059375 0.25390625
27 0.3671875 0.6484375 0.0578125 0.23828125
26 0.41328125 0.671875 0.0578125 0.29921875
25 0.45234375 0.6578125 0.0390625 0.209375
24 0.48359375 0.64765625 0.0359375 0.18984375
16 0.51171875 0.65 0.0359375 0.20703125
17 0.5390625 0.6390625 0.0296875 0.18984375
18 0.58046875 0.66171875 0.0421875 0.2390625
19 0.6296875 0.65234375 0.05234375 0.2515625
20 0.67421875 0.64609375 0.071875 0.246875
21 0.74296875 0.62421875 0.11328125 0.25546875
22 0.8109375 0.56328125 0.1078125 0.19140625