6 0.225 0.36796875 0.0625 0.18125
5 0.28125 0.39140625 0.05859375 0.19609375
4 0.3296875 0.39765625 0.0390625 0.21015625
3 0.3703125 0.3984375 0.0453125 0.234375
2 0.41015625 0.39765625 0.0390625 0.2640625
1 0.4484375 0.41484375 0.0328125 0.23515625
0 0.4875 0.425 0.040625 0.23359375
8 0.53046875 0.40390625 0.040625 0.27265625
9 0.5671875 0.409375 0.0328125 0.24140625
10 0.60625 0.3953125 0.040625 0.2625
11 0.646875 0.39765625 0.04296875 0.23359375
12 0.68671875 0.396875 0.040625 0.2234375
13 0.721875 0.39296875 0.0953125 0.22734375
14 0.79765625 0.3734375 0.0640625 0.1765625
23 0.85078125 0.5484375 0.084375 0.14765625
22 0.790625 0.6078125 0.109375 0.2078125
20 0.675 0.66640625 0.0453125 0.22734375
19 0.6296875 0.65703125 0.040625 0.19609375
18 0.59375 0.66484375 0.046875 0.2078125
17 0.5546875 0.6515625 0.03125 0.175
16 0.5265625 0.64609375 0.025 0.159375
24 0.49921875 0.646875 0.0296875 0.16875
25 0.4703125 0.65078125 0.03125 0.16875
26 0.4375 0.64375 0.03515625 0.1578125
27 0.39765625 0.6625 0.040625 0.20390625
28 0.3515625 0.66484375 0.05078125 0.22734375
30 0.2453125 0.6078125 0.103125 0.20390625
31 0.184375 0.55625 0.0875 0.14765625