7 0.17578125 0.31015625 0.06640625 0.1203125
6 0.21171875 0.37734375 0.071875 0.2234375
5 0.265625 0.40546875 0.06640625 0.21796875
4 0.3171875 0.403125 0.0453125 0.259375
3 0.36015625 0.4109375 0.0453125 0.2703125
2 0.396875 0.396875 0.04296875 0.29765625
1 0.4421875 0.434375 0.0375 0.21171875
0 0.4859375 0.38046875 0.04296875 0.33125
8 0.5359375 0.4125 0.0453125 0.2703125
9 0.57890625 0.43203125 0.0375 0.2234375
10 0.6234375 0.42890625 0.04296875 0.2375
11 0.659375 0.40078125 0.0375 0.2625
12 0.70234375 0.40390625 0.0453125 0.253125
13 0.753125 0.40703125 0.0640625 0.2078125
14 0.80546875 0.38046875 0.06875 0.190625
15 0.83515625 0.30390625 0.0640625 0.1046875
23 0.878125 0.603125 0.1 0.1359375
22 0.796875 0.64140625 0.078125 0.246875
21 0.72734375 0.6546875 0.084375 0.23515625
20 0.6734375 0.67890625 0.0625 0.24921875
19 0.621875 0.6765625 0.0453125 0.22734375
18 0.5875 0.68125 0.0546875 0.23359375
17 0.5421875 0.6609375 0.0328125 0.1890625
16 0.509375 0.6625 0.02734375 0.184375
24 0.48125 0.65546875 0.025 0.16328125
25 0.453125 0.6578125 0.03515625 0.17890625
26 0.41484375 0.69609375 0.0375 0.25859375
27 0.378125 0.66875 0.0375 0.215625
28 0.32890625 0.675 0.05625 0.24140625
29 0.2703125 0.66484375 0.0953125 0.25078125
30 0.20625 0.6390625 0.0921875 0.24296875
31 0.12578125 0.56796875 0.1078125 0.14375