31 0.12421875 0.5046875 0.10078125 0.1578125
27 0.3296875 0.621875 0.03203125 0.23203125
26 0.37734375 0.6171875 0.05234375 0.26328125
25 0.425 0.6140625 0.0421875 0.215625
24 0.4640625 0.59375 0.03203125 0.15078125
16 0.5 0.5890625 0.03984375 0.146875
17 0.5359375 0.59375 0.04453125 0.16328125
18 0.578125 0.60390625 0.06015625 0.23203125
19 0.62421875 0.5890625 0.05234375 0.20546875
20 0.67265625 0.58359375 0.05234375 0.21171875
22 0.7453125 0.559375 0.10078125 0.21171875
23 0.80546875 0.5078125 0.09609375 0.19609375
15 0.79140625 0.3125 0.0640625 0.1875
7 0.1265625 0.30859375 0.08828125 0.1984375
0 0.4515625 0.3671875 0.0484375 0.24375
1 0.40625 0.35390625 0.04609375 0.22578125
2 0.36328125 0.3359375 0.05625 0.28203125
8 0.5 0.35625 0.0484375 0.25
9 0.5484375 0.36875 0.03984375 0.228125
10 0.5953125 0.3421875 0.05390625 0.2578125
14 0.7171875 0.3265625 0.0765625 0.21171875