15 0.7890625 0.51953125 0.05078125 0.15625
14 0.73828125 0.525 0.06015625 0.1875
13 0.68515625 0.48046875 0.07265625 0.19921875
12 0.6328125 0.47109375 0.05234375 0.1765625
10 0.58671875 0.45 0.040625 0.22265625
9 0.55078125 0.45625 0.040625 0.1984375
8 0.51484375 0.45703125 0.04609375 0.184375
0 0.47265625 0.459375 0.0421875 0.196875
1 0.434375 0.46796875 0.03046875 0.1703125
2 0.4015625 0.44296875 0.040625 0.20078125
4 0.33984375 0.44375 0.04609375 0.17421875
5 0.2890625 0.459375 0.06640625 0.18125
6 0.23515625 0.47265625 0.05859375 0.18671875
7 0.1875 0.45625 0.04453125 0.14609375
31 0.196875 0.6328125 0.090625 0.14453125
28 0.33671875 0.6609375 0.04453125 0.16796875
27 0.37265625 0.675 0.040625 0.18046875
26 0.41015625 0.6890625 0.034375 0.2125
25 0.44375 0.66484375 0.028125 0.17265625
24 0.46875 0.6625 0.03046875 0.1640625
16 0.496875 0.665625 0.0265625 0.1828125
17 0.52421875 0.66953125 0.0359375 0.19453125
18 0.55625 0.69140625 0.040625 0.2328125
19 0.596875 0.67890625 0.040625 0.20078125
20 0.64140625 0.6765625 0.0484375 0.17265625