31 0.1671875 0.565625 0.1 0.14375
30 0.22734375 0.60234375 0.1109375 0.16875
27 0.36875 0.68203125 0.0390625 0.20390625
26 0.409375 0.69453125 0.040625 0.20625
25 0.45703125 0.6765625 0.03125 0.14140625
24 0.4875 0.66953125 0.025 0.14375
16 0.51484375 0.665625 0.025 0.1359375
17 0.5453125 0.6734375 0.03125 0.13203125
18 0.59453125 0.69609375 0.0375 0.2046875
19 0.6375 0.675 0.040625 0.175
21 0.70390625 0.653125 0.0875 0.1859375
22 0.76640625 0.61640625 0.0953125 0.17109375
23 0.8234375 0.59296875 0.0796875 0.1421875
7 0.20390625 0.3390625 0.05625 0.1515625
6 0.24296875 0.41796875 0.06875 0.1640625
5 0.29609375 0.42578125 0.0609375 0.2109375
4 0.34296875 0.43828125 0.040625 0.2171875
3 0.371875 0.440625 0.0296875 0.24140625
2 0.41484375 0.4484375 0.0375 0.2453125
1 0.45234375 0.4671875 0.0328125 0.21484375
0 0.4859375 0.478125 0.0390625 0.21875
8 0.528125 0.4875 0.040625 0.21015625
9 0.565625 0.490625 0.0328125 0.18046875
10 0.603125 0.45078125 0.0390625 0.27265625
11 0.64140625 0.4890625 0.0375 0.1765625
12 0.67578125 0.4625 0.03515625 0.18671875
13 0.71953125 0.4609375 0.05625 0.16796875
14 0.771875 0.41796875 0.05859375 0.18359375
15 0.80546875 0.353125 0.0609375 0.1359375