22 0.8671875 0.6203125 0.11484375 0.18359375
20 0.7234375 0.646875 0.04921875 0.22421875
19 0.675 0.65 0.046875 0.21015625
18 0.62265625 0.65703125 0.040625 0.2203125
17 0.58125 0.6375 0.03515625 0.16484375
16 0.5453125 0.6359375 0.02890625 0.1609375
24 0.51015625 0.634375 0.0328125 0.16328125
25 0.4734375 0.63046875 0.0328125 0.1671875
26 0.43046875 0.6421875 0.040625 0.2140625
27 0.3859375 0.63671875 0.046875 0.21640625
28 0.3390625 0.6328125 0.0515625 0.2203125
30 0.13828125 0.575 0.1328125 0.2078125
7 0.1609375 0.36015625 0.059375 0.20390625
6 0.21796875 0.40703125 0.071875 0.2
5 0.27734375 0.4125 0.059375 0.21015625
4 0.3328125 0.390625 0.0515625 0.24375
3 0.37578125 0.39609375 0.0515625 0.234375
2 0.41171875 0.3875 0.0453125 0.25546875
1 0.4515625 0.38984375 0.0390625 0.234375
0 0.49453125 0.38203125 0.04296875 0.25625
8 0.540625 0.38984375 0.0453125 0.23046875
9 0.58515625 0.3921875 0.0390625 0.23125
10 0.62734375 0.40078125 0.040625 0.2234375
11 0.66796875 0.40390625 0.05703125 0.2375
12 0.71015625 0.403125 0.04296875 0.18359375
13 0.75078125 0.421875 0.059375 0.15546875
14 0.80625 0.41328125 0.06796875 0.253125
15 0.8640625 0.41953125 0.046875 0.1875