6 0.26171875 0.384375 0.0625 0.2125
5 0.32890625 0.39609375 0.07265625 0.22734375
4 0.37578125 0.396875 0.0453125 0.20859375
30 0.26640625 0.565625 0.10859375 0.1453125
22 0.80078125 0.49140625 0.11640625 0.15234375
21 0.753125 0.559375 0.10390625 0.15625
18 0.59921875 0.646875 0.0453125 0.21875
17 0.5703125 0.621875 0.02890625 0.18984375
16 0.5375 0.62421875 0.02890625 0.18984375
24 0.51484375 0.60078125 0.03203125 0.13984375
25 0.48515625 0.62578125 0.0328125 0.20234375
28 0.3703125 0.634375 0.0515625 0.23515625
27 0.415625 0.628125 0.0515625 0.21953125
26 0.4484375 0.61015625 0.04140625 0.1921875
11 0.6328125 0.3890625 0.0328125 0.203125
12 0.665625 0.39296875 0.0375 0.2125
13 0.7125 0.38671875 0.06015625 0.2
14 0.76953125 0.3625 0.05390625 0.1734375
3 0.41171875 0.39375 0.046875 0.1984375