7 0.2265625 0.2828125 0.0578125 0.16171875
6 0.2609375 0.38984375 0.07109375 0.1953125
5 0.309375 0.41875 0.06875 0.215625
4 0.35703125 0.4234375 0.04921875 0.2328125
3 0.39921875 0.42734375 0.046875 0.24140625
2 0.4375 0.44921875 0.04296875 0.22890625
1 0.478125 0.4453125 0.0421875 0.246875
0 0.51171875 0.44609375 0.040625 0.2734375
8 0.559375 0.46484375 0.040625 0.23515625
9 0.58984375 0.47265625 0.03828125 0.1984375
10 0.63125 0.4359375 0.03828125 0.2625
11 0.665625 0.4296875 0.05546875 0.22890625
12 0.71171875 0.41796875 0.04921875 0.21328125
13 0.76640625 0.40703125 0.05546875 0.209375
14 0.8109375 0.3859375 0.0640625 0.17890625
31 0.17265625 0.5765625 0.0578125 0.178125
30 0.23046875 0.596875 0.096875 0.18984375
29 0.29140625 0.67734375 0.1 0.17890625
28 0.353125 0.690625 0.07109375 0.2046875
27 0.40546875 0.70625 0.0515625 0.2203125
26 0.4578125 0.7046875 0.040625 0.2203125
25 0.49453125 0.7015625 0.0234375 0.19609375
24 0.5234375 0.70234375 0.02265625 0.18984375
16 0.5484375 0.696875 0.028125 0.16171875
17 0.5765625 0.69765625 0.028125 0.18125
18 0.6203125 0.703125 0.05546875 0.221875
19 0.671875 0.69375 0.04296875 0.21171875
20 0.71875 0.67578125 0.0640625 0.21328125
21 0.7765625 0.64765625 0.0984375 0.21328125
22 0.8296875 0.59296875 0.08828125 0.20703125
23 0.88203125 0.57421875 0.06015625 0.1875