23 0.79296875 0.553125 0.07734375 0.13125
22 0.75 0.62578125 0.11328125 0.17109375
20 0.67578125 0.67890625 0.05234375 0.2234375
18 0.590625 0.678125 0.0421875 0.18359375
17 0.55390625 0.675 0.0359375 0.19453125
16 0.528125 0.67734375 0.02734375 0.19453125
24 0.5 0.67421875 0.0296875 0.18828125
25 0.475 0.68203125 0.025 0.20078125
26 0.44140625 0.66953125 0.0375 0.18359375
27 0.40859375 0.67578125 0.0359375 0.209375
28 0.36328125 0.68125 0.0546875 0.215625
30 0.26796875 0.6390625 0.09453125 0.18984375
5 0.2828125 0.39609375 0.05703125 0.225
4 0.3390625 0.4109375 0.06484375 0.2171875
3 0.39609375 0.4109375 0.0484375 0.2296875
2 0.4234375 0.41875 0.0359375 0.24140625
1 0.46015625 0.43046875 0.0375 0.22578125
0 0.50078125 0.43125 0.04375 0.21953125
8 0.54375 0.434375 0.0421875 0.2046875
9 0.584375 0.43671875 0.0296875 0.209375
10 0.61953125 0.42578125 0.0375 0.2296875
11 0.65546875 0.42265625 0.0421875 0.23125
12 0.68515625 0.4078125 0.0421875 0.228125
13 0.7375 0.3953125 0.06328125 0.21953125
14 0.78984375 0.3765625 0.05078125 0.20234375