6 0.25703125 0.534375 0.0578125 0.2015625
4 0.36640625 0.55703125 0.05 0.1859375
14 0.76875 0.5625 0.05625 0.19375
11 0.63515625 0.5703125 0.03359375 0.20859375
10 0.59921875 0.565625 0.05078125 0.21640625
29 0.309375 0.740625 0.08046875 0.19921875
28 0.36328125 0.77109375 0.05390625 0.2484375
27 0.40078125 0.76796875 0.04921875 0.21328125
26 0.44375 0.7390625 0.03671875 0.22109375
25 0.4734375 0.74375 0.0390625 0.22578125
24 0.49921875 0.7328125 0.02890625 0.1921875
16 0.52265625 0.7390625 0.0203125 0.1953125
17 0.54921875 0.740625 0.02890625 0.20859375
18 0.58046875 0.7703125 0.034375 0.22734375
19 0.6171875 0.7890625 0.05 0.2515625
20 0.65 0.784375 0.046875 0.24765625
22 0.771875 0.73515625 0.1078125 0.1609375