7 0.24375 0.2265625 0.06875 0.115625
15 0.753125 0.21484375 0.06640625 0.134375
6 0.2625 0.3484375 0.08125 0.18359375
5 0.31640625 0.38125 0.0765625 0.21171875
4 0.3609375 0.39921875 0.0640625 0.24375
3 0.39296875 0.4453125 0.06015625 0.20703125
2 0.42421875 0.425 0.04453125 0.290625
1 0.45703125 0.465625 0.0515625 0.2390625
0 0.4828125 0.4703125 0.03828125 0.24765625
8 0.51953125 0.47421875 0.034375 0.24765625
9 0.5515625 0.4625 0.034375 0.2375
10 0.58359375 0.4359375 0.03828125 0.28203125
11 0.6140625 0.43203125 0.04453125 0.23359375
12 0.6453125 0.3859375 0.04296875 0.24609375
13 0.6890625 0.3625 0.06640625 0.24453125
14 0.73046875 0.31640625 0.08125 0.221875
30 0.23828125 0.5765625 0.11328125 0.209375
29 0.303125 0.6546875 0.13671875 0.2421875
28 0.3609375 0.69140625 0.0640625 0.215625
27 0.40390625 0.7171875 0.04296875 0.203125
26 0.44375 0.73046875 0.0359375 0.1796875
25 0.4734375 0.73359375 0.04296875 0.15625
24 0.49375 0.7375 0.04140625 0.15390625
16 0.51875 0.7375 0.02890625 0.14140625
17 0.54609375 0.734375 0.03203125 0.15078125
18 0.57890625 0.7421875 0.046875 0.203125
19 0.61015625 0.7171875 0.04453125 0.20703125
20 0.65390625 0.68515625 0.07265625 0.2203125
21 0.7 0.640625 0.1171875 0.2359375
22 0.75859375 0.56484375 0.0984375 0.215625