7 0.2453125 0.2421875 0.0625 0.1828125
6 0.28203125 0.3421875 0.06484375 0.15234375
5 0.3375 0.353125 0.0625 0.178125
4 0.3796875 0.38828125 0.03828125 0.1765625
3 0.4125 0.390625 0.03046875 0.1765625
2 0.440625 0.39140625 0.034375 0.19453125
1 0.4734375 0.40234375 0.0359375 0.184375
0 0.509375 0.40703125 0.03828125 0.2125
8 0.54453125 0.3984375 0.0359375 0.225
9 0.57734375 0.40234375 0.03828125 0.184375
10 0.61015625 0.3703125 0.034375 0.22890625
11 0.6359375 0.38671875 0.03046875 0.18984375
12 0.66328125 0.3703125 0.040625 0.1921875
13 0.7046875 0.34921875 0.05078125 0.178125
14 0.75390625 0.33828125 0.05625 0.14453125
15 0.7859375 0.2640625 0.06015625 0.14921875
23 0.8046875 0.5328125 0.08046875 0.15859375
22 0.74921875 0.56015625 0.08671875 0.1921875
21 0.7015625 0.60625 0.10078125 0.20078125
20 0.6484375 0.6375 0.0546875 0.20703125
19 0.61328125 0.65390625 0.04453125 0.2109375
18 0.57890625 0.66015625 0.0359375 0.23046875
17 0.54921875 0.65 0.03046875 0.1828125
16 0.52734375 0.65078125 0.034375 0.1765625
24 0.51171875 0.64375 0.02421875 0.1828125
25 0.4890625 0.64375 0.0375 0.17578125
26 0.459375 0.65703125 0.03671875 0.22734375
27 0.4359375 0.62890625 0.040625 0.17734375
28 0.39609375 0.65234375 0.08515625 0.228125
29 0.34609375 0.60703125 0.11875 0.20234375
30 0.28203125 0.55859375 0.1046875 0.1828125
31 0.215625 0.53046875 0.09296875 0.13828125