31 0.1671875 0.48359375 0.096875 0.1609375
30 0.23125 0.54921875 0.103125 0.2125
29 0.30703125 0.58359375 0.10078125 0.2265625
23 0.82734375 0.52421875 0.0890625 0.1671875
22 0.76875 0.58671875 0.0984375 0.2046875
28 0.3625 0.5984375 0.06953125 0.2203125
27 0.4109375 0.59765625 0.06328125 0.2140625
26 0.44296875 0.61640625 0.0359375 0.15390625
25 0.47734375 0.59140625 0.0375 0.190625
24 0.50390625 0.590625 0.02734375 0.1609375
16 0.5328125 0.60625 0.02578125 0.1890625
17 0.559375 0.60390625 0.0359375 0.196875
18 0.5890625 0.6140625 0.04765625 0.2125
19 0.63125 0.61875 0.04140625 0.20625
20 0.671875 0.621875 0.03984375 0.23203125
13 0.7546875 0.34453125 0.059375 0.215625
14 0.8125 0.32578125 0.05546875 0.1890625
15 0.85859375 0.30390625 0.0609375 0.1609375
12 0.70390625 0.34140625 0.03984375 0.22421875
11 0.66796875 0.3453125 0.0359375 0.2359375
10 0.63515625 0.32890625 0.04140625 0.29375
9 0.59375 0.35 0.03359375 0.25390625
8 0.55234375 0.3515625 0.04921875 0.27265625
0 0.5046875 0.3140625 0.0453125 0.3359375
1 0.4703125 0.3234375 0.04765625 0.25625
7 0.19296875 0.29765625 0.05703125 0.1765625
6 0.25625 0.3015625 0.06953125 0.20859375
4 0.35546875 0.3125 0.04765625 0.23046875
3 0.3890625 0.32265625 0.03125 0.23046875
2 0.42265625 0.296875 0.0515625 0.27734375