4 0.3296875 0.45546875 0.04296875 0.19609375
3 0.37109375 0.45 0.046875 0.21171875
2 0.41015625 0.453125 0.04296875 0.23046875
1 0.44921875 0.46953125 0.03515625 0.20390625
0 0.490625 0.490625 0.0390625 0.203125
8 0.53203125 0.48125 0.040625 0.215625
9 0.57109375 0.465625 0.0328125 0.19609375
10 0.6078125 0.446875 0.0390625 0.2296875
11 0.646875 0.45078125 0.05078125 0.2140625
13 0.70625 0.47109375 0.0609375 0.1921875
14 0.76484375 0.4859375 0.0609375 0.19453125
16 0.52421875 0.67265625 0.02421875 0.1109375
17 0.55390625 0.67265625 0.025 0.14140625
18 0.59765625 0.7015625 0.0390625 0.20390625
19 0.6390625 0.69375 0.04296875 0.184375
20 0.6921875 0.69375 0.053125 0.1921875
24 0.5015625 0.67734375 0.0234375 0.12421875
25 0.465625 0.6703125 0.0296875 0.11796875
26 0.421875 0.6859375 0.046875 0.1765625
27 0.3859375 0.6828125 0.0484375 0.18125
29 0.27734375 0.6421875 0.08984375 0.19921875
28 0.33984375 0.67109375 0.05078125 0.18671875
6 0.2109375 0.4578125 0.0703125 0.19609375