7 0.2734375 0.3703125 0.075 0.14296875
6 0.30703125 0.46015625 0.075 0.1921875
5 0.36640625 0.5078125 0.059375 0.11953125
3 0.41640625 0.4 0.06484375 0.15859375
21 0.4453125 0.340625 0.07421875 0.1828125
1 0.484375 0.45390625 0.0515625 0.20390625
0 0.51640625 0.4671875 0.04921875 0.2171875
8 0.55546875 0.47421875 0.04296875 0.2234375
9 0.59375 0.4984375 0.03359375 0.178125
10 0.634375 0.371875 0.0625 0.1703125
11 0.66328125 0.440625 0.059375 0.12109375
13 0.69296875 0.5359375 0.04296875 0.0875
14 0.7421875 0.46328125 0.059375 0.19765625
15 0.76875 0.38359375 0.0609375 0.13671875
31 0.23515625 0.6703125 0.07265625 0.13984375
30 0.30390625 0.675 0.1046875 0.21171875
26 0.4671875 0.78359375 0.053125 0.16640625
25 0.49765625 0.7140625 0.03125 0.23515625
24 0.5265625 0.7140625 0.021875 0.19609375
16 0.5484375 0.7078125 0.02578125 0.2
17 0.571875 0.69765625 0.0296875 0.18984375
18 0.60546875 0.815625 0.04140625 0.2015625
22 0.7359375 0.6828125 0.0984375 0.21953125
23 0.7953125 0.6765625 0.06328125 0.1328125
4 0.371875 0.39140625 0.05234375 0.11484375
12 0.69375 0.45 0.03359375 0.121875
21 0.67734375 0.66171875 0.059375 0.1140625
20 0.63203125 0.6671875 0.04296875 0.10234375
19 0.60078125 0.6609375 0.0234375 0.10546875
29 0.37265625 0.6625 0.06875 0.13203125
28 0.4265625 0.65703125 0.0453125 0.11328125
27 0.4625 0.646875 0.0296875 0.10078125