7 0.209375 0.43984375 0.053125 0.1796875
6 0.26796875 0.4515625 0.0609375 0.1796875
5 0.3265625 0.45 0.07109375 0.18828125
3 0.378125 0.440625 0.040625 0.2140625
2 0.41328125 0.44375 0.04296875 0.23671875
1 0.4484375 0.471875 0.03828125 0.20390625
0 0.48671875 0.46015625 0.04296875 0.2328125
8 0.5296875 0.46015625 0.03828125 0.2203125
9 0.56640625 0.4640625 0.034375 0.20546875
10 0.60078125 0.43671875 0.03828125 0.24296875
11 0.63828125 0.44765625 0.03671875 0.20390625
12 0.67109375 0.45078125 0.03671875 0.178125
13 0.71640625 0.43515625 0.06328125 0.17890625
22 0.78125 0.5859375 0.07109375 0.17578125
21 0.73359375 0.6375 0.08515625 0.20234375
20 0.6828125 0.6625 0.05703125 0.19140625
19 0.64609375 0.6640625 0.040625 0.178125
18 0.61171875 0.6734375 0.040625 0.18515625
17 0.58125 0.67734375 0.0328125 0.171875
16 0.55859375 0.67734375 0.0203125 0.12265625
24 0.53359375 0.675 0.02265625 0.1515625
25 0.50703125 0.671875 0.0265625 0.16171875
26 0.471875 0.66484375 0.040625 0.16796875
27 0.4359375 0.6703125 0.046875 0.16953125
28 0.39921875 0.66953125 0.0546875 0.18125