7 0.2234375 0.484375 0.0703125 0.1359375
15 0.8078125 0.4484375 0.07265625 0.12421875
14 0.77109375 0.53046875 0.06015625 0.19375
6 0.2703125 0.55859375 0.06640625 0.1890625
4 0.33046875 0.54140625 0.04921875 0.18046875
3 0.375 0.54609375 0.04921875 0.20859375
2 0.4234375 0.53671875 0.046875 0.21875
1 0.46796875 0.53125 0.0296875 0.2
0 0.50859375 0.55 0.046875 0.20625
8 0.5578125 0.534375 0.046875 0.2359375
9 0.5984375 0.54765625 0.0296875 0.1765625
10 0.6390625 0.5390625 0.046875 0.2234375
11 0.68046875 0.5328125 0.0359375 0.22734375
12 0.71875 0.53359375 0.040625 0.20859375
22 0.83125 0.7078125 0.0765625 0.1765625
21 0.7703125 0.75390625 0.0875 0.2125
30 0.20546875 0.76640625 0.08125 0.17734375
29 0.27265625 0.78828125 0.09609375 0.22109375
28 0.34375 0.7828125 0.05546875 0.19453125
27 0.39453125 0.7890625 0.04453125 0.2015625
26 0.43828125 0.79921875 0.04296875 0.221875
25 0.4796875 0.7890625 0.03203125 0.21015625
24 0.5109375 0.78046875 0.0296875 0.2015625
16 0.540625 0.76953125 0.0296875 0.21484375
17 0.5734375 0.78125 0.0359375 0.1953125
18 0.61875 0.8078125 0.04453125 0.24765625
19 0.66015625 0.775 0.04296875 0.1828125
20 0.70859375 0.7609375 0.053125 0.171875