31 0.2125 0.56171875 0.07734375 0.17109375
23 0.77265625 0.5828125 0.08671875 0.14140625
22 0.7203125 0.6453125 0.096875 0.1875
21 0.65390625 0.67578125 0.04765625 0.19296875
20 0.61171875 0.6890625 0.0375 0.22421875
19 0.57734375 0.69921875 0.03125 0.22421875
28 0.36640625 0.67578125 0.053125 0.19765625
27 0.40546875 0.6796875 0.040625 0.20859375
30 0.25625 0.6078125 0.10859375 0.178125
29 0.3140625 0.653125 0.08828125 0.18671875
7 0.2359375 0.3890625 0.0671875 0.17265625
6 0.2828125 0.41875 0.0640625 0.18125
5 0.33515625 0.4203125 0.05234375 0.1953125
15 0.7875 0.39140625 0.078125 0.1765625
14 0.75078125 0.42421875 0.0625 0.16953125
13 0.69921875 0.42421875 0.05703125 0.20625
12 0.65390625 0.4234375 0.0453125 0.22421875
11 0.62578125 0.4234375 0.0390625 0.23359375
10 0.59296875 0.4359375 0.0390625 0.2546875
9 0.565625 0.4609375 0.03359375 0.1921875
8 0.53984375 0.459375 0.04375 0.21484375
4 0.36640625 0.4375 0.04921875 0.203125
3 0.39609375 0.44453125 0.0390625 0.1890625
2 0.428125 0.45 0.04609375 0.18359375
1 0.4640625 0.4515625 0.04765625 0.18828125
0 0.496875 0.465625 0.04765625 0.19921875
26 0.4265625 0.68828125 0.02578125 0.22109375
25 0.446875 0.67890625 0.021875 0.20625
24 0.46640625 0.684375 0.0359375 0.2125
16 0.49609375 0.6859375 0.01796875 0.2328125
17 0.5171875 0.68359375 0.02578125 0.2234375
18 0.5390625 0.68984375 0.03359375 0.21875