7 0.2296875 0.3296875 0.0734375 0.11875
6 0.25078125 0.42578125 0.0609375 0.16171875
5 0.31796875 0.4328125 0.0703125 0.2046875
4 0.36328125 0.43671875 0.04921875 0.22578125
3 0.40859375 0.43984375 0.0578125 0.21953125
2 0.4390625 0.434375 0.04375 0.22421875
1 0.48515625 0.4484375 0.04765625 0.21953125
0 0.525 0.45 0.04453125 0.20625
8 0.5703125 0.44375 0.04921875 0.23515625
9 0.6109375 0.459375 0.04765625 0.2296875
10 0.646875 0.459375 0.03984375 0.22421875
11 0.68515625 0.4640625 0.0421875 0.21015625
12 0.728125 0.4515625 0.03984375 0.22578125
13 0.778125 0.45 0.06171875 0.20625
14 0.8328125 0.4484375 0.0625 0.19921875
15 0.85 0.365625 0.06484375 0.12890625
31 0.18671875 0.5671875 0.0734375 0.125
30 0.2515625 0.61015625 0.09609375 0.1984375
29 0.3265625 0.6671875 0.09609375 0.22265625
28 0.3875 0.6796875 0.053125 0.21796875
27 0.43359375 0.6953125 0.04453125 0.23671875
26 0.4703125 0.690625 0.03984375 0.22265625
25 0.50625 0.69453125 0.0359375 0.23125
24 0.534375 0.6953125 0.03515625 0.23671875
16 0.56796875 0.68984375 0.03125 0.21328125
17 0.59765625 0.70078125 0.0375 0.23515625
18 0.634375 0.7 0.04453125 0.240625
19 0.67421875 0.696875 0.040625 0.2359375
20 0.71875 0.6953125 0.0546875 0.2328125
21 0.77265625 0.68515625 0.08359375 0.23671875
23 0.8921875 0.6015625 0.0734375 0.128125