7 0.26015625 0.32109375 0.06875 0.12578125
6 0.29453125 0.421875 0.06875 0.1625
3 0.409375 0.415625 0.06015625 0.190625
0 0.50234375 0.45078125 0.04453125 0.23203125
1 0.48203125 0.43515625 0.06015625 0.240625
8 0.54765625 0.4625 0.0421875 0.2109375
9 0.5734375 0.471875 0.0421875 0.19375
11 0.63984375 0.4421875 0.05078125 0.2265625
14 0.74375 0.44140625 0.06484375 0.1765625
15 0.77421875 0.3265625 0.06875 0.13671875
23 0.82890625 0.6265625 0.08046875 0.16796875
22 0.76015625 0.64453125 0.09296875 0.2125
18 0.5828125 0.68984375 0.03203125 0.178125
17 0.54921875 0.68828125 0.03046875 0.17421875
16 0.521875 0.68359375 0.02421875 0.15859375
24 0.4921875 0.69375 0.0359375 0.1984375
25 0.4546875 0.70078125 0.04609375 0.20078125
26 0.4125 0.70390625 0.05078125 0.2109375
30 0.2921875 0.6265625 0.10078125 0.22109375
31 0.21640625 0.60234375 0.0828125 0.16796875
29 0.34765625 0.71640625 0.06640625 0.1828125
19 0.61875 0.734375 0.0484375 0.1984375
20 0.65625 0.7453125 0.0421875 0.1921875
21 0.709375 0.74765625 0.05234375 0.18046875
4 0.3640625 0.33671875 0.0546875 0.17734375
2 0.44765625 0.3515625 0.05234375 0.2109375
10 0.60703125 0.384375 0.0484375 0.2328125
12 0.6796875 0.3828125 0.04453125 0.1640625