6 0.22265625 0.4171875 0.07109375 0.19609375
5 0.28125 0.43125 0.0671875 0.215625
3 0.375 0.45546875 0.0484375 0.209375
2 0.4140625 0.43125 0.0421875 0.27421875
1 0.45703125 0.4578125 0.03984375 0.221875
0 0.5 0.453125 0.04609375 0.246875
8 0.55234375 0.44765625 0.04609375 0.26171875
9 0.5953125 0.471875 0.03125 0.19921875
11 0.64609375 0.475 0.03984375 0.1984375
12 0.68359375 0.4609375 0.04375 0.21953125
14 0.77421875 0.4609375 0.06484375 0.19453125
21 0.76015625 0.67421875 0.084375 0.1921875
30 0.22265625 0.62109375 0.096875 0.18828125
29 0.29921875 0.65703125 0.08203125 0.1921875
28 0.359375 0.675 0.05078125 0.20234375
27 0.40546875 0.67890625 0.0421875 0.19453125
26 0.44296875 0.665625 0.0375 0.1625
25 0.4828125 0.68515625 0.0296875 0.18203125
24 0.5140625 0.69609375 0.02421875 0.17734375
16 0.54765625 0.671875 0.03125 0.17578125
17 0.58203125 0.68125 0.0296875 0.1609375
18 0.61875 0.7 0.0359375 0.21953125
19 0.66171875 0.70859375 0.0375 0.240625
20 0.69921875 0.7109375 0.04609375 0.25703125