31 0.15703125 0.528125 0.08203125 0.153125
30 0.225 0.55546875 0.09765625 0.20703125
29 0.278125 0.61015625 0.11171875 0.240625
28 0.340625 0.63125 0.06171875 0.22734375
27 0.38203125 0.6421875 0.05234375 0.21328125
26 0.42890625 0.63984375 0.0421875 0.190625
25 0.4671875 0.634375 0.034375 0.16484375
24 0.49921875 0.63671875 0.0296875 0.1609375
16 0.52734375 0.63828125 0.02109375 0.16484375
17 0.55703125 0.63359375 0.034375 0.159375
18 0.59765625 0.64609375 0.04765625 0.215625
19 0.64375 0.640625 0.06015625 0.2046875
20 0.684375 0.62734375 0.0640625 0.20703125
21 0.74765625 0.609375 0.1078125 0.24296875
22 0.80625 0.55859375 0.1 0.22109375
23 0.86875 0.5234375 0.078125 0.15078125
6 0.23828125 0.36484375 0.07578125 0.18984375
5 0.28671875 0.39765625 0.0578125 0.19921875
4 0.3328125 0.3828125 0.0421875 0.26875
3 0.371875 0.40625 0.04375 0.23671875
2 0.41015625 0.38359375 0.04375 0.290625
1 0.4546875 0.40234375 0.0421875 0.225
0 0.49921875 0.42265625 0.05 0.22109375
8 0.55 0.41015625 0.04765625 0.24765625
9 0.59296875 0.39375 0.03828125 0.26328125
10 0.63203125 0.396875 0.04375 0.27265625
11 0.671875 0.39921875 0.04765625 0.234375
12 0.71171875 0.39375 0.04921875 0.2109375
14 0.77578125 0.35234375 0.06015625 0.2171875
15 0.82109375 0.28046875 0.0578125 0.1609375