7 0.18515625 0.434375 0.07734375 0.1625
6 0.2203125 0.49140625 0.0671875 0.184375
5 0.278125 0.509375 0.0671875 0.1796875
4 0.3296875 0.50234375 0.0359375 0.19375
3 0.36484375 0.49375 0.04375 0.2234375
2 0.4046875 0.48671875 0.03984375 0.22421875
1 0.44453125 0.48125 0.03984375 0.21640625
0 0.484375 0.4859375 0.03984375 0.2140625
8 0.5265625 0.4828125 0.0375 0.2203125
9 0.57109375 0.48671875 0.04375 0.19609375
10 0.60234375 0.4890625 0.03359375 0.1921875
11 0.6390625 0.49140625 0.03984375 0.18828125
12 0.6765625 0.4890625 0.0359375 0.18046875
13 0.725 0.4921875 0.065625 0.17890625
14 0.78359375 0.4890625 0.05546875 0.16484375
15 0.80859375 0.39296875 0.06953125 0.11875
31 0.16640625 0.6921875 0.0796875 0.20234375
30 0.2265625 0.71328125 0.0875 0.20859375
29 0.30078125 0.734375 0.08515625 0.190625
28 0.36640625 0.7453125 0.0453125 0.2125
27 0.4046875 0.73984375 0.03984375 0.20625
26 0.44453125 0.71640625 0.0359375 0.1984375
25 0.48515625 0.70859375 0.04140625 0.16171875
24 0.5046875 0.70390625 0.0375 0.159375
16 0.5296875 0.69375 0.028125 0.1484375
17 0.55625 0.70703125 0.02578125 0.1765625
18 0.5875 0.72421875 0.03203125 0.221875
19 0.62421875 0.73203125 0.03359375 0.21796875
20 0.65859375 0.7328125 0.0359375 0.228125
21 0.7125 0.71796875 0.0671875 0.190625
22 0.7859375 0.69453125 0.0796875 0.1984375
23 0.83359375 0.6703125 0.059375 0.17890625