31 0.18203125 0.56796875 0.0984375 0.19609375
30 0.2578125 0.6109375 0.08984375 0.21796875
29 0.33359375 0.61328125 0.10546875 0.2046875
27 0.42578125 0.61875 0.04921875 0.21171875
26 0.47109375 0.621875 0.0453125 0.21796875
25 0.5109375 0.6140625 0.034375 0.17265625
24 0.5453125 0.6140625 0.0296875 0.16015625
16 0.5765625 0.6171875 0.028125 0.16171875
17 0.60859375 0.62421875 0.03203125 0.17578125
18 0.653125 0.63984375 0.04921875 0.21171875
19 0.6921875 0.634375 0.040625 0.20078125
21 0.7625 0.64140625 0.0921875 0.209375
22 0.8328125 0.61640625 0.0859375 0.21171875
23 0.90703125 0.5671875 0.0921875 0.1859375
7 0.18359375 0.39609375 0.0578125 0.1359375
6 0.24609375 0.3984375 0.06640625 0.175
5 0.31796875 0.41015625 0.08125 0.19296875
13 0.76796875 0.43203125 0.07734375 0.21171875
14 0.8328125 0.41171875 0.06015625 0.18359375
15 0.89296875 0.40703125 0.06015625 0.1359375
3 0.38828125 0.38125 0.046875 0.225
2 0.4375 0.38125 0.046875 0.24765625
1 0.4859375 0.39453125 0.03671875 0.21328125
0 0.52890625 0.39921875 0.0453125 0.21875
8 0.5765625 0.39765625 0.0453125 0.22421875
9 0.6203125 0.40390625 0.03828125 0.20703125
10 0.66953125 0.4 0.06015625 0.22421875
11 0.70078125 0.409375 0.040625 0.21328125