31 0.18984375 0.64453125 0.0921875 0.12734375
30 0.2625 0.6546875 0.084375 0.184375
28 0.35625 0.68515625 0.0390625 0.18203125
27 0.3984375 0.6828125 0.04140625 0.1921875
26 0.4390625 0.67109375 0.0390625 0.19609375
25 0.47265625 0.66875 0.03125 0.20390625
24 0.50703125 0.68828125 0.03359375 0.20390625
16 0.53515625 0.67734375 0.03515625 0.14296875
17 0.5578125 0.66953125 0.0453125 0.18984375
18 0.58984375 0.6796875 0.04921875 0.2015625
19 0.62109375 0.68359375 0.04140625 0.19765625
20 0.6578125 0.6734375 0.04296875 0.1859375
21 0.71328125 0.66953125 0.08046875 0.19765625
22 0.77265625 0.65 0.08046875 0.19765625
23 0.82109375 0.615625 0.0671875 0.1640625
6 0.26796875 0.42734375 0.05546875 0.16640625
5 0.32265625 0.4375 0.06328125 0.1859375
7 0.228125 0.31875 0.07109375 0.1484375
4 0.3625 0.4171875 0.03515625 0.22734375
3 0.390625 0.4078125 0.04921875 0.2453125
2 0.434375 0.43046875 0.0453125 0.2078125
1 0.47421875 0.42265625 0.0390625 0.24296875
0 0.51171875 0.43125 0.0390625 0.21328125
15 0.81328125 0.4046875 0.046875 0.14453125
14 0.771875 0.40703125 0.046875 0.184375
13 0.72421875 0.43125 0.05546875 0.16640625
11 0.653125 0.43828125 0.040625 0.1765625
10 0.625 0.4453125 0.03359375 0.20546875
9 0.59140625 0.44453125 0.0296875 0.19609375
8 0.553125 0.43671875 0.046875 0.2234375