31 0.14375 0.5546875 0.09609375 0.1625
30 0.215625 0.57734375 0.10390625 0.20703125
29 0.284375 0.63125 0.09609375 0.2375
28 0.34453125 0.63984375 0.06953125 0.2140625
27 0.39453125 0.65234375 0.04296875 0.2234375
26 0.4328125 0.6546875 0.040625 0.2234375
25 0.4703125 0.63828125 0.034375 0.1703125
24 0.4984375 0.62578125 0.03125 0.15390625
23 0.8359375 0.55234375 0.07109375 0.190625
22 0.7828125 0.56875 0.0921875 0.19921875
21 0.72109375 0.61875 0.10390625 0.24609375
20 0.66875 0.62578125 0.0796875 0.20703125
19 0.62578125 0.640625 0.0671875 0.2109375
18 0.58984375 0.6578125 0.0734375 0.22578125
17 0.54921875 0.63515625 0.03984375 0.17265625
16 0.51875 0.61171875 0.03125 0.15390625
7 0.159375 0.31875 0.08125 0.19296875
6 0.209375 0.32578125 0.06328125 0.2234375
5 0.26640625 0.340625 0.059375 0.24765625
4 0.31640625 0.35234375 0.04453125 0.2640625
3 0.35 0.33515625 0.05078125 0.303125
2 0.3859375 0.3359375 0.065625 0.30078125
1 0.43671875 0.37890625 0.040625 0.2359375
0 0.47890625 0.371875 0.046875 0.2578125
8 0.52265625 0.375 0.040625 0.23984375
9 0.5640625 0.36796875 0.034375 0.2296875
10 0.60234375 0.346875 0.04453125 0.265625
11 0.64453125 0.3390625 0.04453125 0.2625
12 0.68359375 0.3390625 0.040625 0.2578125
13 0.73125 0.32421875 0.059375 0.2359375
14 0.7875 0.315625 0.05703125 0.2234375
15 0.83671875 0.3078125 0.065625 0.18671875