6 0.25 0.53671875 0.0578125 0.2015625
5 0.30390625 0.534375 0.06640625 0.2265625
4 0.35859375 0.5296875 0.04375 0.1953125
3 0.3875 0.525 0.03125 0.19921875
2 0.41953125 0.52421875 0.0375 0.2015625
14 0.778125 0.51015625 0.05546875 0.20234375
13 0.73125 0.53125 0.04921875 0.21875
12 0.67890625 0.54375 0.05546875 0.21171875
11 0.63515625 0.5359375 0.03515625 0.19140625
10 0.6 0.53125 0.03515625 0.21171875
28 0.31953125 0.7359375 0.06015625 0.203125
27 0.36484375 0.73828125 0.04375 0.19921875
26 0.40078125 0.7421875 0.0328125 0.2078125
23 0.7890625 0.67421875 0.09921875 0.13359375
20 0.65078125 0.75703125 0.04140625 0.22421875
19 0.61328125 0.7453125 0.0328125 0.19296875
18 0.5796875 0.73984375 0.03515625 0.20234375