7 0.16796875 0.4671875 0.0546875 0.12109375
6 0.225 0.46953125 0.05859375 0.1578125
5 0.28359375 0.48046875 0.06171875 0.1875
4 0.33203125 0.47578125 0.046875 0.2125
3 0.3734375 0.48515625 0.046875 0.2203125
2 0.421875 0.490625 0.05859375 0.22265625
1 0.46171875 0.4875 0.059375 0.228125
0 0.4953125 0.4921875 0.0484375 0.23046875
8 0.534375 0.503125 0.040625 0.2203125
9 0.575 0.4921875 0.0328125 0.21875
10 0.61328125 0.47578125 0.03515625 0.2484375
11 0.6515625 0.47734375 0.0375 0.225
12 0.690625 0.484375 0.0328125 0.1875
13 0.7359375 0.47265625 0.05859375 0.1796875
14 0.79375 0.4515625 0.053125 0.19140625
15 0.846875 0.440625 0.053125 0.1625
31 0.15 0.62578125 0.09765625 0.165625
30 0.215625 0.67578125 0.1078125 0.20703125
29 0.29375 0.703125 0.0921875 0.2109375
28 0.3546875 0.71796875 0.0515625 0.196875
27 0.3953125 0.7171875 0.0453125 0.1640625
26 0.42890625 0.73515625 0.0484375 0.2046875
25 0.471875 0.703125 0.0296875 0.140625
24 0.5015625 0.7046875 0.028125 0.14453125
16 0.53046875 0.7046875 0.025 0.1375
17 0.5609375 0.70390625 0.03125 0.146875
18 0.59375 0.721875 0.03125 0.1890625
19 0.634375 0.7265625 0.04296875 0.1953125
20 0.67265625 0.7109375 0.040625 0.1796875
21 0.72578125 0.69609375 0.084375 0.19375
22 0.79296875 0.671875 0.09375 0.19921875
23 0.8671875 0.62578125 0.10546875 0.146875