7 0.12421875 0.25078125 0.08984375 0.17734375
6 0.178125 0.3515625 0.0703125 0.20703125
4 0.30390625 0.3671875 0.046875 0.23046875
15 0.87421875 0.265625 0.06875 0.1546875
23 0.89609375 0.5796875 0.075 0.19375
14 0.83359375 0.36484375 0.06875 0.2
13 0.77109375 0.36796875 0.0640625 0.23203125
12 0.715625 0.37265625 0.04296875 0.23203125
11 0.67421875 0.384375 0.04453125 0.2296875
10 0.634375 0.384375 0.05 0.22578125
9 0.58515625 0.36875 0.03828125 0.2421875
1 0.446875 0.33828125 0.0515625 0.2875
22 0.83125 0.59140625 0.0984375 0.22578125
21 0.76640625 0.63203125 0.1046875 0.23828125
20 0.6890625 0.60546875 0.0703125 0.14609375
19 0.634375 0.646875 0.04296875 0.25078125
18 0.60234375 0.66484375 0.0515625 0.253125
31 0.10703125 0.5734375 0.08515625 0.1984375
30 0.1796875 0.58203125 0.115625 0.23203125
29 0.25546875 0.62421875 0.11328125 0.23515625
28 0.334375 0.64140625 0.0578125 0.2578125
27 0.3859375 0.64140625 0.04921875 0.24921875
26 0.43046875 0.64765625 0.04453125 0.253125
0 0.48515625 0.3828125 0.059375 0.2390625
8 0.53828125 0.3703125 0.05390625 0.26015625
5 0.246875 0.36171875 0.078125 0.2359375
3 0.3515625 0.371875 0.06484375 0.25078125
2 0.39375 0.378125 0.07265625 0.2421875
25 0.4765625 0.64296875 0.05 0.225
24 0.50078125 0.63125 0.0390625 0.21015625
16 0.52734375 0.63125 0.02734375 0.19375
17 0.56015625 0.65234375 0.034375 0.2234375