7 0.2171875 0.39921875 0.0546875 0.165625
6 0.26171875 0.4109375 0.05859375 0.1890625
5 0.31875 0.41875 0.05859375 0.2015625
4 0.36640625 0.4359375 0.0375 0.1875
3 0.40546875 0.4359375 0.040625 0.203125
2 0.4421875 0.42890625 0.0375 0.2328125
1 0.475 0.4265625 0.02734375 0.209375
0 0.50390625 0.4328125 0.03515625 0.2015625
8 0.54375 0.44453125 0.0375 0.19375
9 0.57734375 0.453125 0.025 0.1875
10 0.6078125 0.44140625 0.03125 0.234375
11 0.6390625 0.4390625 0.0390625 0.2109375
12 0.67109375 0.4546875 0.0296875 0.1875
13 0.71796875 0.434375 0.05625 0.2046875
14 0.771875 0.428125 0.05078125 0.19140625
15 0.809375 0.409375 0.053125 0.1578125
31 0.18671875 0.5953125 0.084375 0.1328125
30 0.25625 0.6078125 0.0859375 0.18359375
29 0.3140625 0.6375 0.0859375 0.2015625
28 0.3703125 0.65 0.0453125 0.1953125
27 0.409375 0.65703125 0.0328125 0.19375
26 0.44140625 0.66015625 0.02734375 0.20703125
25 0.4703125 0.653125 0.0234375 0.1890625
24 0.4953125 0.64375 0.021875 0.16875
16 0.51875 0.64140625 0.021875 0.1703125
17 0.54375 0.6453125 0.025 0.178125
18 0.571875 0.671875 0.02734375 0.21875
19 0.6046875 0.66484375 0.0375 0.196875
20 0.64453125 0.66015625 0.04296875 0.171875
21 0.70234375 0.653125 0.0890625 0.196875
22 0.765625 0.62890625 0.0859375 0.1875
23 0.81640625 0.596875 0.0625 0.1578125