22 0.84375 0.609375 0.11171875 0.17890625
20 0.70390625 0.63515625 0.04765625 0.21875
19 0.65703125 0.63828125 0.04609375 0.2046875
18 0.60625 0.6453125 0.03984375 0.21484375
17 0.56484375 0.6265625 0.034375 0.1609375
16 0.5296875 0.62421875 0.028125 0.15703125
24 0.49609375 0.6234375 0.03203125 0.159375
25 0.46015625 0.61953125 0.03203125 0.16328125
26 0.41796875 0.63046875 0.03984375 0.209375
27 0.375 0.62578125 0.04609375 0.2109375
28 0.32890625 0.621875 0.05 0.21484375
30 0.1328125 0.565625 0.1296875 0.203125
7 0.1546875 0.35546875 0.0578125 0.19921875
6 0.2109375 0.4015625 0.0703125 0.1953125
5 0.26875 0.40625 0.0578125 0.2046875
4 0.32265625 0.38515625 0.05 0.23828125
3 0.36484375 0.390625 0.05 0.22890625
2 0.4 0.3828125 0.04375 0.24921875
1 0.4390625 0.384375 0.03828125 0.22890625
0 0.48125 0.37734375 0.0421875 0.25
8 0.52578125 0.384375 0.04375 0.225
9 0.56875 0.38671875 0.03828125 0.22578125
10 0.61015625 0.3953125 0.03984375 0.21796875
11 0.65 0.39765625 0.05625 0.23203125
12 0.690625 0.39765625 0.0421875 0.17890625
13 0.73125 0.415625 0.0578125 0.15234375
14 0.78515625 0.4078125 0.065625 0.246875
15 0.840625 0.41328125 0.04609375 0.1828125