31 0.13203125 0.5890625 0.0765625 0.14921875
30 0.20625 0.61875 0.08515625 0.2171875
29 0.26640625 0.646875 0.09765625 0.22734375
28 0.334375 0.66328125 0.0578125 0.22734375
27 0.3828125 0.6703125 0.0515625 0.2171875
23 0.87265625 0.5609375 0.0640625 0.1421875
22 0.809375 0.60625 0.0703125 0.2171875
21 0.75 0.63203125 0.08125 0.22265625
20 0.69609375 0.64453125 0.06015625 0.22265625
19 0.6515625 0.65078125 0.05390625 0.21875
18 0.61171875 0.66953125 0.0578125 0.25625
7 0.18125 0.2828125 0.08125 0.17109375
15 0.8359375 0.28125 0.06640625 0.15234375
14 0.80625 0.38828125 0.06015625 0.2
13 0.75390625 0.39921875 0.05625 0.2171875
12 0.70234375 0.40625 0.0390625 0.21875
10 0.61640625 0.40625 0.0453125 0.26171875
5 0.2625 0.4125 0.06015625 0.20625
4 0.321875 0.39921875 0.05390625 0.246875
9 0.5734375 0.40546875 0.0390625 0.25390625
17 0.56328125 0.63671875 0.03515625 0.15625
16 0.53125 0.64375 0.02890625 0.15078125
8 0.53046875 0.4234375 0.04765625 0.2375
6 0.2046875 0.38671875 0.0640625 0.225
3 0.3609375 0.39296875 0.04140625 0.2890625
2 0.4109375 0.390625 0.05234375 0.3
1 0.45859375 0.39609375 0.0484375 0.3015625
0 0.49296875 0.39921875 0.046875 0.31640625
26 0.4296875 0.68203125 0.059375 0.2546875
25 0.47421875 0.6796875 0.06015625 0.215625
24 0.50390625 0.66171875 0.06015625 0.18046875
11 0.66171875 0.40546875 0.05390625 0.259375