31 0.17578125 0.56796875 0.08125 0.15546875
30 0.221875 0.6203125 0.1140625 0.215625
29 0.2859375 0.66015625 0.08515625 0.21953125
28 0.33046875 0.69140625 0.06640625 0.240625
27 0.37109375 0.68515625 0.05390625 0.240625
26 0.4046875 0.69453125 0.05390625 0.24765625
25 0.44375 0.68828125 0.03984375 0.21484375
24 0.471875 0.69140625 0.03828125 0.22109375
16 0.5046875 0.6796875 0.03671875 0.20625
17 0.52734375 0.67421875 0.03359375 0.20703125
18 0.5625 0.69140625 0.046875 0.24609375
19 0.61328125 0.67890625 0.0640625 0.22890625
21 0.68828125 0.64921875 0.0671875 0.2015625
22 0.75390625 0.61796875 0.11015625 0.19453125
23 0.80625 0.55390625 0.0859375 0.1359375
7 0.196875 0.40234375 0.0640625 0.19765625
6 0.2484375 0.41796875 0.0546875 0.19609375
5 0.29609375 0.41875 0.053125 0.2421875
4 0.3421875 0.43671875 0.05 0.22578125
3 0.3734375 0.43984375 0.04296875 0.22890625
2 0.40390625 0.41328125 0.05234375 0.28828125
1 0.4421875 0.42890625 0.03984375 0.246875
0 0.47421875 0.4453125 0.0484375 0.22421875
8 0.5140625 0.45078125 0.05078125 0.2296875
9 0.56171875 0.43828125 0.0421875 0.25390625
10 0.58984375 0.42734375 0.04296875 0.2640625
11 0.62890625 0.43046875 0.04453125 0.23828125
12 0.65859375 0.42265625 0.03125 0.23828125
13 0.703125 0.4203125 0.04765625 0.21015625
14 0.75859375 0.39453125 0.05859375 0.22265625
15 0.80703125 0.38828125 0.0515625 0.20078125