7 0.19296875 0.4109375 0.0484375 0.2
6 0.2453125 0.4109375 0.05625 0.17578125
5 0.30234375 0.4234375 0.05859375 0.18046875
4 0.35234375 0.4265625 0.0421875 0.21015625
3 0.39375 0.4265625 0.04453125 0.21796875
2 0.4328125 0.434375 0.04609375 0.24296875
0 0.48671875 0.45859375 0.0421875 0.221875
8 0.54453125 0.46953125 0.04453125 0.215625
10 0.60078125 0.4671875 0.03984375 0.228125
11 0.640625 0.47109375 0.04453125 0.21171875
12 0.67890625 0.453125 0.0359375 0.215625
13 0.728125 0.465625 0.05390625 0.1796875
14 0.7828125 0.44140625 0.05234375 0.1875
15 0.8296875 0.41328125 0.05234375 0.18046875
23 0.8390625 0.58984375 0.0921875 0.1796875
22 0.78046875 0.64140625 0.090625 0.1859375
21 0.71796875 0.67734375 0.090625 0.20546875
20 0.65625 0.6765625 0.05625 0.18046875
19 0.61328125 0.6921875 0.05 0.19609375
18 0.5765625 0.69140625 0.0359375 0.1859375
17 0.54296875 0.68046875 0.034375 0.16328125
16 0.51640625 0.67421875 0.028125 0.16328125
24 0.48828125 0.67109375 0.0359375 0.1578125
25 0.4625 0.6671875 0.03046875 0.16171875
26 0.42890625 0.66640625 0.04609375 0.18359375
27 0.3921875 0.65546875 0.0625 0.1859375
28 0.3578125 0.6359375 0.06796875 0.17578125
29 0.303125 0.63125 0.08828125 0.18984375
30 0.2453125 0.59921875 0.084375 0.18203125