31 0.2390625 0.63359375 0.1 0.153125
30 0.30078125 0.690625 0.09765625 0.1984375
23 0.77421875 0.6578125 0.071875 0.175
22 0.725 0.69609375 0.0859375 0.1921875
28 0.3703125 0.696875 0.0453125 0.190625
27 0.40703125 0.69296875 0.0375 0.190625
26 0.44375 0.690625 0.03515625 0.19453125
25 0.471875 0.6859375 0.0296875 0.184375
24 0.50078125 0.7015625 0.0296875 0.21953125
16 0.521875 0.69296875 0.0234375 0.1828125
17 0.54765625 0.68515625 0.0296875 0.1671875
18 0.58203125 0.7125 0.03515625 0.22578125
19 0.6203125 0.70859375 0.040625 0.21015625
20 0.66015625 0.7015625 0.0390625 0.19609375
7 0.209375 0.43671875 0.06640625 0.1625
6 0.259375 0.446875 0.0625 0.20625
15 0.8234375 0.4546875 0.053125 0.16328125
14 0.7734375 0.46171875 0.05078125 0.2078125
13 0.7203125 0.49375 0.05078125 0.171875
5 0.31953125 0.478125 0.05625 0.18671875
4 0.3671875 0.4734375 0.046875 0.1921875
3 0.39921875 0.47734375 0.0375 0.18828125
2 0.4359375 0.465625 0.04296875 0.2046875
1 0.4703125 0.48125 0.03125 0.165625
0 0.5046875 0.46953125 0.0375 0.2046875
8 0.546875 0.48515625 0.05078125 0.18046875
9 0.58203125 0.47890625 0.03125 0.17265625
10 0.6109375 0.47421875 0.0390625 0.21015625
11 0.64609375 0.48984375 0.03828125 0.17890625
12 0.6796875 0.47890625 0.03515625 0.19609375