7 0.18515625 0.30390625 0.06171875 0.20625
6 0.24140625 0.325 0.05625 0.23125
5 0.30078125 0.33359375 0.065625 0.23828125
4 0.34765625 0.340625 0.05234375 0.23984375
3 0.384375 0.3578125 0.04765625 0.23828125
2 0.4203125 0.35859375 0.0484375 0.25546875
1 0.46015625 0.36796875 0.0375 0.24296875
0 0.49921875 0.37265625 0.04453125 0.2484375
8 0.53671875 0.3703125 0.05390625 0.25625
9 0.578125 0.37734375 0.05 0.2265625
10 0.61640625 0.3734375 0.03984375 0.23828125
11 0.659375 0.3578125 0.0421875 0.23125
12 0.696875 0.36015625 0.0390625 0.21640625
13 0.74375 0.3421875 0.06875 0.21484375
14 0.80234375 0.33125 0.0609375 0.20859375
15 0.84921875 0.31171875 0.06328125 0.19765625
31 0.17265625 0.48203125 0.12109375 0.13671875
30 0.2484375 0.546875 0.0828125 0.203125
29 0.30703125 0.56171875 0.0859375 0.2046875
28 0.36484375 0.575 0.0515625 0.18125
27 0.4015625 0.5796875 0.0515625 0.178125
24 0.4984375 0.57421875 0.03125 0.1390625
25 0.465625 0.58828125 0.0328125 0.1515625
26 0.43046875 0.59296875 0.040625 0.18046875
16 0.5203125 0.59296875 0.03125 0.1734375
17 0.5484375 0.59921875 0.040625 0.1390625
18 0.58828125 0.60546875 0.0578125 0.1953125
19 0.62109375 0.59140625 0.059375 0.1984375
20 0.65859375 0.590625 0.06015625 0.20390625
22 0.78203125 0.5609375 0.09921875 0.21171875
23 0.853125 0.49921875 0.13046875 0.128125