6 0.2609375 0.45 0.05546875 0.165625
5 0.31328125 0.45234375 0.05703125 0.21640625
4 0.3578125 0.47890625 0.03515625 0.17109375
3 0.3921875 0.47421875 0.0390625 0.18125
2 0.4296875 0.47265625 0.0390625 0.1953125
1 0.4640625 0.46875 0.03046875 0.1875
0 0.49609375 0.475 0.03671875 0.2078125
8 0.54609375 0.47734375 0.04296875 0.209375
9 0.5828125 0.47265625 0.03046875 0.18671875
10 0.61875 0.47421875 0.03671875 0.21015625
11 0.6546875 0.47265625 0.0390625 0.2
12 0.68984375 0.48203125 0.03515625 0.18515625
13 0.73359375 0.47265625 0.05703125 0.18359375
14 0.7859375 0.45859375 0.05546875 0.1671875
15 0.8125 0.3609375 0.06328125 0.0953125
31 0.1765625 0.59609375 0.05703125 0.11796875
30 0.23671875 0.62578125 0.0921875 0.190625
29 0.2953125 0.67578125 0.08984375 0.1796875
28 0.35625 0.68203125 0.04921875 0.1875
27 0.3984375 0.6859375 0.0390625 0.1953125
26 0.43984375 0.69453125 0.046875 0.1953125
25 0.47734375 0.6921875 0.0328125 0.17109375
24 0.51171875 0.69921875 0.021875 0.17734375
16 0.53984375 0.68984375 0.0265625 0.19140625
17 0.5703125 0.69453125 0.0265625 0.1796875
18 0.609375 0.7 0.03515625 0.2078125
19 0.6484375 0.696875 0.04296875 0.2015625
20 0.69296875 0.69609375 0.0453125 0.1953125
21 0.75234375 0.68046875 0.0859375 0.19375
22 0.81484375 0.6359375 0.0921875 0.19375
23 0.87265625 0.59765625 0.053125 0.10546875