31 0.165625 0.49921875 0.09140625 0.2109375
30 0.22578125 0.565625 0.1078125 0.24375
29 0.290625 0.60078125 0.1078125 0.22265625
23 0.8375 0.49921875 0.08515625 0.1984375
22 0.78046875 0.55625 0.0953125 0.225
21 0.7109375 0.59375 0.08515625 0.2375
20 0.65390625 0.62109375 0.05390625 0.2375
19 0.6171875 0.63359375 0.04765625 0.24609375
18 0.584375 0.634375 0.0640625 0.26484375
17 0.5390625 0.640625 0.02109375 0.22265625
16 0.51796875 0.60390625 0.0234375 0.190625
24 0.496875 0.6171875 0.03359375 0.209375
25 0.46953125 0.60546875 0.0375 0.20234375
26 0.43359375 0.62734375 0.05 0.23828125
27 0.39765625 0.63359375 0.04375 0.2375
28 0.3515625 0.63046875 0.05625 0.25234375
15 0.8203125 0.29609375 0.05625 0.1984375
14 0.76875 0.32265625 0.06015625 0.2140625
13 0.70625 0.33046875 0.06015625 0.225
7 0.1921875 0.29609375 0.06015625 0.18125
6 0.24921875 0.32734375 0.06640625 0.22265625
5 0.31875 0.346875 0.0703125 0.209375
4 0.35703125 0.37265625 0.0453125 0.23515625
3 0.39140625 0.38359375 0.0390625 0.2109375
2 0.43359375 0.35546875 0.0375 0.27109375
1 0.46875 0.35234375 0.0375 0.23984375
0 0.50234375 0.35703125 0.0375 0.24453125
12 0.6609375 0.33125 0.0390625 0.26015625
11 0.62265625 0.353125 0.04140625 0.2375
10 0.590625 0.40546875 0.02734375 0.15078125
9 0.5796875 0.28984375 0.0765625 0.25625
8 0.540625 0.3625 0.04765625 0.24765625