16 0.4921875 0.625 0.028125 0.19765625
17 0.5234375 0.6359375 0.02578125 0.1875
18 0.55234375 0.65 0.03203125 0.228125
19 0.5890625 0.61796875 0.05 0.16796875
24 0.4640625 0.6203125 0.028125 0.1875
25 0.434375 0.6390625 0.034375 0.1859375
26 0.4078125 0.64140625 0.03984375 0.2015625
27 0.3734375 0.63671875 0.05234375 0.2015625
30 0.21484375 0.54765625 0.0921875 0.159375
0 0.45 0.42890625 0.05234375 0.190625
1 0.40625 0.4203125 0.034375 0.19453125
2 0.3671875 0.4125 0.04453125 0.2421875
3 0.33125 0.453125 0.03203125 0.15078125
8 0.50234375 0.4359375 0.0484375 0.17734375
9 0.5421875 0.425 0.03203125 0.14375
10 0.578125 0.41015625 0.03984375 0.2296875
11 0.615625 0.4421875 0.034375 0.1734375
12 0.65859375 0.4265625 0.0484375 0.1578125
13 0.71015625 0.421875 0.05390625 0.1765625