5 0.2765625 0.41875 0.06875 0.21171875
3 0.35546875 0.41953125 0.04296875 0.2140625
2 0.390625 0.421875 0.04296875 0.25
1 0.428125 0.45078125 0.0390625 0.21015625
0 0.47265625 0.42421875 0.04296875 0.2546875
8 0.51640625 0.42734375 0.053125 0.2296875
9 0.5578125 0.421875 0.0484375 0.22265625
10 0.5984375 0.39609375 0.0453125 0.26484375
11 0.6328125 0.4015625 0.05859375 0.2140625
14 0.725 0.3609375 0.0765625 0.20625
22 0.77421875 0.5140625 0.0953125 0.1765625
21 0.73359375 0.59453125 0.115625 0.184375
20 0.6609375 0.6375 0.05625 0.20390625
19 0.61875 0.6546875 0.04296875 0.20390625
18 0.58125 0.6859375 0.0484375 0.23046875
17 0.540625 0.6625 0.03125 0.1765625
16 0.5140625 0.65546875 0.03125 0.159375
24 0.4859375 0.653125 0.0359375 0.15703125
25 0.465625 0.67109375 0.040625 0.19453125
26 0.4265625 0.66015625 0.0453125 0.18359375
27 0.38125 0.65390625 0.046875 0.17890625
28 0.3390625 0.64609375 0.0453125 0.20625