31 0.1609375 0.584375 0.0765625 0.1921875
30 0.21875 0.621875 0.09765625 0.2015625
29 0.28828125 0.653125 0.084375 0.19609375
28 0.33671875 0.67421875 0.0640625 0.2
27 0.3859375 0.6734375 0.0484375 0.1796875
26 0.42890625 0.66171875 0.0375 0.175
25 0.46015625 0.6546875 0.0328125 0.1765625
24 0.490625 0.64609375 0.02734375 0.159375
16 0.5171875 0.64765625 0.02734375 0.16328125
17 0.5484375 0.6421875 0.03515625 0.15546875
18 0.58125 0.65703125 0.0328125 0.16484375
19 0.6171875 0.66875 0.046875 0.19609375
20 0.6640625 0.6734375 0.046875 0.20625
21 0.725 0.6609375 0.08203125 0.2015625
22 0.803125 0.61171875 0.09765625 0.18046875
7 0.171875 0.3921875 0.0625 0.13984375
6 0.21953125 0.4265625 0.0640625 0.1703125
5 0.2734375 0.4421875 0.05859375 0.16484375
4 0.3265625 0.440625 0.04296875 0.19453125
3 0.36640625 0.43359375 0.0375 0.21875
2 0.40546875 0.4234375 0.0375 0.21796875
1 0.44375 0.440625 0.0390625 0.18671875
0 0.48359375 0.43828125 0.040625 0.209375
8 0.52421875 0.44296875 0.0375 0.1984375
9 0.56328125 0.4359375 0.0375 0.21171875
10 0.6015625 0.428125 0.0390625 0.19609375
11 0.646875 0.434375 0.04296875 0.215625
12 0.678125 0.4390625 0.04296875 0.19921875
13 0.7296875 0.4359375 0.0609375 0.1921875
14 0.78046875 0.4125 0.06875 0.21953125
15 0.82890625 0.4 0.071875 0.18671875