31 0.2138671875 0.484375 0.2041015625 0.484375 0.19140625 0.5029296875 0.173828125 0.5654296875 0.171875 0.6005859375 0.189453125 0.6220703125 0.23828125 0.5673828125 0.24609375 0.5439453125 0.244140625 0.5166015625 0.2138671875 0.484375
30 0.25390625 0.6109375 0.0859375 0.17109375
29 0.3125 0.628125 0.078125 0.1671875
28 0.3609375 0.66328125 0.05078125 0.19453125
27 0.396875 0.66953125 0.04296875 0.190625
26 0.4296875 0.678125 0.03125 0.19609375
25 0.4578125 0.66640625 0.025 0.16875
24 0.4828125 0.66953125 0.0234375 0.16328125
16 0.50859375 0.67265625 0.02265625 0.16875
17 0.5328125 0.66875 0.0203125 0.15703125
18 0.56328125 0.67109375 0.0296875 0.1671875
19 0.59765625 0.6578125 0.046875 0.15546875
20 0.63671875 0.65390625 0.0546875 0.17109375
21 0.68125 0.6390625 0.07421875 0.18046875
22 0.740625 0.61171875 0.0859375 0.1609375
23 0.7859375 0.56875 0.06875 0.14453125
15 0.7875 0.4203125 0.05078125 0.13359375
14 0.73828125 0.4328125 0.05078125 0.16328125
13 0.68671875 0.43515625 0.053125 0.15546875
7 0.21875 0.42109375 0.0546875 0.12421875
6 0.271875 0.43046875 0.0546875 0.153125
4 0.340625 0.428125 0.0328125 0.18828125
3 0.378125 0.4421875 0.0375 0.19609375
2 0.4109375 0.440625 0.0375 0.2296875
1 0.44140625 0.46171875 0.03515625 0.1921875
0 0.47578125 0.4703125 0.0375 0.1875
8 0.5125 0.47109375 0.0328125 0.184375
9 0.546875 0.46640625 0.03125 0.20234375
10 0.58125 0.4546875 0.0328125 0.221875
11 0.6125 0.46640625 0.040625 0.1671875