7 0.178125 0.26953125 0.06875 0.109375
6 0.21875 0.35078125 0.09609375 0.22734375
5 0.27890625 0.37265625 0.0625 0.23359375
4 0.33125 0.375 0.04609375 0.25
3 0.37578125 0.375 0.05234375 0.27109375
2 0.41875 0.37890625 0.05 0.29140625
1 0.46796875 0.38671875 0.05625 0.28984375
0 0.49609375 0.40390625 0.04140625 0.284375
8 0.540625 0.40625 0.04375 0.29609375
9 0.578125 0.44375 0.02734375 0.21640625
10 0.61796875 0.43515625 0.04375 0.21640625
11 0.65390625 0.42734375 0.04140625 0.20859375
12 0.69375 0.39765625 0.0375 0.24140625
13 0.740625 0.390625 0.05625 0.23515625
14 0.79296875 0.37421875 0.06484375 0.20625
15 0.81953125 0.30625 0.05703125 0.1
31 0.11484375 0.53125 0.07109375 0.14140625
30 0.18046875 0.59375 0.11015625 0.20859375
29 0.25234375 0.646875 0.10390625 0.23125
28 0.3171875 0.65703125 0.053125 0.22734375
27 0.365625 0.65859375 0.05625 0.21640625
26 0.4171875 0.66484375 0.06171875 0.2
25 0.465625 0.65703125 0.02734375 0.15234375
24 0.49765625 0.66484375 0.02890625 0.1625
16 0.52890625 0.66875 0.02109375 0.17109375
17 0.55859375 0.67890625 0.02890625 0.17890625
18 0.6015625 0.68828125 0.053125 0.21015625
19 0.634375 0.67421875 0.03984375 0.18125
20 0.671875 0.6625 0.03984375 0.1875
21 0.73671875 0.65703125 0.08984375 0.21484375
22 0.80234375 0.6125 0.09609375 0.20859375
23 0.853125 0.57265625 0.06484375 0.12109375