28 0.2796875 0.721875 0.05390625 0.25625
27 0.32265625 0.7109375 0.0484375 0.2734375
26 0.35859375 0.68125 0.05625 0.25703125
25 0.39765625 0.659375 0.046875 0.22734375
24 0.425 0.64453125 0.03515625 0.20546875
16 0.4515625 0.6390625 0.03359375 0.2125
17 0.4828125 0.6609375 0.034375 0.2421875
18 0.51484375 0.67109375 0.0421875 0.27109375
19 0.55546875 0.68671875 0.0453125 0.27734375
20 0.5984375 0.68359375 0.0609375 0.24921875
21 0.66015625 0.6828125 0.0890625 0.246875
7 0.1578125 0.52265625 0.07578125 0.1921875
6 0.23984375 0.5 0.10546875 0.2203125
4 0.30390625 0.45859375 0.0375 0.1984375
15 0.72109375 0.4984375 0.0625 0.1734375
14 0.66640625 0.45390625 0.084375 0.2109375