7 0.2015625 0.3703125 0.05078125 0.14765625
6 0.23828125 0.4421875 0.0625 0.2078125
15 0.8 0.38984375 0.053125 0.14765625
14 0.76484375 0.4796875 0.0609375 0.175
13 0.71171875 0.49375 0.05625 0.203125
12 0.665625 0.496875 0.0390625 0.2078125
10 0.58515625 0.5015625 0.040625 0.24140625
23 0.828125 0.63828125 0.078125 0.15546875
22 0.7640625 0.6859375 0.08984375 0.20703125
21 0.7015625 0.721875 0.08984375 0.2140625
20 0.6390625 0.7359375 0.05859375 0.21015625
19 0.596875 0.7375 0.040625 0.21015625
18 0.55625 0.73671875 0.0390625 0.20390625
31 0.18046875 0.6046875 0.0640625 0.13203125
30 0.23359375 0.6609375 0.084375 0.19609375
29 0.28828125 0.6921875 0.084375 0.20390625
28 0.33671875 0.7140625 0.0609375 0.20234375
27 0.3765625 0.7125 0.046875 0.18671875
26 0.40703125 0.7359375 0.053125 0.21796875
25 0.4484375 0.7140625 0.0328125 0.17109375
9 0.5484375 0.49296875 0.04296875 0.2390625
5 0.28515625 0.47734375 0.05078125 0.18828125
4 0.3265625 0.496875 0.0390625 0.18046875
2 0.39765625 0.5015625 0.0375 0.21796875
1 0.43359375 0.5046875 0.03515625 0.2078125
0 0.46796875 0.51796875 0.0484375 0.184375
8 0.51171875 0.50859375 0.046875 0.2109375
24 0.475 0.72265625 0.0265625 0.15703125
16 0.4953125 0.728125 0.0296875 0.1375
17 0.521875 0.725 0.0296875 0.171875
17 0.6292968390625 0.3871093765625 0.619706440625 0.415796178125 0.616365096875 0.485995715625 0.6292968390625 0.3871093765625
17 0.60252181875 0.5533360921875 0.6040840359375 0.5799064375 0.6110424671875 0.5266967593749999 0.60252181875 0.5533360921875
11 0.6296875 0.50859375 0.0484375 0.2328125
3 0.3609375 0.5015625 0.0390625 0.1984375