31 0.1484375 0.54921875 0.0875 0.18515625
30 0.21796875 0.58671875 0.09140625 0.2171875
29 0.278125 0.62578125 0.0796875 0.23125
28 0.3375 0.63515625 0.0515625 0.20703125
27 0.38359375 0.66484375 0.0453125 0.2546875
26 0.42421875 0.684375 0.0515625 0.30859375
25 0.46640625 0.6328125 0.028125 0.1703125
24 0.49609375 0.65234375 0.0234375 0.1421875
16 0.5265625 0.65546875 0.02578125 0.14375
17 0.5515625 0.640625 0.03203125 0.17734375
23 0.85703125 0.546875 0.07578125 0.18984375
22 0.79375 0.59296875 0.08359375 0.21328125
21 0.73046875 0.628125 0.08359375 0.2328125
20 0.67265625 0.65546875 0.05546875 0.23515625
19 0.628125 0.67734375 0.0453125 0.27109375
18 0.5953125 0.67421875 0.05546875 0.2765625
6 0.2125 0.3609375 0.059375 0.2171875
5 0.2734375 0.3578125 0.059375 0.2390625
4 0.32265625 0.3984375 0.0453125 0.209375
3 0.36171875 0.40390625 0.04140625 0.22890625
2 0.40546875 0.39921875 0.04921875 0.25078125
1 0.4546875 0.39375 0.04765625 0.25625
0 0.4921875 0.39296875 0.03984375 0.27109375
8 0.534375 0.3921875 0.0453125 0.2765625
9 0.57578125 0.41015625 0.03203125 0.22109375
10 0.61484375 0.39453125 0.04375 0.2765625
11 0.6515625 0.41015625 0.0375 0.2328125
12 0.68984375 0.40625 0.0453125 0.21328125
13 0.7328125 0.36640625 0.0453125 0.12890625
14 0.790625 0.38828125 0.0578125 0.16953125