6 0.22109375 0.36640625 0.06328125 0.18359375
5 0.27890625 0.38984375 0.059375 0.1984375
4 0.328125 0.396875 0.03984375 0.2125
3 0.36875 0.396875 0.0453125 0.2375
2 0.409375 0.39609375 0.03984375 0.2671875
1 0.44765625 0.41328125 0.03359375 0.23828125
0 0.4875 0.42421875 0.04140625 0.2359375
8 0.53046875 0.40234375 0.04140625 0.27578125
9 0.56796875 0.40859375 0.03359375 0.24375
10 0.6078125 0.39375 0.04140625 0.265625
11 0.6484375 0.396875 0.04375 0.2359375
12 0.6890625 0.39609375 0.04140625 0.2265625
13 0.72421875 0.3921875 0.096875 0.23046875
14 0.8015625 0.371875 0.06484375 0.17890625
23 0.8546875 0.54921875 0.08515625 0.14921875
22 0.79453125 0.609375 0.1109375 0.21015625
20 0.6765625 0.66875 0.0453125 0.23046875
19 0.63125 0.65859375 0.04140625 0.1984375
18 0.59453125 0.66640625 0.04765625 0.21015625
17 0.55546875 0.65390625 0.03125 0.1765625
16 0.5265625 0.64765625 0.02578125 0.1609375
24 0.49921875 0.6484375 0.0296875 0.17109375
25 0.4703125 0.65234375 0.03125 0.17109375
26 0.43671875 0.6453125 0.0359375 0.16015625
27 0.39609375 0.66484375 0.04140625 0.20625
28 0.35 0.66640625 0.0515625 0.23046875
30 0.2421875 0.609375 0.1046875 0.20625
31 0.18046875 0.55703125 0.0890625 0.14921875