7 0.23515625 0.2890625 0.0609375 0.13046875
6 0.2703125 0.365625 0.09296875 0.23515625
5 0.3140625 0.41328125 0.06328125 0.23203125
4 0.36796875 0.425 0.04453125 0.25078125
3 0.41328125 0.4375 0.05078125 0.259375
2 0.45234375 0.4484375 0.04453125 0.2765625
1 0.490625 0.4578125 0.0359375 0.26171875
0 0.528125 0.4671875 0.03984375 0.28046875
8 0.571875 0.471875 0.0421875 0.2765625
9 0.609375 0.471875 0.03359375 0.23828125
10 0.646875 0.4515625 0.04453125 0.253125
11 0.684375 0.44140625 0.04453125 0.23515625
12 0.72578125 0.43203125 0.03828125 0.21640625
13 0.77421875 0.41640625 0.059375 0.1875
14 0.821875 0.35625 0.065625 0.21484375
15 0.8453125 0.2640625 0.0609375 0.12265625
31 0.16015625 0.57265625 0.07578125 0.1375
30 0.2375 0.603125 0.11171875 0.18984375
29 0.31015625 0.66796875 0.10546875 0.2171875
28 0.3703125 0.7046875 0.07421875 0.21484375
27 0.4296875 0.71328125 0.0484375 0.2109375
26 0.46953125 0.72578125 0.03984375 0.2109375
25 0.503125 0.7203125 0.03203125 0.1796875
24 0.53359375 0.71953125 0.03046875 0.16484375
16 0.56015625 0.721875 0.02734375 0.16328125
17 0.58984375 0.7171875 0.03203125 0.1859375
18 0.62578125 0.71796875 0.0359375 0.22578125
19 0.665625 0.69921875 0.053125 0.2015625
20 0.71640625 0.68671875 0.06953125 0.2171875
21 0.775 0.6453125 0.0953125 0.2109375
22 0.84140625 0.58046875 0.10546875 0.1859375
23 0.90625 0.5421875 0.06953125 0.13515625