23 0.871875 0.5078125 0.08671875 0.19765625
22 0.81171875 0.553125 0.0953125 0.2265625
21 0.74609375 0.603125 0.0953125 0.23828125
20 0.6921875 0.63359375 0.0703125 0.259375
19 0.63671875 0.63359375 0.04921875 0.24296875
18 0.5984375 0.63515625 0.04375 0.24453125
17 0.55078125 0.6296875 0.03515625 0.209375
16 0.5171875 0.62890625 0.02578125 0.19921875
24 0.48984375 0.6203125 0.025 0.17890625
25 0.4609375 0.63671875 0.0328125 0.203125
26 0.4125 0.6640625 0.0515625 0.278125
27 0.37421875 0.6421875 0.05390625 0.234375
28 0.33125 0.63046875 0.0640625 0.2203125
29 0.2796875 0.6140625 0.084375 0.2328125
30 0.2171875 0.578125 0.0828125 0.23046875
31 0.15625 0.54765625 0.07265625 0.17421875
13 0.746875 0.3609375 0.0640625 0.209375
0 0.4828125 0.38671875 0.04375 0.240625
10 0.6125 0.36484375 0.04765625 0.28828125
15 0.85625 0.2734375 0.0671875 0.1703125
14 0.80546875 0.325 0.07421875 0.2125
12 0.69375 0.35390625 0.05234375 0.2609375
11 0.66015625 0.34296875 0.03671875 0.26953125
7 0.18828125 0.30703125 0.0859375 0.18828125
6 0.228125 0.34609375 0.07109375 0.23671875
5 0.28125 0.36796875 0.06484375 0.2390625
4 0.3296875 0.3671875 0.05078125 0.2703125
3 0.37109375 0.39140625 0.05625 0.2359375
2 0.40390625 0.38359375 0.05078125 0.2671875
1 0.43984375 0.37578125 0.04453125 0.26328125
8 0.52578125 0.36875 0.0546875 0.2703125
9 0.5671875 0.36875 0.0546875 0.25703125