6 0.27265625 0.53515625 0.05546875 0.19296875
5 0.32421875 0.5328125 0.06328125 0.21640625
4 0.3765625 0.528125 0.04140625 0.18671875
3 0.40390625 0.52421875 0.0296875 0.190625
2 0.43515625 0.5234375 0.0359375 0.19296875
14 0.77734375 0.51015625 0.053125 0.19375
13 0.7328125 0.5296875 0.04765625 0.209375
12 0.6828125 0.5421875 0.053125 0.20234375
11 0.64140625 0.534375 0.03359375 0.1828125
10 0.6078125 0.53046875 0.03359375 0.20234375
28 0.3390625 0.72578125 0.05703125 0.19453125
27 0.38203125 0.728125 0.04140625 0.190625
26 0.4171875 0.73203125 0.03125 0.1984375
23 0.78828125 0.66640625 0.09453125 0.12734375
20 0.65625 0.7453125 0.03984375 0.2140625
19 0.6203125 0.734375 0.03125 0.18515625
18 0.58828125 0.72890625 0.03359375 0.19375