7 0.165625 0.41796875 0.05859375 0.16875
6 0.21953125 0.41953125 0.05703125 0.20859375
5 0.28046875 0.4484375 0.0609375 0.1859375
4 0.31875 0.428125 0.04453125 0.234375
3 0.36171875 0.4296875 0.04453125 0.240625
2 0.39296875 0.41328125 0.05859375 0.25
1 0.4359375 0.41015625 0.05078125 0.23046875
0 0.47734375 0.40078125 0.053125 0.2328125
8 0.528125 0.39453125 0.04453125 0.22421875
9 0.56875 0.39609375 0.03671875 0.234375
10 0.6109375 0.4078125 0.05078125 0.23046875
11 0.6515625 0.40703125 0.03828125 0.2328125
12 0.68828125 0.403125 0.046875 0.240625
13 0.73984375 0.4203125 0.06484375 0.21875
14 0.796875 0.40390625 0.053125 0.1859375
15 0.8546875 0.390625 0.06328125 0.171875
31 0.16171875 0.60234375 0.11171875 0.19609375
30 0.234375 0.65390625 0.08359375 0.20625
28 0.3625 0.68203125 0.034375 0.24296875
27 0.40625 0.68125 0.0484375 0.2328125
26 0.44296875 0.67109375 0.03828125 0.26640625
16 0.5265625 0.621875 0.02421875 0.20703125
17 0.55625 0.6359375 0.0265625 0.2140625
18 0.5890625 0.6609375 0.040625 0.28125
19 0.628125 0.65625 0.040625 0.259375
20 0.671875 0.659375 0.05078125 0.24921875
22 0.78984375 0.62421875 0.0953125 0.1921875
24 0.49375 0.64765625 0.03203125 0.20859375
25 0.47578125 0.628125 0.021875 0.18515625
29 0.3078125 0.64609375 0.07890625 0.17890625