7 0.11953125 0.4234375 0.059375 0.19375
6 0.17578125 0.434375 0.06171875 0.225
5 0.24375 0.4359375 0.075 0.24921875
4 0.29609375 0.45 0.03984375 0.23359375
3 0.3375 0.434375 0.05234375 0.2640625
2 0.38671875 0.4203125 0.06328125 0.3015625
1 0.43984375 0.45 0.05078125 0.22890625
0 0.4890625 0.4328125 0.0484375 0.2609375
9 0.5890625 0.4421875 0.04609375 0.253125
10 0.63046875 0.44765625 0.05078125 0.26875
11 0.6734375 0.44609375 0.04375 0.2640625
12 0.71015625 0.44765625 0.03984375 0.25546875
13 0.7609375 0.43671875 0.065625 0.2640625
14 0.8203125 0.421875 0.05234375 0.26015625
15 0.87265625 0.4109375 0.05703125 0.2171875
31 0.12421875 0.628125 0.09453125 0.203125
30 0.18828125 0.67265625 0.096875 0.22265625
29 0.26953125 0.70234375 0.096875 0.25078125
28 0.33125 0.71640625 0.06171875 0.253125
27 0.378125 0.725 0.0546875 0.253125
26 0.42890625 0.69765625 0.0546875 0.225
23 0.8796875 0.61796875 0.0875 0.19609375
22 0.82109375 0.675 0.08515625 0.21796875
21 0.75546875 0.70234375 0.09453125 0.23359375
20 0.6953125 0.71953125 0.0484375 0.246875
19 0.65 0.7234375 0.0375 0.24453125
18 0.6140625 0.72734375 0.05234375 0.253125
17 0.57265625 0.71015625 0.03515625 0.2140625
16 0.53828125 0.6890625 0.028125 0.1765625
24 0.50703125 0.69609375 0.03984375 0.17265625
25 0.471875 0.696875 0.04765625 0.18203125
8 0.5375 0.4484375 0.053125 0.246875