30 0.20546875 0.646875 0.0875 0.196875
29 0.27578125 0.68125 0.1109375 0.225
28 0.3375 0.70546875 0.06171875 0.23203125
27 0.38125 0.71484375 0.05546875 0.2390625
26 0.425 0.7234375 0.0515625 0.23671875
25 0.46796875 0.71640625 0.0328125 0.21015625
24 0.50390625 0.7046875 0.0421875 0.175
16 0.5296875 0.703125 0.03828125 0.16796875
17 0.5625 0.7125 0.03984375 0.18203125
18 0.60078125 0.74296875 0.04375 0.24375
19 0.646875 0.74765625 0.046875 0.228125
20 0.68671875 0.74453125 0.0625 0.25
21 0.74609375 0.70625 0.0921875 0.23359375
23 0.8453125 0.64609375 0.08125 0.17890625
6 0.2484375 0.43828125 0.0671875 0.18671875
5 0.3109375 0.4609375 0.06875 0.20703125
3 0.365625 0.45078125 0.04921875 0.221875
2 0.40703125 0.46875 0.04765625 0.21484375
1 0.44921875 0.4734375 0.05625 0.20859375
0 0.49453125 0.47421875 0.046875 0.2203125
8 0.54375 0.47890625 0.04375 0.2453125
9 0.59140625 0.47578125 0.046875 0.2390625
10 0.625 0.47421875 0.0453125 0.23828125
11 0.66171875 0.4734375 0.0484375 0.221875
12 0.69609375 0.45703125 0.0421875 0.23203125
13 0.74765625 0.45 0.06015625 0.2109375
14 0.80234375 0.4484375 0.0609375 0.190625