31 0.14375 0.6109375 0.06328125 0.12265625
7 0.19765625 0.36953125 0.06875 0.1328125
6 0.2265625 0.453125 0.07109375 0.1734375
5 0.290625 0.45703125 0.06484375 0.2015625
4 0.34765625 0.46328125 0.04921875 0.209375
3 0.38359375 0.46875 0.03125 0.209375
2 0.421875 0.459375 0.04921875 0.19453125
15 0.82265625 0.36875 0.0671875 0.128125
14 0.796875 0.4484375 0.06328125 0.18046875
13 0.74140625 0.4671875 0.05703125 0.19375
12 0.69296875 0.46796875 0.0390625 0.2
11 0.65234375 0.47265625 0.04140625 0.2015625
10 0.61796875 0.471875 0.0390625 0.18828125
9 0.5828125 0.4765625 0.03515625 0.2125
8 0.54609375 0.4671875 0.0453125 0.20546875
0 0.50234375 0.4671875 0.0390625 0.19375
1 0.46328125 0.49140625 0.0375 0.15625
30 0.2 0.63671875 0.084375 0.1828125
29 0.26875 0.6953125 0.09609375 0.21328125
28 0.33671875 0.7 0.05546875 0.20390625
27 0.38125 0.7109375 0.0375 0.21328125
26 0.421875 0.7109375 0.04921875 0.2296875
25 0.465625 0.67265625 0.03359375 0.15234375
24 0.5 0.66953125 0.02734375 0.1625
16 0.5328125 0.66796875 0.0296875 0.1546875
17 0.56328125 0.68515625 0.03125 0.17421875
18 0.60234375 0.70703125 0.03515625 0.22421875
19 0.640625 0.70859375 0.0375 0.2046875
20 0.6828125 0.70625 0.04296875 0.2
21 0.7421875 0.6921875 0.0828125 0.2078125
22 0.82265625 0.6359375 0.1140625 0.17421875
23 0.8546875 0.60859375 0.059375 0.11875