7 0.1875 0.39453125 0.06484375 0.19921875
6 0.23203125 0.42578125 0.05625 0.2015625
5 0.28984375 0.4328125 0.06953125 0.215625
4 0.34296875 0.43515625 0.0359375 0.221875
3 0.3796875 0.43515625 0.03828125 0.24609375
2 0.41953125 0.45390625 0.0484375 0.22578125
1 0.46171875 0.46640625 0.0359375 0.19921875
0 0.49921875 0.465625 0.0421875 0.2140625
8 0.54296875 0.46484375 0.0421875 0.21953125
9 0.58203125 0.47265625 0.034375 0.20390625
10 0.61875 0.459375 0.0359375 0.221875
11 0.65390625 0.45390625 0.03828125 0.2140625
12 0.68671875 0.44921875 0.03828125 0.209375
13 0.73046875 0.440625 0.05078125 0.1875
14 0.77890625 0.43046875 0.05078125 0.21171875
15 0.82890625 0.42265625 0.05234375 0.1875
31 0.16328125 0.64140625 0.08046875 0.18515625
30 0.2265625 0.653125 0.08671875 0.2015625
29 0.2921875 0.6765625 0.096875 0.1984375
28 0.359375 0.684375 0.04765625 0.215625
27 0.39609375 0.6828125 0.0421875 0.1875
26 0.43984375 0.6765625 0.040625 0.1796875
25 0.4765625 0.69453125 0.03828125 0.19140625
24 0.50390625 0.69609375 0.03203125 0.1921875
16 0.53125 0.68046875 0.03203125 0.1515625
17 0.56015625 0.68984375 0.0359375 0.1734375
18 0.59609375 0.69375 0.0421875 0.19375
19 0.63828125 0.6921875 0.05078125 0.1875
20 0.66796875 0.6984375 0.05859375 0.215625
21 0.72578125 0.68671875 0.0765625 0.2078125
22 0.7890625 0.659375 0.0828125 0.2015625
23 0.85 0.6453125 0.07421875 0.18515625