7 0.18828125 0.29375 0.06171875 0.17890625
6 0.23828125 0.321875 0.06015625 0.19765625
5 0.2890625 0.3328125 0.059375 0.2078125
4 0.33515625 0.35078125 0.053125 0.21484375
3 0.37578125 0.35625 0.03984375 0.22265625
2 0.41484375 0.353125 0.040625 0.26875
1 0.44609375 0.35859375 0.04296875 0.22578125
0 0.4859375 0.37109375 0.05703125 0.2140625
8 0.53125 0.3609375 0.0453125 0.23046875
9 0.57109375 0.35078125 0.04140625 0.23984375
10 0.6109375 0.3515625 0.0421875 0.27421875
11 0.653125 0.34609375 0.04765625 0.24296875
12 0.69140625 0.3046875 0.0296875 0.16328125
13 0.7375 0.32578125 0.06171875 0.18984375
14 0.79609375 0.2953125 0.06484375 0.2109375
31 0.1609375 0.45546875 0.11328125 0.18828125
30 0.2203125 0.51015625 0.109375 0.21484375
29 0.24609375 0.60234375 0.07109375 0.15078125
28 0.34453125 0.56171875 0.04375 0.20859375
27 0.38515625 0.56875 0.0546875 0.2015625
26 0.41953125 0.58515625 0.05078125 0.19453125
25 0.45859375 0.59453125 0.03828125 0.1796875
24 0.4890625 0.603125 0.03515625 0.17265625
16 0.53046875 0.58828125 0.03984375 0.159375
17 0.56640625 0.5765625 0.046875 0.153125
18 0.603125 0.57734375 0.0546875 0.178125
19 0.64609375 0.5703125 0.0578125 0.2140625
20 0.6828125 0.55703125 0.0625 0.22421875
21 0.74765625 0.52890625 0.09921875 0.225
22 0.81015625 0.5015625 0.09765625 0.20546875