31 0.1953125 0.51171875 0.0921875 0.21328125
30 0.25625 0.5796875 0.109375 0.246875
29 0.32109375 0.61484375 0.109375 0.22578125
23 0.875 0.51171875 0.0859375 0.20078125
22 0.8171875 0.56953125 0.096875 0.228125
21 0.746875 0.6078125 0.0859375 0.240625
20 0.6890625 0.63515625 0.0546875 0.240625
19 0.65234375 0.64765625 0.0484375 0.24921875
18 0.61875 0.6484375 0.06484375 0.26796875
17 0.5734375 0.6546875 0.02109375 0.22578125
16 0.55234375 0.61796875 0.02421875 0.19296875
24 0.53046875 0.63125 0.03359375 0.21171875
25 0.50234375 0.61953125 0.0375 0.2046875
26 0.46640625 0.6421875 0.05078125 0.24140625
27 0.4296875 0.64765625 0.04375 0.240625
28 0.38359375 0.64453125 0.05703125 0.25546875
15 0.8578125 0.30625 0.05703125 0.20078125
14 0.80546875 0.3328125 0.0609375 0.21640625
13 0.74296875 0.340625 0.0609375 0.228125
7 0.221875 0.30625 0.0609375 0.18359375
6 0.2796875 0.3375 0.0671875 0.22578125
5 0.35 0.3578125 0.07109375 0.21171875
4 0.38828125 0.38359375 0.04609375 0.23828125
3 0.4234375 0.39453125 0.03984375 0.21328125
2 0.46640625 0.36640625 0.0375 0.27421875
1 0.50234375 0.36328125 0.0375 0.24296875
0 0.5359375 0.36796875 0.0375 0.24765625
12 0.69609375 0.3421875 0.03984375 0.26328125
11 0.6578125 0.3640625 0.0421875 0.240625
10 0.625 0.41640625 0.02734375 0.15234375
9 0.61484375 0.3 0.07734375 0.259375
8 0.57421875 0.3734375 0.0484375 0.25078125