6 0.26796875 0.428125 0.053125 0.19375
5 0.3234375 0.4203125 0.05703125 0.1984375
4 0.36796875 0.4203125 0.03671875 0.1984375
3 0.403125 0.41015625 0.03828125 0.22265625
2 0.43828125 0.41796875 0.03828125 0.2421875
1 0.4765625 0.4265625 0.034375 0.215625
0 0.50390625 0.428125 0.04453125 0.21875
8 0.54765625 0.4234375 0.046875 0.253125
9 0.584375 0.44296875 0.03046875 0.21015625
10 0.61953125 0.43359375 0.04453125 0.240625
11 0.65625 0.43203125 0.03671875 0.21328125
12 0.6890625 0.43828125 0.040625 0.21015625
13 0.7375 0.44140625 0.05703125 0.18359375
14 0.79375 0.43359375 0.05078125 0.1796875
22 0.790625 0.6375 0.0890625 0.18203125
28 0.34921875 0.684375 0.04453125 0.2390625
27 0.39296875 0.68359375 0.046875 0.2203125
26 0.42890625 0.67890625 0.040625 0.21171875
25 0.46640625 0.66484375 0.03046875 0.2
24 0.48984375 0.66640625 0.02421875 0.1859375
16 0.51796875 0.64921875 0.028125 0.1515625
17 0.5515625 0.6734375 0.03828125 0.2
18 0.58828125 0.696875 0.03828125 0.24296875
19 0.62890625 0.7078125 0.04296875 0.23671875