7 0.2234375 0.30703125 0.05546875 0.09609375
6 0.246875 0.403125 0.07734375 0.1859375
5 0.28671875 0.44296875 0.0671875 0.21640625
4 0.3296875 0.44453125 0.0390625 0.2375
3 0.3703125 0.45 0.04296875 0.24296875
2 0.40390625 0.44921875 0.03671875 0.24453125
1 0.44296875 0.4734375 0.0328125 0.2078125
0 0.48125 0.465625 0.04453125 0.24921875
8 0.52578125 0.4609375 0.04296875 0.253125
9 0.5578125 0.45390625 0.04296875 0.22265625
10 0.59296875 0.4234375 0.034375 0.234375
11 0.61640625 0.4421875 0.0328125 0.24296875
12 0.646875 0.44765625 0.040625 0.23046875
13 0.69453125 0.4421875 0.05546875 0.21015625
14 0.7421875 0.43046875 0.06328125 0.16875
15 0.76328125 0.3203125 0.053125 0.09765625
31 0.15234375 0.59765625 0.05078125 0.1265625
30 0.20703125 0.63125 0.0875 0.17734375
29 0.26953125 0.6890625 0.09375 0.20234375
28 0.3328125 0.72890625 0.05703125 0.2078125
27 0.3796875 0.734375 0.040625 0.2203125
26 0.4203125 0.7140625 0.03671875 0.21640625
25 0.45546875 0.709375 0.02890625 0.18984375
24 0.4828125 0.703125 0.0265625 0.1734375
16 0.5078125 0.7078125 0.02421875 0.1796875
17 0.534375 0.71875 0.0328125 0.18671875
18 0.5671875 0.7296875 0.040625 0.234375
19 0.6078125 0.73359375 0.040625 0.1859375
20 0.65234375 0.7234375 0.06328125 0.20625
21 0.7125 0.69296875 0.09375 0.2140625
22 0.7734375 0.64296875 0.0859375 0.1875
23 0.82890625 0.60546875 0.05703125 0.13671875