7 0.2390625 0.24765625 0.08984375 0.13046875
6 0.2640625 0.3734375 0.06171875 0.203125
5 0.3265625 0.37109375 0.0671875 0.21796875
4 0.37734375 0.36484375 0.05078125 0.23671875
3 0.4171875 0.37109375 0.05234375 0.22109375
2 0.44375 0.36796875 0.05859375 0.24296875
1 0.475 0.37578125 0.04609375 0.2390625
0 0.50703125 0.38828125 0.04453125 0.27109375
8 0.54609375 0.39140625 0.040625 0.2671875
9 0.57578125 0.3875 0.04453125 0.259375
10 0.61484375 0.37890625 0.04140625 0.2609375
11 0.64296875 0.38515625 0.04375 0.24921875
12 0.678125 0.38671875 0.0421875 0.23671875
13 0.7265625 0.37890625 0.06171875 0.2296875
14 0.7765625 0.37578125 0.0609375 0.21484375
15 0.79296875 0.2640625 0.08828125 0.121875
31 0.1828125 0.57578125 0.0765625 0.1359375
30 0.24140625 0.6 0.10703125 0.20703125
29 0.31328125 0.646875 0.10625 0.24140625
28 0.3796875 0.65546875 0.0484375 0.2359375
27 0.41875 0.62265625 0.03984375 0.2015625
26 0.45078125 0.65859375 0.05 0.29609375
25 0.4890625 0.64296875 0.0515625 0.21484375
24 0.50390625 0.6140625 0.03828125 0.2
16 0.52890625 0.640625 0.034375 0.20625
17 0.55390625 0.6390625 0.03203125 0.2
18 0.5859375 0.6796875 0.03359375 0.26875
19 0.621875 0.68359375 0.03984375 0.25234375
20 0.6671875 0.675 0.0453125 0.2125
21 0.72890625 0.659375 0.09765625 0.228125
22 0.790625 0.61953125 0.09609375 0.1953125