7 0.19765625 0.2125 0.0828125 0.159375
6 0.2203125 0.32734375 0.09296875 0.203125
5 0.2765625 0.3609375 0.07265625 0.24609375
4 0.32734375 0.35390625 0.059375 0.2625
3 0.37265625 0.35 0.05703125 0.28828125
2 0.415625 0.3765625 0.05703125 0.28203125
1 0.44140625 0.3765625 0.03203125 0.26484375
0 0.475 0.39453125 0.04765625 0.2765625
8 0.52265625 0.3984375 0.0578125 0.26640625
9 0.56171875 0.3859375 0.05859375 0.2671875
10 0.5890625 0.33671875 0.0359375 0.2796875
11 0.609375 0.3640625 0.05546875 0.25625
12 0.6515625 0.35859375 0.04609375 0.24609375
13 0.7046875 0.35546875 0.0703125 0.21484375
14 0.75234375 0.3265625 0.0703125 0.18125
15 0.775 0.2390625 0.06640625 0.14765625
31 0.11796875 0.509375 0.10234375 0.16328125
30 0.1828125 0.56953125 0.10859375 0.22421875
29 0.24609375 0.61796875 0.0984375 0.234375
28 0.30859375 0.65703125 0.07734375 0.22734375
27 0.353125 0.6609375 0.0421875 0.2359375
26 0.384375 0.6578125 0.07890625 0.22578125
25 0.41875 0.68125 0.04140625 0.16484375
24 0.43828125 0.66015625 0.0421875 0.20859375
16 0.4671875 0.6515625 0.0359375 0.1953125
17 0.5 0.65703125 0.03828125 0.20546875
18 0.54140625 0.66015625 0.0515625 0.2640625
19 0.58125 0.6546875 0.06796875 0.2484375
20 0.63671875 0.65 0.0671875 0.25703125
22 0.740625 0.5765625 0.134375 0.2125
23 0.8046875 0.53046875 0.109375 0.175