7 0.16796875 0.29453125 0.07265625 0.16171875
6 0.20546875 0.36796875 0.06953125 0.19921875
5 0.2671875 0.403125 0.0609375 0.21953125
4 0.31171875 0.42421875 0.053125 0.1921875
3 0.35078125 0.41796875 0.05625 0.1984375
2 0.39453125 0.39140625 0.053125 0.2671875
1 0.44609375 0.4171875 0.04765625 0.209375
0 0.49296875 0.42734375 0.05625 0.2015625
8 0.54609375 0.4125 0.053125 0.215625
9 0.59453125 0.4203125 0.040625 0.234375
10 0.634375 0.4046875 0.0453125 0.265625
11 0.67109375 0.4234375 0.053125 0.209375
12 0.7078125 0.4140625 0.0515625 0.19765625
13 0.7515625 0.42109375 0.0734375 0.1734375
14 0.80390625 0.3703125 0.07578125 0.196875
15 0.8515625 0.3109375 0.06171875 0.15625
31 0.1640625 0.5515625 0.1171875 0.16875
30 0.2328125 0.62734375 0.12109375 0.2109375
28 0.325 0.6578125 0.0484375 0.209375
27 0.37109375 0.6625 0.046875 0.22265625
26 0.41484375 0.6625 0.04765625 0.246875
25 0.45625 0.65 0.05234375 0.21640625
24 0.490625 0.64140625 0.04609375 0.1890625
16 0.5265625 0.6453125 0.0453125 0.18828125
17 0.5640625 0.65078125 0.0421875 0.2234375
18 0.60625 0.6859375 0.0515625 0.265625
19 0.6421875 0.67734375 0.05234375 0.22421875
20 0.68125 0.67109375 0.04921875 0.2359375
22 0.7984375 0.61171875 0.1046875 0.2078125
23 0.859375 0.56640625 0.0890625 0.17109375