23 0.828125 0.51953125 0.065625 0.165625
22 0.76953125 0.54453125 0.0671875 0.1796875
15 0.8140625 0.3265625 0.046875 0.1015625
13 0.73046875 0.378125 0.0515625 0.16171875
31 0.20234375 0.54609375 0.06328125 0.1640625
30 0.25390625 0.56796875 0.0859375 0.18671875
29 0.31640625 0.61171875 0.08359375 0.240625
28 0.37109375 0.62265625 0.0515625 0.234375
27 0.403125 0.61640625 0.03671875 0.2171875
26 0.4453125 0.6296875 0.03984375 0.2140625
25 0.4765625 0.628125 0.0359375 0.1859375
24 0.50546875 0.63359375 0.040625 0.184375
21 0.721875 0.58125 0.0953125 0.20703125
20 0.67421875 0.60703125 0.0640625 0.21484375
19 0.634375 0.60703125 0.05078125 0.19609375
18 0.60546875 0.6328125 0.06328125 0.240625
17 0.56796875 0.6265625 0.0484375 0.1890625
16 0.540625 0.62109375 0.04609375 0.1734375
14 0.77734375 0.35390625 0.05546875 0.17265625
12 0.68203125 0.378125 0.0484375 0.2140625
11 0.64765625 0.3796875 0.0453125 0.225
10 0.615625 0.38515625 0.0484375 0.2484375
9 0.5796875 0.39140625 0.04140625 0.24609375
8 0.53984375 0.396875 0.04375 0.2484375
7 0.2171875 0.31484375 0.0609375 0.1359375
6 0.25 0.375 0.05703125 0.18984375
5 0.30703125 0.39765625 0.0671875 0.18359375
4 0.34921875 0.40390625 0.04296875 0.2015625
3 0.384375 0.40703125 0.0421875 0.2140625
2 0.4234375 0.39921875 0.04296875 0.23984375
1 0.4625 0.41171875 0.0375 0.22421875
0 0.50078125 0.4046875 0.0359375 0.23203125