6 0.2328125 0.34375 0.04765625 0.19609375
5 0.2859375 0.36953125 0.05546875 0.2109375
4 0.3375 0.38046875 0.03515625 0.17734375
2 0.4109375 0.36953125 0.04140625 0.21484375
1 0.45234375 0.38203125 0.0328125 0.1984375
0 0.49140625 0.39765625 0.0375 0.18828125
8 0.53828125 0.40703125 0.04765625 0.17734375
9 0.57578125 0.3984375 0.0390625 0.19453125
10 0.62734375 0.39453125 0.05546875 0.2234375
12 0.67578125 0.40078125 0.0453125 0.1859375
13 0.734375 0.40078125 0.07265625 0.21484375
15 0.82734375 0.32578125 0.0515625 0.1921875
28 0.3546875 0.5921875 0.04765625 0.1796875
27 0.39140625 0.6078125 0.0390625 0.18984375
26 0.42265625 0.60859375 0.04765625 0.20078125
25 0.459375 0.60234375 0.03515625 0.1671875
24 0.48671875 0.5984375 0.0265625 0.16328125
16 0.51484375 0.5984375 0.0375 0.16328125
17 0.53828125 0.61015625 0.03125 0.1796875
18 0.5734375 0.61875 0.03125 0.19609375
19 0.615625 0.61875 0.0375 0.17578125
20 0.65625 0.60546875 0.04375 0.15703125
23 0.8078125 0.51953125 0.08671875 0.13828125