30 0.2203125 0.57109375 0.090625 0.18203125
29 0.28359375 0.6265625 0.090625 0.20546875
28 0.34375 0.65078125 0.0609375 0.2
27 0.39140625 0.665625 0.04296875 0.21328125
26 0.4359375 0.671875 0.04140625 0.2296875
25 0.47265625 0.66015625 0.03125 0.17421875
24 0.50390625 0.6671875 0.02734375 0.1765625
16 0.53203125 0.66796875 0.02421875 0.1703125
17 0.5640625 0.66484375 0.0296875 0.18046875
18 0.60078125 0.6796875 0.0390625 0.23359375
19 0.64140625 0.6671875 0.0390625 0.20390625
20 0.684375 0.6578125 0.04140625 0.19765625
21 0.7453125 0.63359375 0.084375 0.2
22 0.803125 0.56953125 0.0828125 0.16640625
14 0.8 0.3890625 0.05390625 0.15234375
13 0.75078125 0.40390625 0.053125 0.2015625
12 0.7078125 0.421875 0.0375 0.20546875
11 0.671875 0.43046875 0.04140625 0.2078125
10 0.63125 0.42578125 0.04140625 0.24921875
9 0.58828125 0.43125 0.03515625 0.2296875
8 0.546875 0.4421875 0.046875 0.2234375
0 0.496875 0.43046875 0.04921875 0.23515625
1 0.45859375 0.425 0.05546875 0.228125
2 0.4203125 0.384375 0.0453125 0.24140625
3 0.38671875 0.4171875 0.04140625 0.21953125
4 0.3484375 0.41328125 0.04296875 0.21171875
5 0.2953125 0.4 0.059375 0.20546875
6 0.240625 0.38359375 0.05625 0.15625