16 0.49765625 0.70859375 0.0296875 0.20859375
17 0.53203125 0.71328125 0.034375 0.2171875
18 0.5703125 0.73359375 0.04296875 0.27421875
19 0.6171875 0.72890625 0.05546875 0.2578125
24 0.47109375 0.71328125 0.0359375 0.20859375
25 0.43984375 0.72734375 0.04296875 0.2234375
26 0.4078125 0.74765625 0.06015625 0.25234375
27 0.35546875 0.75234375 0.06171875 0.2359375
29 0.21484375 0.71484375 0.11328125 0.2203125
0 0.43515625 0.4578125 0.040625 0.2234375
2 0.3859375 0.44609375 0.06171875 0.2765625
3 0.31171875 0.48984375 0.06015625 0.20625
8 0.4765625 0.453125 0.04296875 0.2265625
9 0.528125 0.4640625 0.046875 0.19765625
10 0.56953125 0.440625 0.04921875 0.2578125
11 0.6125 0.434375 0.04921875 0.2828125
12 0.65703125 0.446875 0.04921875 0.2234375