7 0.23359375 0.303125 0.071875 0.1171875
6 0.259375 0.37109375 0.06640625 0.19921875
5 0.3125 0.40703125 0.0703125 0.1859375
4 0.3640625 0.4078125 0.0484375 0.20703125
3 0.3984375 0.4125 0.04296875 0.22265625
2 0.4359375 0.421875 0.0390625 0.25
1 0.478125 0.45703125 0.04296875 0.19921875
0 0.5078125 0.4390625 0.0390625 0.21875
9 0.58203125 0.45625 0.03125 0.2125
10 0.6234375 0.44375 0.03125 0.21875
11 0.6546875 0.43671875 0.03515625 0.196875
12 0.684375 0.415625 0.0453125 0.2109375
13 0.725 0.40703125 0.06953125 0.1859375
14 0.7609375 0.340625 0.071875 0.1890625
15 0.79375 0.28828125 0.071875 0.11875
31 0.1984375 0.553125 0.0609375 0.109375
30 0.25859375 0.596875 0.0875 0.2015625
29 0.328125 0.6515625 0.09765625 0.2203125
28 0.384375 0.6640625 0.05078125 0.2109375
27 0.425 0.671875 0.0453125 0.19140625
26 0.4609375 0.675 0.03515625 0.18125
25 0.49921875 0.68125 0.03203125 0.13671875
24 0.52265625 0.68203125 0.025 0.1359375
16 0.5453125 0.671875 0.02265625 0.15625
17 0.57109375 0.6828125 0.025 0.178125
18 0.609375 0.696875 0.046875 0.2109375
19 0.6390625 0.68046875 0.04296875 0.2015625
20 0.67265625 0.62109375 0.040625 0.10546875
21 0.728125 0.6328125 0.09375 0.20703125
22 0.7796875 0.5734375 0.08203125 0.196875
23 0.83203125 0.5328125 0.0546875 0.1171875
8 0.54375 0.44609375 0.0328125 0.2125