7 0.21015625 0.25859375 0.0734375 0.15390625
6 0.253125 0.29765625 0.078125 0.2015625
5 0.3015625 0.33984375 0.0671875 0.190625
4 0.353125 0.3390625 0.04296875 0.228125
3 0.39140625 0.34453125 0.0390625 0.24375
2 0.4296875 0.34375 0.04140625 0.271875
1 0.46953125 0.35625 0.034375 0.2671875
0 0.50859375 0.36171875 0.0390625 0.25234375
8 0.5484375 0.3640625 0.03671875 0.26953125
9 0.5875 0.35859375 0.0328125 0.26171875
10 0.62890625 0.3546875 0.04140625 0.26328125
11 0.665625 0.346875 0.0453125 0.24375
12 0.7046875 0.34609375 0.0453125 0.215625
13 0.753125 0.31875 0.06953125 0.221875
14 0.80859375 0.290625 0.07109375 0.20859375
15 0.8484375 0.26484375 0.06484375 0.13984375
23 0.86796875 0.45234375 0.08203125 0.1734375
22 0.8140625 0.53046875 0.0953125 0.2078125
21 0.746875 0.5875 0.0953125 0.2390625
20 0.68828125 0.60546875 0.0609375 0.22421875
19 0.65078125 0.61171875 0.05859375 0.2109375
18 0.62265625 0.646875 0.0625 0.2453125
17 0.57890625 0.62578125 0.0328125 0.19609375
16 0.55 0.62265625 0.02578125 0.18515625
24 0.521875 0.61875 0.025 0.18046875
25 0.49453125 0.61953125 0.03671875 0.1828125
26 0.45703125 0.61953125 0.04296875 0.1875
27 0.41953125 0.6140625 0.05625 0.215625
28 0.37578125 0.6078125 0.0671875 0.22421875
29 0.3125 0.59140625 0.10625 0.23515625
30 0.24765625 0.5265625 0.09765625 0.2
31 0.1875 0.45078125 0.09765625 0.1828125