5 0.26875 0.43125 0.07578125 0.2359375
3 0.35625 0.43203125 0.04765625 0.23828125
2 0.3953125 0.43515625 0.04765625 0.278125
1 0.43671875 0.4671875 0.04375 0.23359375
0 0.48671875 0.4375 0.04765625 0.28359375
8 0.5359375 0.440625 0.05859375 0.25546875
9 0.58125 0.43515625 0.0546875 0.24765625
10 0.62734375 0.40625 0.05 0.29453125
11 0.66484375 0.4125 0.06484375 0.23828125
14 0.7671875 0.3671875 0.08515625 0.2296875
22 0.82265625 0.5375 0.10625 0.196875
21 0.77734375 0.6265625 0.128125 0.20546875
20 0.696875 0.67421875 0.06328125 0.22734375
19 0.65 0.69375 0.04765625 0.22734375
18 0.6078125 0.728125 0.0546875 0.25625
17 0.56328125 0.70234375 0.03515625 0.196875
16 0.5328125 0.6953125 0.03515625 0.17734375
24 0.5015625 0.6921875 0.03984375 0.175
25 0.4796875 0.7125 0.0453125 0.21640625
26 0.4359375 0.7 0.05 0.2046875
27 0.38515625 0.69296875 0.05234375 0.19921875
28 0.33828125 0.684375 0.05 0.2296875