7 0.18359375 0.24296875 0.07265625 0.12421875
6 0.21796875 0.32421875 0.0828125 0.22109375
5 0.26484375 0.41640625 0.0765625 0.21875
4 0.31953125 0.4234375 0.05 0.25859375
3 0.36796875 0.44140625 0.06015625 0.23984375
2 0.39921875 0.38515625 0.05625 0.1984375
1 0.4296875 0.4609375 0.0578125 0.22109375
0 0.4640625 0.45625 0.04765625 0.27265625
8 0.515625 0.45625 0.04765625 0.27734375
9 0.5578125 0.446875 0.0375 0.2625
10 0.59765625 0.421875 0.04140625 0.29140625
11 0.64296875 0.421875 0.05 0.27578125
12 0.68046875 0.42265625 0.0578125 0.24375
13 0.7375 0.40546875 0.07265625 0.2375
14 0.77265625 0.32890625 0.0890625 0.21796875
15 0.8015625 0.24140625 0.08125 0.1171875
23 0.86015625 0.58125 0.06875 0.13828125
22 0.803125 0.62109375 0.0953125 0.2046875
21 0.72890625 0.6859375 0.09375 0.23515625
20 0.6703125 0.7171875 0.0578125 0.2109375
19 0.61796875 0.71640625 0.05390625 0.2
18 0.58515625 0.75234375 0.05390625 0.23515625
17 0.5421875 0.7125 0.03515625 0.1921875
16 0.5140625 0.69375 0.03046875 0.14609375
24 0.4875 0.7125 0.0328125 0.18359375
25 0.45546875 0.7125 0.04765625 0.2
27 0.35546875 0.6984375 0.0640625 0.22265625
29 0.27265625 0.6765625 0.11796875 0.24609375
31 0.11796875 0.58046875 0.07890625 0.13984375
30 0.184375 0.628125 0.11640625 0.20234375
28 0.33828125 0.7015625 0.09921875 0.22890625
26 0.41171875 0.715625 0.05625 0.228125