7 0.21015625 0.43046875 0.07578125 0.17421875
6 0.2609375 0.44921875 0.05390625 0.1953125
5 0.32265625 0.46875 0.065625 0.2234375
4 0.3578125 0.48203125 0.03359375 0.18984375
3 0.3921875 0.496875 0.0375 0.17578125
2 0.42265625 0.4828125 0.0515625 0.20859375
1 0.465625 0.4890625 0.03359375 0.20078125
0 0.50078125 0.4890625 0.03359375 0.21640625
8 0.540625 0.50234375 0.0375 0.1875
9 0.5765625 0.48671875 0.0296875 0.20703125
10 0.61328125 0.47578125 0.03984375 0.225
11 0.6484375 0.48671875 0.03984375 0.19140625
12 0.68046875 0.46171875 0.03203125 0.22109375
13 0.7234375 0.48828125 0.04921875 0.15078125
14 0.77265625 0.45 0.04921875 0.18984375
15 0.8234375 0.4296875 0.06328125 0.15390625
23 0.828125 0.61328125 0.0890625 0.16640625
22 0.7734375 0.6609375 0.08359375 0.1796875
21 0.709375 0.68984375 0.08125 0.20078125
20 0.6625 0.6921875 0.0515625 0.1734375
19 0.62890625 0.69921875 0.04375 0.16796875
18 0.5984375 0.70703125 0.04921875 0.18359375
17 0.56484375 0.69921875 0.0328125 0.1640625
16 0.53359375 0.68984375 0.0234375 0.15
24 0.51015625 0.68671875 0.028125 0.17578125
25 0.48203125 0.68828125 0.028125 0.1421875
26 0.4484375 0.71015625 0.03984375 0.2015625
27 0.41484375 0.6984375 0.03984375 0.16640625
28 0.37734375 0.69765625 0.06328125 0.18515625
29 0.3296875 0.6859375 0.0953125 0.20546875
30 0.2546875 0.66328125 0.096875 0.18359375
31 0.19453125 0.61640625 0.103125 0.1734375