31 0.1043478265625 0.6163043484374999 0.12391304375000001 0.6402173906249999 0.17826087031249999 0.5793478265625 0.186956521875 0.5532608703124999 0.184782609375 0.5228260875 0.15108695625 0.486956521875 0.140217390625 0.486956521875 0.12608695625 0.5076086953125001 0.1065217390625 0.5771739124999999 0.1043478265625 0.6163043484374999
30 0.1953125 0.62734375 0.0953125 0.18984375
29 0.2609375 0.64765625 0.08671875 0.1859375
28 0.31484375 0.68671875 0.05625 0.21640625
27 0.3546875 0.69296875 0.04765625 0.21171875
26 0.39140625 0.70234375 0.03515625 0.21875
25 0.42265625 0.68984375 0.028125 0.18828125
24 0.45 0.69296875 0.02578125 0.18125
16 0.47890625 0.69609375 0.025 0.18828125
17 0.50625 0.6921875 0.02265625 0.175
18 0.53984375 0.6953125 0.0328125 0.1859375
19 0.578125 0.6796875 0.05234375 0.17265625
20 0.621875 0.67578125 0.0609375 0.18984375
21 0.671875 0.659375 0.0828125 0.20078125
22 0.73671875 0.62890625 0.0953125 0.1796875
23 0.78828125 0.58046875 0.07578125 0.1609375
15 0.7890625 0.415625 0.05625 0.14921875
14 0.73515625 0.4296875 0.05625 0.18125
13 0.67734375 0.43203125 0.05859375 0.17265625
7 0.15625 0.4171875 0.0609375 0.13828125
6 0.21484375 0.4265625 0.0609375 0.1703125
4 0.2921875 0.42421875 0.03671875 0.21015625
3 0.33359375 0.43984375 0.04140625 0.21875
2 0.3703125 0.43828125 0.04140625 0.25546875
1 0.4046875 0.46171875 0.0390625 0.2140625
0 0.4421875 0.471875 0.04140625 0.20859375
8 0.48359375 0.47265625 0.03671875 0.20546875
9 0.521875 0.4671875 0.03515625 0.225
10 0.56015625 0.45390625 0.03671875 0.246875
11 0.59453125 0.4671875 0.0453125 0.1859375