7 0.15546875 0.3015625 0.06875 0.12421875
6 0.1921875 0.37109375 0.07421875 0.23046875
5 0.24765625 0.40078125 0.06875 0.225
4 0.3015625 0.3984375 0.04609375 0.26796875
3 0.34609375 0.40546875 0.04609375 0.27890625
2 0.3828125 0.39140625 0.04453125 0.3078125
1 0.43046875 0.4296875 0.03828125 0.21875
0 0.47578125 0.37421875 0.04453125 0.34140625
8 0.52734375 0.4078125 0.04609375 0.27890625
9 0.571875 0.428125 0.03828125 0.23046875
10 0.6171875 0.425 0.04453125 0.2453125
11 0.65390625 0.3953125 0.03828125 0.27109375
12 0.6984375 0.3984375 0.04609375 0.2609375
13 0.75078125 0.4015625 0.06640625 0.21484375
14 0.80546875 0.37421875 0.0703125 0.196875
15 0.8359375 0.29609375 0.06640625 0.1078125
23 0.8796875 0.6046875 0.103125 0.13984375
22 0.79609375 0.64375 0.08046875 0.2546875
21 0.725 0.6578125 0.08671875 0.24296875
20 0.66953125 0.6828125 0.06484375 0.25703125
19 0.615625 0.6796875 0.04609375 0.23515625
18 0.58046875 0.68515625 0.05625 0.240625
17 0.53359375 0.6640625 0.034375 0.1953125
16 0.5 0.665625 0.028125 0.190625
24 0.47109375 0.65859375 0.0265625 0.16796875
25 0.44140625 0.6609375 0.0359375 0.184375
26 0.40234375 0.7 0.03828125 0.2671875
27 0.3640625 0.671875 0.03828125 0.22265625
28 0.31328125 0.67890625 0.05859375 0.24921875
29 0.253125 0.66796875 0.0984375 0.259375
30 0.18671875 0.64140625 0.09453125 0.25078125
31 0.10390625 0.56796875 0.1109375 0.1484375