6 0.215625 0.44609375 0.0640625 0.16484375
5 0.2734375 0.45546875 0.0578125 0.19921875
4 0.32578125 0.4671875 0.06015625 0.215625
3 0.37109375 0.46640625 0.05703125 0.2484375
2 0.40625 0.48046875 0.04609375 0.2578125
1 0.44140625 0.49921875 0.03828125 0.2328125
0 0.48828125 0.4984375 0.046875 0.246875
8 0.53984375 0.50625 0.04765625 0.234375
9 0.58125 0.49765625 0.03671875 0.2328125
10 0.62421875 0.4765625 0.040625 0.26015625
11 0.6609375 0.47734375 0.05546875 0.2234375
12 0.69375 0.471875 0.0546875 0.18828125
13 0.74375 0.44453125 0.0609375 0.19296875
14 0.79609375 0.4265625 0.06328125 0.165625
15 0.81484375 0.328125 0.0625 0.08125
31 0.1515625 0.61015625 0.0796875 0.1265625
30 0.20859375 0.6421875 0.1125 0.21328125
29 0.28515625 0.69765625 0.09375 0.23359375
28 0.3484375 0.721875 0.0640625 0.2125
27 0.39375 0.7390625 0.0484375 0.20390625
26 0.43828125 0.71640625 0.05 0.1703125
25 0.46875 0.6984375 0.0390625 0.134375
24 0.50390625 0.72109375 0.03125 0.13671875
16 0.53359375 0.7109375 0.03125 0.11953125
17 0.5671875 0.71796875 0.03984375 0.16171875
18 0.60078125 0.73671875 0.053125 0.2390625
19 0.6375 0.73515625 0.0515625 0.2234375
20 0.68359375 0.7125 0.065625 0.209375
21 0.73671875 0.68515625 0.090625 0.2140625
22 0.79765625 0.62890625 0.09453125 0.1953125
23 0.85078125 0.59609375 0.06875 0.1140625