31 0.134375 0.52109375 0.1015625 0.159375
27 0.34140625 0.63984375 0.0328125 0.234375
26 0.390625 0.63515625 0.053125 0.26640625
25 0.43828125 0.63125 0.04296875 0.21875
24 0.47734375 0.6109375 0.0328125 0.15234375
16 0.5140625 0.60703125 0.040625 0.1484375
17 0.55078125 0.6109375 0.04453125 0.165625
18 0.59375 0.62109375 0.0609375 0.234375
19 0.640625 0.60625 0.053125 0.20859375
20 0.6890625 0.60078125 0.053125 0.2140625
22 0.7625 0.5765625 0.1015625 0.2140625
23 0.8234375 0.52421875 0.09765625 0.1984375
15 0.80859375 0.3265625 0.06484375 0.18984375
7 0.1359375 0.321875 0.0890625 0.2015625
0 0.465625 0.38125 0.0484375 0.246875
1 0.41953125 0.36875 0.046875 0.22890625
2 0.37578125 0.35 0.05703125 0.2859375
8 0.5140625 0.3703125 0.0484375 0.253125
9 0.56328125 0.38359375 0.040625 0.23046875
10 0.6109375 0.35625 0.0546875 0.2609375
14 0.73359375 0.340625 0.07734375 0.2140625