6 0.2046875 0.37265625 0.04765625 0.196875
5 0.25859375 0.3984375 0.05625 0.21171875
4 0.31015625 0.40859375 0.03515625 0.178125
2 0.38359375 0.3984375 0.04140625 0.215625
1 0.425 0.4109375 0.0328125 0.19921875
0 0.46484375 0.4265625 0.0375 0.1890625
8 0.51171875 0.4359375 0.04765625 0.178125
9 0.5484375 0.42734375 0.0390625 0.1953125
10 0.60078125 0.4234375 0.05625 0.22421875
12 0.64921875 0.4296875 0.0453125 0.18671875
13 0.70859375 0.4296875 0.07265625 0.215625
15 0.8015625 0.35390625 0.0515625 0.19296875
28 0.3265625 0.62109375 0.04765625 0.18046875
27 0.3640625 0.63671875 0.0390625 0.190625
26 0.3953125 0.63828125 0.04765625 0.2015625
25 0.4328125 0.63203125 0.03515625 0.16796875
24 0.459375 0.62734375 0.02734375 0.1640625
16 0.4875 0.62734375 0.0375 0.1640625
17 0.51171875 0.63984375 0.03125 0.18046875
18 0.546875 0.6484375 0.03125 0.196875
19 0.5890625 0.6484375 0.0375 0.1765625
20 0.6296875 0.63515625 0.04375 0.1578125
23 0.78203125 0.5484375 0.0875 0.1390625