7 0.18359375 0.271875 0.06875 0.14609375
6 0.21484375 0.37109375 0.06640625 0.2125
5 0.2796875 0.409375 0.06875 0.1953125
4 0.33203125 0.42265625 0.040625 0.20859375
3 0.37578125 0.43125 0.04296875 0.1953125
2 0.41875 0.4140625 0.04296875 0.246875
1 0.46953125 0.4140625 0.05234375 0.23828125
0 0.5109375 0.41796875 0.04296875 0.22578125
8 0.553125 0.40859375 0.05546875 0.24921875
9 0.60546875 0.41015625 0.04453125 0.23046875
10 0.65078125 0.41171875 0.04453125 0.22109375
11 0.69453125 0.4109375 0.04296875 0.2015625
12 0.73359375 0.39921875 0.04453125 0.2171875
13 0.78984375 0.40234375 0.06640625 0.19375
14 0.85390625 0.3671875 0.06171875 0.2125
15 0.8875 0.26953125 0.0578125 0.1546875
23 0.90625 0.6 0.06875 0.1359375
22 0.8375 0.61484375 0.08515625 0.2
21 0.76796875 0.65234375 0.0875 0.21484375
20 0.71484375 0.684375 0.0578125 0.18515625
19 0.6734375 0.67578125 0.046875 0.21015625
18 0.625 0.66484375 0.04453125 0.23203125
17 0.58046875 0.65 0.040625 0.19375
16 0.53984375 0.64453125 0.04453125 0.178125
24 0.51015625 0.64453125 0.02890625 0.178125
25 0.47578125 0.646875 0.04453125 0.19140625
26 0.43125 0.66796875 0.046875 0.2296875
27 0.38125 0.68359375 0.04921875 0.2171875
28 0.36640625 0.68203125 0.07890625 0.20625
29 0.2984375 0.66484375 0.09609375 0.21015625
30 0.2234375 0.62109375 0.0921875 0.2
31 0.1484375 0.5984375 0.07890625 0.14609375