6 0.25703125 0.43828125 0.05078125 0.18984375
5 0.31171875 0.43671875 0.075 0.20625
4 0.3546875 0.41953125 0.05859375 0.1796875
14 0.77265625 0.4375 0.05703125 0.1921875
13 0.71875 0.43828125 0.07109375 0.18984375
11 0.64609375 0.43203125 0.028125 0.19375
10 0.61484375 0.42890625 0.034375 0.215625
9 0.578125 0.440625 0.0265625 0.178125
8 0.54140625 0.4265625 0.03828125 0.21015625
0 0.49921875 0.41640625 0.04609375 0.23046875
1 0.465625 0.43203125 0.028125 0.178125
17 0.55625 0.64609375 0.0265625 0.165625
16 0.534375 0.63984375 0.03671875 0.1859375
18 0.5875 0.64453125 0.03671875 0.1796875
19 0.61875 0.64609375 0.03828125 0.16953125
24 0.50625 0.640625 0.028125 0.16796875
25 0.4796875 0.64140625 0.0328125 0.1890625
26 0.4453125 0.653125 0.04453125 0.21640625
27 0.4125 0.634375 0.04453125 0.18359375
28 0.37734375 0.6296875 0.05859375 0.178125