7 0.22734375 0.29140625 0.05703125 0.11875
6 0.253125 0.40234375 0.0640625 0.16328125
5 0.321875 0.41015625 0.0796875 0.2
4 0.37734375 0.41328125 0.0484375 0.2109375
3 0.42578125 0.42578125 0.06640625 0.240625
2 0.44765625 0.41171875 0.03671875 0.2
1 0.48671875 0.4359375 0.0546875 0.23515625
0 0.5140625 0.4375 0.04453125 0.26328125
8 0.5578125 0.4421875 0.0546875 0.25625
9 0.5921875 0.44296875 0.04453125 0.23125
10 0.6390625 0.42890625 0.0515625 0.2421875
11 0.678125 0.43046875 0.04296875 0.24921875
12 0.71640625 0.428125 0.06328125 0.22734375
14 0.80234375 0.40625 0.06328125 0.20078125
15 0.8390625 0.3140625 0.0671875 0.12109375
31 0.18359375 0.56796875 0.0890625 0.13984375
30 0.25078125 0.6015625 0.1109375 0.20703125
23 0.8671875 0.60234375 0.0796875 0.11640625
22 0.8078125 0.63828125 0.121875 0.203125
20 0.7328125 0.70546875 0.06171875 0.2359375
19 0.68203125 0.70546875 0.05546875 0.2359375
18 0.6359375 0.71015625 0.046875 0.25078125
17 0.59765625 0.6984375 0.0375 0.21484375
16 0.5640625 0.68984375 0.03515625 0.1875
24 0.53984375 0.69140625 0.0390625 0.1953125
25 0.50859375 0.6953125 0.03828125 0.19453125
26 0.465625 0.7015625 0.0515625 0.24296875
27 0.41953125 0.69921875 0.05703125 0.2375
28 0.3703125 0.675 0.06875 0.2234375