6 0.19765625 0.3703125 0.07734375 0.21171875
5 0.26640625 0.3875 0.07734375 0.2421875
4 0.325 0.4 0.05625 0.24921875
3 0.378125 0.40078125 0.06015625 0.25078125
2 0.4234375 0.38203125 0.06484375 0.29140625
1 0.47734375 0.38671875 0.053125 0.265625
0 0.5328125 0.38515625 0.05234375 0.27109375
8 0.58125 0.4015625 0.0578125 0.23515625
9 0.6390625 0.396875 0.0625 0.23046875
10 0.6859375 0.38828125 0.06171875 0.2859375
11 0.725 0.39296875 0.04921875 0.25234375
12 0.76484375 0.39296875 0.04453125 0.23515625
14 0.86328125 0.38828125 0.06484375 0.2265625
15 0.92265625 0.353125 0.071875 0.22890625
30 0.18515625 0.5796875 0.1203125 0.1921875
29 0.2640625 0.64296875 0.1234375 0.22578125
28 0.36015625 0.64765625 0.0578125 0.20390625
27 0.41015625 0.66796875 0.05078125 0.26171875
26 0.46328125 0.65546875 0.0640625 0.2765625
25 0.509375 0.6453125 0.04375 0.22109375
24 0.54765625 0.6453125 0.04296875 0.22890625
16 0.58046875 0.63359375 0.04921875 0.19765625
17 0.61484375 0.64765625 0.04921875 0.19609375
18 0.66328125 0.659375 0.05546875 0.265625
19 0.71953125 0.6640625 0.0640625 0.2765625
20 0.76640625 0.6578125 0.0765625 0.23359375
21 0.8375 0.646875 0.1125 0.22890625
22 0.909375 0.57734375 0.11875 0.19609375