31 0.16015625 0.55625 0.0921875 0.15625
30 0.2296875 0.578125 0.10078125 0.2
29 0.29609375 0.63046875 0.0921875 0.2296875
28 0.3546875 0.6390625 0.0671875 0.20703125
27 0.40234375 0.65078125 0.04140625 0.215625
26 0.4390625 0.653125 0.0390625 0.215625
25 0.47578125 0.6375 0.03359375 0.1640625
24 0.50234375 0.62578125 0.03046875 0.1484375
23 0.828125 0.5546875 0.06875 0.184375
22 0.7765625 0.5703125 0.08828125 0.1921875
21 0.7171875 0.61875 0.10078125 0.2375
20 0.66640625 0.62578125 0.0765625 0.2
19 0.625 0.6390625 0.06484375 0.20390625
18 0.590625 0.65625 0.07109375 0.2171875
17 0.5515625 0.634375 0.03828125 0.16640625
16 0.521875 0.61171875 0.03046875 0.1484375
7 0.175 0.32890625 0.07890625 0.1859375
6 0.2234375 0.3359375 0.0609375 0.215625
5 0.27890625 0.35 0.05703125 0.2390625
4 0.3265625 0.36171875 0.04296875 0.2546875
3 0.359375 0.3453125 0.04921875 0.2921875
2 0.39375 0.34609375 0.06328125 0.290625
1 0.44296875 0.3875 0.0390625 0.22734375
0 0.48359375 0.38046875 0.0453125 0.24921875
8 0.52578125 0.38359375 0.0390625 0.23125
9 0.565625 0.3765625 0.03359375 0.22109375
10 0.60234375 0.35625 0.04296875 0.25625
11 0.64375 0.34921875 0.04296875 0.253125
12 0.68125 0.34921875 0.0390625 0.24921875
13 0.72734375 0.334375 0.05703125 0.22734375
14 0.78125 0.3265625 0.05546875 0.215625
15 0.82890625 0.31875 0.06328125 0.18046875