30 0.21953125 0.52109375 0.084375 0.13984375
29 0.2671875 0.5921875 0.09765625 0.17578125
28 0.30625 0.64140625 0.08984375 0.184375
26 0.43046875 0.6359375 0.040625 0.2140625
27 0.396875 0.64140625 0.0390625 0.21171875
25 0.46171875 0.63515625 0.0296875 0.1921875
24 0.4890625 0.63203125 0.021875 0.175
16 0.51484375 0.63046875 0.025 0.17890625
17 0.54296875 0.63125 0.02734375 0.18046875
18 0.5734375 0.64375 0.0375 0.21796875
19 0.6109375 0.64765625 0.0390625 0.21796875
20 0.69609375 0.65078125 0.06875 0.22734375
21 0.74609375 0.5953125 0.0859375 0.17890625
22 0.7984375 0.52578125 0.078125 0.1375
7 0.221875 0.35078125 0.0609375 0.1671875
6 0.2671875 0.37578125 0.0546875 0.2078125
5 0.32109375 0.41328125 0.05625 0.1890625
15 0.79296875 0.3546875 0.0546875 0.1671875
14 0.7578125 0.37578125 0.0546875 0.2078125
13 0.70703125 0.41328125 0.0546875 0.18671875
12 0.66015625 0.42421875 0.0390625 0.184375
11 0.63203125 0.428125 0.0328125 0.18828125
10 0.60078125 0.3890625 0.040625 0.2625
4 0.36328125 0.4109375 0.03125 0.21171875
3 0.39453125 0.40625 0.03125 0.2265625
2 0.428125 0.396875 0.0390625 0.24296875
1 0.4671875 0.40390625 0.03125 0.21015625
0 0.503125 0.403125 0.0484375 0.225