23 0.80546875 0.55859375 0.10234375 0.13828125
22 0.73046875 0.5984375 0.09609375 0.2078125
21 0.67890625 0.62265625 0.10078125 0.20546875
31 0.2015625 0.58203125 0.0796875 0.1453125
30 0.26484375 0.6171875 0.08359375 0.20625
29 0.3234375 0.6375 0.0890625 0.21796875
28 0.37578125 0.6625 0.03203125 0.23203125
27 0.4078125 0.659375 0.034375 0.1953125
26 0.4421875 0.678125 0.034375 0.25390625
25 0.47109375 0.6609375 0.0328125 0.18828125
15 0.784375 0.30078125 0.05703125 0.09921875
14 0.74609375 0.3921875 0.05703125 0.15859375
13 0.68984375 0.40078125 0.0609375 0.18125
6 0.25234375 0.3859375 0.05234375 0.19453125
5 0.30546875 0.4140625 0.05859375 0.178125
20 0.61796875 0.68046875 0.05703125 0.20625
19 0.5984375 0.6625 0.03828125 0.2296875
18 0.56796875 0.65390625 0.034375 0.20859375
17 0.5375 0.65625 0.02421875 0.18203125
16 0.5234375 0.6671875 0.028125 0.17578125
24 0.4921875 0.6484375 0.03828125 0.1546875
9 0.546875 0.4375 0.03125 0.18828125
1 0.440625 0.4390625 0.03359375 0.17890625
8 0.51171875 0.44609375 0.03828125 0.19765625
0 0.475 0.43984375 0.0390625 0.2046875
2 0.40546875 0.415625 0.03515625 0.21328125
10 0.5828125 0.4234375 0.0390625 0.21171875
11 0.61640625 0.4359375 0.0265625 0.1625
12 0.64765625 0.4046875 0.04765625 0.2046875
4 0.3515625 0.42578125 0.0328125 0.17421875
3 0.378125 0.43828125 0.025 0.15703125
7 0.2203125 0.29296875 0.06171875 0.09921875