30 0.234375 0.62109375 0.1171875 0.1609375
28 0.37109375 0.67265625 0.053125 0.2265625
27 0.4109375 0.678125 0.04296875 0.2171875
26 0.446875 0.67890625 0.040625 0.21796875
25 0.48125 0.6640625 0.02890625 0.18125
24 0.5109375 0.65703125 0.0265625 0.16328125
16 0.5453125 0.65859375 0.02421875 0.16484375
17 0.57734375 0.66328125 0.0296875 0.1796875
18 0.621875 0.65625 0.03515625 0.19375
19 0.65703125 0.65546875 0.03515625 0.1953125
20 0.69140625 0.6484375 0.03515625 0.20625
23 0.8390625 0.61796875 0.125 0.1875