7 0.21796875 0.31640625 0.0671875 0.09453125
6 0.2578125 0.35390625 0.07421875 0.2078125
5 0.30390625 0.3953125 0.06875 0.1765625
4 0.353125 0.4 0.0390625 0.1828125
3 0.384375 0.41875 0.03125 0.19609375
2 0.4171875 0.36953125 0.0328125 0.22734375
1 0.446875 0.41484375 0.04296875 0.2046875
0 0.4859375 0.4171875 0.046875 0.2328125
8 0.53203125 0.39296875 0.0453125 0.2859375
9 0.571875 0.4171875 0.03125 0.225
10 0.60625 0.40390625 0.0375 0.253125
11 0.6453125 0.42421875 0.0453125 0.18828125
12 0.6796875 0.38515625 0.0390625 0.21953125
13 0.73046875 0.384375 0.06640625 0.20625
14 0.771875 0.35859375 0.0703125 0.20234375
15 0.80390625 0.31171875 0.0609375 0.09296875
23 0.8578125 0.5265625 0.0859375 0.1203125
22 0.7875 0.56328125 0.06640625 0.184375
21 0.73046875 0.5875 0.09375 0.18671875
20 0.6703125 0.60625 0.04296875 0.1765625
19 0.6328125 0.62265625 0.0390625 0.1828125
18 0.603125 0.65234375 0.0390625 0.19921875
17 0.56328125 0.6390625 0.0328125 0.16484375
16 0.534375 0.63515625 0.025 0.153125
24 0.50703125 0.63359375 0.03203125 0.153125
25 0.48359375 0.63046875 0.0375 0.1515625
26 0.4484375 0.63203125 0.0375 0.178125
27 0.4078125 0.62421875 0.04296875 0.18671875
28 0.36328125 0.603125 0.046875 0.175
29 0.30546875 0.58671875 0.0875 0.19609375
30 0.240625 0.55390625 0.078125 0.18671875
31 0.16796875 0.509375 0.0859375 0.12890625