7 0.27734375 0.2421875 0.0625 0.10546875
15 0.74296875 0.23125 0.0609375 0.1234375
6 0.2953125 0.353125 0.07421875 0.16796875
5 0.34375 0.38359375 0.0703125 0.19375
4 0.384375 0.4 0.05859375 0.22265625
3 0.4140625 0.4421875 0.0546875 0.1890625
2 0.4421875 0.4234375 0.040625 0.265625
1 0.47265625 0.4609375 0.046875 0.21875
0 0.49609375 0.46484375 0.03515625 0.2265625
8 0.5296875 0.46875 0.03125 0.2265625
9 0.55859375 0.4578125 0.03125 0.2171875
10 0.5875 0.43359375 0.03515625 0.2578125
11 0.61640625 0.43046875 0.040625 0.2140625
12 0.64453125 0.3875 0.0390625 0.225
13 0.684375 0.36640625 0.0609375 0.2234375
14 0.72265625 0.32421875 0.07421875 0.203125
30 0.27265625 0.5625 0.103125 0.19140625
29 0.33203125 0.63359375 0.125 0.221875
28 0.384375 0.6671875 0.05859375 0.196875
27 0.4234375 0.690625 0.0390625 0.1859375
26 0.46015625 0.703125 0.0328125 0.1640625
25 0.4875 0.70625 0.0390625 0.1421875
24 0.50625 0.709375 0.03828125 0.140625
16 0.52890625 0.709375 0.0265625 0.12890625
17 0.55390625 0.70625 0.0296875 0.1375
18 0.584375 0.7140625 0.04296875 0.1859375
19 0.6125 0.690625 0.040625 0.1890625
20 0.65234375 0.6609375 0.06640625 0.2015625
21 0.69453125 0.6203125 0.1078125 0.215625
22 0.7484375 0.5515625 0.08984375 0.196875