7 0.140625 0.4234375 0.06640625 0.165625
6 0.19765625 0.4328125 0.06796875 0.2046875
5 0.25859375 0.44453125 0.06171875 0.23125
4 0.31015625 0.44296875 0.04140625 0.23359375
3 0.3515625 0.4390625 0.0453125 0.2375
2 0.39375 0.43515625 0.04765625 0.2703125
1 0.4421875 0.4671875 0.04921875 0.20625
0 0.48125 0.48515625 0.0453125 0.1984375
8 0.5265625 0.48046875 0.0453125 0.2125
9 0.5703125 0.4625 0.0375 0.22734375
10 0.61015625 0.453125 0.04375 0.2375
11 0.65078125 0.4421875 0.04140625 0.2234375
12 0.6921875 0.44140625 0.04140625 0.225
13 0.74140625 0.4484375 0.06171875 0.2109375
14 0.8015625 0.44140625 0.0578125 0.1921875
15 0.8484375 0.38515625 0.0515625 0.171875
31 0.134375 0.63671875 0.078125 0.19453125
30 0.20546875 0.66953125 0.09296875 0.2234375
29 0.27578125 0.70234375 0.09296875 0.23125
28 0.33671875 0.69453125 0.04921875 0.20625
27 0.37890625 0.70859375 0.04375 0.23125
26 0.41640625 0.71171875 0.04375 0.2296875
25 0.459375 0.71796875 0.0390625 0.2171875
24 0.4875 0.7203125 0.0328125 0.2046875
16 0.51171875 0.71484375 0.02265625 0.18984375
17 0.5421875 0.69296875 0.03125 0.1671875
18 0.58125 0.7125 0.04375 0.22734375
19 0.61484375 0.70546875 0.04375 0.2296875
20 0.66015625 0.68671875 0.05546875 0.20078125
21 0.72109375 0.69921875 0.090625 0.2375
22 0.790625 0.6703125 0.09296875 0.22109375
23 0.8546875 0.64375 0.0765625 0.19609375