29 0.28046875 0.71171875 0.0875 0.1921875
24 0.19308943125 0.5985772359375 0.16056910625 0.7245934953125001 0.16056910625 0.74695121875 0.18292682968750001 0.7632113828125 0.213414634375 0.7408536578125 0.254065040625 0.6412601625 0.2520325203125 0.6107723578125 0.24288617812500002 0.6016260156250001 0.22865853593750002 0.6036585359375 0.21443089375 0.5833333328125 0.2042682921875 0.5833333328125 0.19308943125 0.5985772359375
30 0.20859375 0.6703125 0.09375 0.18203125
31 0.13828125 0.6546875 0.07734375 0.13046875
28 0.3390625 0.72109375 0.040625 0.20625
27 0.37890625 0.71796875 0.03828125 0.18359375
26 0.41953125 0.7203125 0.03828125 0.1921875
25 0.45859375 0.70390625 0.034375 0.14296875
24 0.4921875 0.7078125 0.0328125 0.13125
16 0.52578125 0.70859375 0.03046875 0.1328125
17 0.5609375 0.70859375 0.0328125 0.1375
18 0.59921875 0.71484375 0.03671875 0.153125
19 0.64296875 0.715625 0.04296875 0.16796875
20 0.68359375 0.721875 0.04296875 0.20859375
21 0.75078125 0.71015625 0.0875 0.2
22 0.8203125 0.66796875 0.09140625 0.1859375
23 0.88828125 0.65703125 0.0734375 0.13125
15 0.8515625 0.3796875 0.0484375 0.1046875
14 0.821875 0.45546875 0.05859375 0.20390625
13 0.76328125 0.48359375 0.05859375 0.21171875
12 0.71328125 0.49453125 0.040625 0.20390625
11 0.675 0.49921875 0.040625 0.20546875
10 0.63515625 0.4875 0.04296875 0.24375
9 0.59375 0.49921875 0.03671875 0.21875
8 0.55 0.4921875 0.046875 0.26015625
0 0.49921875 0.50078125 0.046875 0.240625
1 0.45703125 0.49375 0.04453125 0.21015625
2 0.41328125 0.471875 0.04296875 0.24921875
3 0.37421875 0.48203125 0.04453125 0.2203125
4 0.33203125 0.4875 0.04296875 0.2140625
5 0.28125 0.4859375 0.05859375 0.2125
6 0.2203125 0.46875 0.05859375 0.20234375
7 0.1890625 0.39296875 0.0484375 0.10703125