31 0.1484375 0.5953125 0.0703125 0.128125
30 0.2109375 0.6359375 0.11171875 0.2140625
29 0.29375 0.6828125 0.103125 0.2171875
28 0.35625 0.72578125 0.0515625 0.240625
27 0.4 0.7046875 0.04765625 0.21171875
26 0.44765625 0.70390625 0.0515625 0.221875
25 0.48515625 0.6921875 0.0375 0.1734375
24 0.515625 0.70234375 0.0265625 0.12734375
16 0.54765625 0.70234375 0.0328125 0.14765625
17 0.57421875 0.696875 0.04140625 0.1828125
18 0.6125 0.7046875 0.04375 0.24921875
19 0.6484375 0.69453125 0.0453125 0.22421875
20 0.715625 0.70703125 0.096875 0.18671875
21 0.75390625 0.65859375 0.1078125 0.21796875
22 0.82578125 0.6015625 0.10546875 0.203125
23 0.87578125 0.55703125 0.06171875 0.13125
15 0.83046875 0.27734375 0.06640625 0.125
14 0.80390625 0.3796875 0.07421875 0.1890625
13 0.75078125 0.42109375 0.0640625 0.209375
12 0.6984375 0.42734375 0.0453125 0.234375
11 0.6625 0.43046875 0.03515625 0.23671875
10 0.61953125 0.41484375 0.0375 0.246875
9 0.590625 0.44609375 0.0375 0.24296875
8 0.5484375 0.459375 0.04375 0.24921875
0 0.496875 0.459375 0.0390625 0.240625
1 0.45546875 0.45 0.0390625 0.23046875
7 0.19609375 0.30390625 0.0703125 0.12109375
6 0.21875 0.41796875 0.07421875 0.18671875
5 0.278125 0.43203125 0.06796875 0.22421875
4 0.334375 0.44609375 0.04921875 0.2265625
3 0.37578125 0.43203125 0.04140625 0.26171875
2 0.41640625 0.42265625 0.0390625 0.27578125