30 0.22578125 0.59453125 0.1109375 0.153125
28 0.35546875 0.64296875 0.05078125 0.215625
27 0.39375 0.6484375 0.040625 0.20703125
26 0.428125 0.64921875 0.0390625 0.2078125
25 0.4609375 0.63515625 0.02734375 0.17265625
24 0.4890625 0.628125 0.025 0.15546875
16 0.521875 0.6296875 0.0234375 0.15703125
17 0.55234375 0.634375 0.028125 0.17109375
18 0.59453125 0.62734375 0.0328125 0.184375
19 0.628125 0.6265625 0.0328125 0.18671875
20 0.6609375 0.61953125 0.0328125 0.19609375
23 0.8015625 0.59140625 0.11875 0.17890625