6 0.271875 0.5328125 0.0546875 0.190625
5 0.321875 0.53046875 0.0625 0.2140625
4 0.37421875 0.52578125 0.040625 0.184375
3 0.4015625 0.521875 0.0296875 0.18828125
2 0.43125 0.52109375 0.03515625 0.190625
14 0.7703125 0.5078125 0.053125 0.19140625
13 0.7265625 0.52734375 0.046875 0.20703125
12 0.6765625 0.53984375 0.053125 0.2
11 0.6359375 0.53203125 0.0328125 0.18046875
10 0.60234375 0.528125 0.0328125 0.2
28 0.33671875 0.72109375 0.05625 0.1921875
27 0.3796875 0.7234375 0.040625 0.18828125
26 0.4140625 0.72734375 0.03125 0.19609375
23 0.78125 0.6625 0.09375 0.12578125
20 0.65 0.740625 0.0390625 0.21171875
19 0.615625 0.7296875 0.03125 0.1828125
18 0.5828125 0.725 0.0328125 0.19140625