7 0.2171875 0.19453125 0.0546875 0.1734375
6 0.25703125 0.2171875 0.053125 0.203125
5 0.30625 0.26640625 0.05859375 0.196875
4 0.3546875 0.30078125 0.0640625 0.203125
3 0.384375 0.32734375 0.05390625 0.19375
2 0.41640625 0.33515625 0.03984375 0.21953125
1 0.44921875 0.353125 0.03515625 0.1953125
0 0.484375 0.35625 0.0390625 0.2125
8 0.525 0.34765625 0.0390625 0.1953125
9 0.55859375 0.34453125 0.04296875 0.20625
10 0.58984375 0.3296875 0.05078125 0.22265625
11 0.63125 0.309375 0.046875 0.2125
12 0.66328125 0.28359375 0.0484375 0.20625
13 0.70703125 0.2578125 0.0625 0.20703125
14 0.75703125 0.2125 0.05625 0.21484375
15 0.803125 0.1765625 0.05078125 0.196875
31 0.1875 0.3609375 0.08203125 0.15234375
30 0.23515625 0.43125 0.0953125 0.1875
28 0.3484375 0.528125 0.0609375 0.18671875
27 0.38359375 0.55625 0.053125 0.19140625
26 0.41796875 0.5734375 0.04296875 0.1859375
25 0.453125 0.578125 0.03125 0.15234375
16 0.521875 0.5578125 0.03125 0.146875
17 0.5484375 0.55859375 0.03125 0.16015625
18 0.5859375 0.5703125 0.04296875 0.203125
19 0.62578125 0.559375 0.05625 0.190625
20 0.66484375 0.51953125 0.06875 0.1796875
22 0.7609375 0.4359375 0.0921875 0.1875
23 0.815625 0.37578125 0.084375 0.1703125