30 0.2203125 0.56875 0.08984375 0.18046875
29 0.2828125 0.6234375 0.08984375 0.20390625
28 0.34296875 0.64765625 0.0609375 0.1984375
27 0.390625 0.6625 0.04296875 0.21171875
26 0.434375 0.66875 0.040625 0.22734375
25 0.4703125 0.65703125 0.03125 0.17265625
24 0.5015625 0.66328125 0.02734375 0.175
16 0.5296875 0.66484375 0.02421875 0.16875
17 0.56171875 0.66171875 0.0296875 0.17890625
18 0.59765625 0.6765625 0.0390625 0.23125
19 0.6390625 0.66328125 0.0390625 0.20234375
20 0.68046875 0.6546875 0.040625 0.19609375
21 0.74140625 0.63046875 0.084375 0.1984375
22 0.7984375 0.5671875 0.08203125 0.16484375
14 0.7953125 0.38828125 0.05390625 0.1515625
13 0.746875 0.403125 0.053125 0.2
12 0.70390625 0.4203125 0.0375 0.20390625
11 0.66875 0.42890625 0.040625 0.20625
10 0.628125 0.42421875 0.040625 0.246875
9 0.5859375 0.43046875 0.03515625 0.22734375
8 0.5453125 0.440625 0.046875 0.221875
0 0.4953125 0.42890625 0.0484375 0.23359375
1 0.45703125 0.4234375 0.0546875 0.2265625
2 0.41875 0.38359375 0.0453125 0.2390625
3 0.3859375 0.415625 0.040625 0.21796875
4 0.34765625 0.41171875 0.04296875 0.21015625
5 0.2953125 0.39921875 0.05859375 0.20390625
6 0.240625 0.38203125 0.05546875 0.15546875