7 0.17578125 0.3765625 0.06796875 0.2
6 0.23125 0.396875 0.0625 0.21328125
5 0.29609375 0.40859375 0.07109375 0.21640625
3 0.35078125 0.4140625 0.05703125 0.21875
2 0.39296875 0.4140625 0.04609375 0.24375
1 0.43515625 0.42421875 0.05390625 0.2390625
0 0.47578125 0.41796875 0.03828125 0.2546875
8 0.52578125 0.4265625 0.046875 0.25625
9 0.56171875 0.428125 0.04765625 0.24765625
10 0.609375 0.4234375 0.0421875 0.25390625
11 0.640625 0.4109375 0.040625 0.2171875
13 0.690625 0.41875 0.059375 0.20859375
14 0.753125 0.4125 0.065625 0.2078125
15 0.80625 0.39375 0.05859375 0.203125
31 0.18125 0.60859375 0.0890625 0.2078125
30 0.2421875 0.66484375 0.1078125 0.22890625
28 0.34453125 0.7046875 0.04765625 0.2328125
27 0.3875 0.70546875 0.05390625 0.234375
25 0.44296875 0.6765625 0.0421875 0.2046875
24 0.478125 0.6609375 0.03203125 0.17265625
16 0.50859375 0.6671875 0.03984375 0.1609375
17 0.5453125 0.68203125 0.0421875 0.2234375
18 0.58984375 0.69375 0.05859375 0.2265625
19 0.6171875 0.69453125 0.04609375 0.22421875
20 0.6640625 0.71015625 0.04765625 0.24375
21 0.7328125 0.690625 0.11640625 0.21953125
22 0.79609375 0.63203125 0.09140625 0.1953125