6 0.29609375 0.3875 0.06953125 0.20703125
5 0.35390625 0.3921875 0.07109375 0.2296875
4 0.40625 0.4046875 0.053125 0.26640625
2 0.44375 0.428125 0.046875 0.23984375
1 0.47890625 0.4390625 0.03046875 0.2171875
0 0.509375 0.434375 0.034375 0.24765625
8 0.54375 0.43828125 0.034375 0.23984375
9 0.57734375 0.44609375 0.02890625 0.21953125
10 0.60703125 0.440625 0.034375 0.23984375
11 0.6390625 0.4328125 0.0328125 0.23359375
12 0.66953125 0.4359375 0.03671875 0.19765625
13 0.71328125 0.421875 0.059375 0.19453125
14 0.7578125 0.396875 0.06328125 0.18125
30 0.26640625 0.58828125 0.0875 0.20546875
29 0.31640625 0.628125 0.11015625 0.2109375
28 0.37890625 0.675 0.05078125 0.22734375
27 0.4140625 0.678125 0.04921875 0.2171875
26 0.45234375 0.67890625 0.034375 0.203125
25 0.48125 0.66875 0.02421875 0.20703125
24 0.509375 0.68125 0.0265625 0.19453125
16 0.52890625 0.67734375 0.02421875 0.17890625
17 0.55546875 0.68046875 0.0203125 0.1890625
18 0.58671875 0.6953125 0.0390625 0.2109375
19 0.62421875 0.6890625 0.053125 0.215625
20 0.65625 0.67734375 0.046875 0.20703125
21 0.71953125 0.63359375 0.11171875 0.196875
22 0.76328125 0.5984375 0.09140625 0.2203125