7 0.2625 0.32265625 0.0671875 0.1234375
6 0.29609375 0.42109375 0.0671875 0.159375
3 0.409375 0.415625 0.059375 0.18671875
0 0.5 0.44921875 0.04375 0.22734375
1 0.48046875 0.434375 0.059375 0.2359375
8 0.54453125 0.4609375 0.04140625 0.20625
9 0.5703125 0.4703125 0.04140625 0.18984375
11 0.63515625 0.44140625 0.04921875 0.22265625
14 0.7375 0.43984375 0.06328125 0.17265625
15 0.7671875 0.328125 0.0671875 0.134375
23 0.8203125 0.621875 0.07890625 0.16484375
22 0.753125 0.63984375 0.090625 0.20859375
18 0.57890625 0.684375 0.03125 0.175
17 0.54609375 0.68203125 0.0296875 0.17109375
16 0.51953125 0.678125 0.0234375 0.15546875
24 0.48984375 0.68828125 0.0359375 0.19453125
25 0.45390625 0.6953125 0.0453125 0.196875
26 0.41171875 0.6984375 0.04921875 0.20625
30 0.29453125 0.621875 0.0984375 0.21640625
31 0.2203125 0.5984375 0.08125 0.16484375
29 0.3484375 0.71015625 0.06484375 0.17890625
19 0.61484375 0.728125 0.04765625 0.19453125
20 0.6515625 0.73828125 0.04140625 0.1890625
21 0.70390625 0.740625 0.0515625 0.1765625
4 0.36484375 0.33828125 0.053125 0.17421875
2 0.446875 0.35234375 0.0515625 0.20625
10 0.603125 0.38515625 0.04765625 0.228125
12 0.67421875 0.3828125 0.04375 0.1609375