7 0.19296875 0.41328125 0.059375 0.16953125
6 0.246875 0.41484375 0.05703125 0.209375
5 0.3078125 0.44453125 0.0609375 0.18671875
4 0.346875 0.42421875 0.04453125 0.2359375
3 0.38984375 0.425 0.04453125 0.2421875
2 0.42109375 0.409375 0.059375 0.25078125
1 0.4640625 0.40546875 0.05078125 0.23125
0 0.50625 0.39609375 0.053125 0.23359375
8 0.55703125 0.390625 0.04453125 0.22578125
9 0.59765625 0.39140625 0.03671875 0.2359375
10 0.63984375 0.40390625 0.05078125 0.23125
11 0.68046875 0.40234375 0.0390625 0.23359375
12 0.7171875 0.3984375 0.046875 0.2421875
13 0.76953125 0.415625 0.065625 0.21953125
14 0.8265625 0.39921875 0.053125 0.18671875
15 0.884375 0.3859375 0.06328125 0.17265625
31 0.1890625 0.5984375 0.1125 0.196875
30 0.2625 0.65078125 0.08359375 0.20703125
28 0.390625 0.67890625 0.034375 0.24375
27 0.434375 0.678125 0.04921875 0.23359375
26 0.471875 0.6671875 0.03828125 0.26796875
16 0.55546875 0.61875 0.02421875 0.2078125
17 0.584375 0.63203125 0.0265625 0.215625
18 0.61875 0.6578125 0.040625 0.2828125
19 0.65703125 0.65234375 0.040625 0.26015625
20 0.70078125 0.65546875 0.05078125 0.25
22 0.81953125 0.62109375 0.09609375 0.19296875
24 0.52265625 0.64453125 0.03203125 0.209375
25 0.50390625 0.625 0.021875 0.1859375
29 0.3359375 0.64296875 0.0796875 0.1796875