6 0.21015625 0.3234375 0.07265625 0.22890625
5 0.27578125 0.353125 0.06328125 0.23359375
4 0.31640625 0.36796875 0.04921875 0.246875
3 0.36640625 0.38203125 0.0578125 0.23046875
2 0.40703125 0.38046875 0.03984375 0.24765625
1 0.446875 0.37890625 0.03828125 0.2609375
0 0.4859375 0.36484375 0.05703125 0.30234375
8 0.53125 0.3640625 0.05234375 0.284375
9 0.56640625 0.35234375 0.0578125 0.26171875
10 0.60703125 0.328125 0.0484375 0.28671875
11 0.640625 0.3328125 0.07421875 0.284375
12 0.6890625 0.33125 0.0546875 0.25703125
13 0.75078125 0.32109375 0.071875 0.253125
14 0.81796875 0.30390625 0.0703125 0.21875
15 0.8640625 0.24609375 0.07421875 0.18203125
31 0.14140625 0.5546875 0.1078125 0.1578125
30 0.22265625 0.6 0.1140625 0.278125
29 0.29609375 0.63125 0.103125 0.278125
28 0.3671875 0.628125 0.04296875 0.23125
27 0.40703125 0.65234375 0.04921875 0.26640625
26 0.44296875 0.64453125 0.04296875 0.2296875
25 0.4828125 0.62734375 0.046875 0.19140625
24 0.5171875 0.62421875 0.04140625 0.203125
16 0.54609375 0.6203125 0.0421875 0.20703125
17 0.575 0.63515625 0.04140625 0.23203125
18 0.6125 0.65078125 0.05078125 0.27578125
19 0.65 0.6265625 0.059375 0.2515625
20 0.69140625 0.62578125 0.071875 0.246875
21 0.753125 0.6140625 0.096875 0.27265625
22 0.82734375 0.56328125 0.1171875 0.253125
23 0.90625 0.540625 0.11796875 0.1625