31 0.2109375 0.53515625 0.0984375 0.15234375
30 0.25859375 0.58984375 0.1046875 0.1765625
27 0.39296875 0.62578125 0.03359375 0.2
26 0.42421875 0.6359375 0.03359375 0.20546875
25 0.45390625 0.61953125 0.02578125 0.1640625
24 0.48125 0.6265625 0.021875 0.16640625
16 0.50625 0.62421875 0.01953125 0.1625
17 0.53125 0.63359375 0.02734375 0.18046875
18 0.5640625 0.65234375 0.0375 0.22578125
19 0.5921875 0.64609375 0.03515625 0.22578125
22 0.7 0.59765625 0.0765625 0.184375
23 0.7421875 0.5328125 0.059375 0.12890625
7 0.25078125 0.36015625 0.0609375 0.18125
5 0.328125 0.390625 0.06484375 0.209375
4 0.37421875 0.38515625 0.046875 0.21171875
2 0.42421875 0.403125 0.04140625 0.1921875
1 0.45078125 0.4234375 0.03125 0.17734375
0 0.48125 0.4078125 0.03359375 0.20546875
8 0.51875 0.425 0.0375 0.184375
9 0.5515625 0.4171875 0.02734375 0.19296875
10 0.57890625 0.39140625 0.03515625 0.23203125
14 0.73046875 0.3609375 0.0515625 0.17890625
13 0.68203125 0.38515625 0.053125 0.1828125
12 0.64296875 0.3890625 0.03359375 0.1828125