7 0.23671875 0.37890625 0.06796875 0.12265625
6 0.26953125 0.45703125 0.06953125 0.1703125
2 0.4 0.43359375 0.0375 0.21953125
1 0.4375 0.46796875 0.04140625 0.22421875
0 0.46875 0.46796875 0.03984375 0.2171875
8 0.515625 0.46875 0.046875 0.23828125
9 0.55078125 0.46328125 0.053125 0.2203125
11 0.59609375 0.4375 0.0484375 0.215625
12 0.634375 0.45546875 0.05390625 0.18828125
14 0.71328125 0.453125 0.0640625 0.18359375
15 0.76015625 0.37578125 0.0625 0.14453125
31 0.21875 0.6375 0.07890625 0.14765625
30 0.28125 0.67578125 0.084375 0.215625
29 0.34375 0.65078125 0.0671875 0.121875
27 0.3796875 0.74296875 0.03984375 0.1984375
26 0.41796875 0.7203125 0.0421875 0.23359375
25 0.45234375 0.6984375 0.04296875 0.16640625
24 0.48046875 0.696875 0.03125 0.1703125
16 0.5078125 0.6984375 0.034375 0.1734375
17 0.54140625 0.69453125 0.04296875 0.16171875
18 0.5703125 0.740625 0.03984375 0.21015625
19 0.61484375 0.72734375 0.04609375 0.17578125
21 0.6546875 0.65078125 0.0703125 0.12578125
22 0.7265625 0.68359375 0.0953125 0.20859375
23 0.78984375 0.62734375 0.0828125 0.12734375
3 0.36796875 0.4234375 0.04296875 0.1625
5 0.3265625 0.4125 0.0453125 0.09921875