6 0.26953125 0.47265625 0.0671875 0.2
5 0.33984375 0.46484375 0.0734375 0.20703125
4 0.38828125 0.45390625 0.0625 0.1984375
2 0.45234375 0.4078125 0.0515625 0.278125
1 0.49453125 0.45078125 0.03671875 0.19140625
0 0.53671875 0.45390625 0.0515625 0.19375
8 0.58671875 0.465625 0.0515625 0.2
9 0.6296875 0.4703125 0.034375 0.19140625
10 0.67109375 0.4765625 0.0515625 0.1859375
22 0.81953125 0.68984375 0.07109375 0.1984375
21 0.75 0.6953125 0.0625 0.2046875
20 0.6984375 0.68671875 0.03671875 0.19609375
19 0.66015625 0.6890625 0.0390625 0.2
18 0.61875 0.69296875 0.04765625 0.23046875
24 0.5109375 0.66171875 0.034375 0.16796875
25 0.46875 0.6859375 0.04140625 0.2078125
26 0.4265625 0.68359375 0.04296875 0.19453125
27 0.38515625 0.696875 0.0515625 0.1859375
29 0.26171875 0.68984375 0.08671875 0.1984375