7 0.203125 0.33984375 0.07265625 0.11328125
6 0.2265625 0.41015625 0.06796875 0.2171875
5 0.28203125 0.44140625 0.0640625 0.225
4 0.33046875 0.46484375 0.04140625 0.22734375
3 0.371875 0.49296875 0.0453125 0.19609375
2 0.41328125 0.4578125 0.04140625 0.27890625
1 0.453125 0.51015625 0.04375 0.21875
0 0.49140625 0.51015625 0.0375 0.23984375
8 0.534375 0.50859375 0.04375 0.23984375
9 0.57109375 0.5109375 0.05234375 0.20546875
10 0.6125 0.5 0.04375 0.21875
11 0.65703125 0.49609375 0.04921875 0.2015625
12 0.69921875 0.48984375 0.04375 0.18203125
13 0.75234375 0.44140625 0.06640625 0.24140625
14 0.8140625 0.43203125 0.06640625 0.20625
15 0.834375 0.3578125 0.078125 0.11953125
31 0.1484375 0.578125 0.07421875 0.140625
30 0.21484375 0.62890625 0.090625 0.20859375
29 0.2828125 0.67890625 0.103125 0.2125
28 0.35546875 0.703125 0.0453125 0.20078125
27 0.3921875 0.7078125 0.04921875 0.18828125
26 0.43046875 0.72734375 0.04375 0.1734375
25 0.4671875 0.72734375 0.028125 0.13203125
24 0.49765625 0.7234375 0.025 0.14765625
16 0.5234375 0.725 0.0265625 0.1375
17 0.55234375 0.72578125 0.03515625 0.13984375
18 0.590625 0.7234375 0.0375 0.16953125
19 0.63046875 0.7109375 0.0453125 0.18203125
20 0.68515625 0.703125 0.06015625 0.1921875
21 0.74921875 0.6921875 0.1015625 0.21875
22 0.8203125 0.646875 0.090625 0.2109375
23 0.88828125 0.609375 0.07421875 0.140625