31 0.15546875 0.78359375 0.078125 0.12734375
30 0.22734375 0.78203125 0.09296875 0.23828125
29 0.2984375 0.76484375 0.06640625 0.18203125
28 0.36640625 0.7734375 0.053125 0.15078125
26 0.40546875 0.9328125 0.06171875 0.13359375
24 0.4890625 0.80703125 0.046875 0.18828125
25 0.44609375 0.80234375 0.040625 0.20078125
27 0.40625 0.7875 0.03984375 0.184375
16 0.51875 0.81171875 0.05390625 0.2140625
17 0.56328125 0.815625 0.0421875 0.1921875
19 0.6125 0.803125 0.04921875 0.1671875
18 0.5984375 0.93984375 0.07421875 0.1203125
20 0.6640625 0.78671875 0.0765625 0.13828125
21 0.7203125 0.78046875 0.09296875 0.15703125
22 0.803125 0.81015625 0.10546875 0.2421875
23 0.875 0.8140625 0.08203125 0.11796875
7 0.17109375 0.428125 0.090625 0.13203125
6 0.20703125 0.565625 0.08046875 0.16171875
5 0.271875 0.5921875 0.0640625 0.14375
4 0.28203125 0.4546875 0.0578125 0.15859375
3 0.33125 0.52265625 0.06484375 0.1109375
2 0.3625 0.41015625 0.07890625 0.1671875
1 0.4125 0.54609375 0.05234375 0.17578125
0 0.46640625 0.5765625 0.05390625 0.240625
8 0.5375 0.56875 0.05625 0.2546875
9 0.59140625 0.52578125 0.0671875 0.18203125
10 0.6515625 0.41328125 0.090625 0.13671875
11 0.67578125 0.51796875 0.06953125 0.1234375
12 0.73203125 0.4796875 0.0765625 0.14765625
13 0.734375 0.6171875 0.06484375 0.125
14 0.8046875 0.553125 0.09609375 0.21484375
15 0.85703125 0.45703125 0.08203125 0.15078125