7 0.19765625 0.30390625 0.06015625 0.115625
6 0.215625 0.3984375 0.06484375 0.16796875
5 0.26953125 0.41796875 0.06640625 0.1984375
4 0.31640625 0.44609375 0.0484375 0.1703125
3 0.35703125 0.45078125 0.0484375 0.1921875
2 0.39453125 0.43828125 0.04609375 0.2390625
1 0.43046875 0.46171875 0.03828125 0.2015625
0 0.47109375 0.4640625 0.0421875 0.209375
8 0.51640625 0.45234375 0.04453125 0.2359375
9 0.553125 0.4484375 0.04609375 0.20390625
10 0.596875 0.43828125 0.040625 0.22265625
11 0.63671875 0.44921875 0.04453125 0.184375
12 0.67578125 0.43515625 0.040625 0.184375
13 0.725 0.42578125 0.0625 0.1828125
14 0.7734375 0.3921875 0.06640625 0.1875
15 0.79609375 0.29609375 0.05625 0.115625
31 0.15 0.58515625 0.06640625 0.11796875
30 0.20546875 0.59921875 0.10078125 0.19453125
29 0.271875 0.65078125 0.10078125 0.2125
28 0.33984375 0.67578125 0.04609375 0.20234375
27 0.38125 0.6859375 0.04453125 0.1984375
26 0.42265625 0.70078125 0.0421875 0.22890625
25 0.459375 0.68359375 0.03203125 0.1828125
24 0.490625 0.68828125 0.03046875 0.17421875
16 0.5203125 0.675 0.028125 0.15625
17 0.5515625 0.67421875 0.034375 0.15390625
18 0.5890625 0.7015625 0.04453125 0.23359375
19 0.62734375 0.675 0.040625 0.184375
20 0.66328125 0.67265625 0.04453125 0.196875
21 0.728125 0.65234375 0.09296875 0.2125
22 0.78828125 0.59765625 0.08046875 0.190625