7 0.11171875 0.25625 0.07890625 0.175
6 0.15234375 0.3359375 0.075 0.215625
5 0.21875 0.37421875 0.06640625 0.23671875
4 0.2671875 0.39765625 0.05703125 0.20703125
3 0.309375 0.390625 0.0609375 0.21484375
2 0.35703125 0.36171875 0.05703125 0.28828125
1 0.4125 0.38984375 0.0515625 0.22578125
0 0.46328125 0.40078125 0.0609375 0.21796875
8 0.5203125 0.384375 0.05703125 0.2328125
9 0.57265625 0.39296875 0.04375 0.253125
10 0.615625 0.37578125 0.04921875 0.2875
11 0.65546875 0.39609375 0.05703125 0.2265625
12 0.6953125 0.3859375 0.05625 0.2140625
13 0.7421875 0.39375 0.07890625 0.1875
14 0.7984375 0.3390625 0.08125 0.2125
15 0.85 0.275 0.06640625 0.16875
31 0.1078125 0.534375 0.1265625 0.1828125
30 0.18203125 0.61640625 0.13046875 0.228125
28 0.28203125 0.64921875 0.05234375 0.2265625
27 0.33125 0.6546875 0.05078125 0.240625
26 0.378125 0.6546875 0.0515625 0.26640625
25 0.4234375 0.640625 0.05625 0.234375
24 0.46015625 0.63203125 0.05 0.20390625
16 0.49921875 0.6359375 0.0484375 0.203125
17 0.53984375 0.6421875 0.0453125 0.24140625
18 0.58515625 0.6796875 0.05625 0.2875
19 0.6234375 0.6703125 0.05703125 0.2421875
20 0.66640625 0.6640625 0.053125 0.25546875
22 0.79296875 0.6 0.1125 0.22421875
23 0.85859375 0.55078125 0.09609375 0.184375