7 0.25546875 0.19140625 0.06328125 0.1421875
6 0.27734375 0.3234375 0.08671875 0.21171875
5 0.33203125 0.3546875 0.078125 0.240625
4 0.38828125 0.365625 0.059375 0.28359375
3 0.41796875 0.403125 0.0296875 0.24609375
2 0.44375 0.35703125 0.03984375 0.3046875
1 0.4890625 0.37109375 0.059375 0.33671875
0 0.5234375 0.38359375 0.04609375 0.33203125
8 0.5671875 0.44140625 0.0421875 0.2203125
9 0.6 0.38671875 0.05703125 0.2921875
10 0.63515625 0.3484375 0.0421875 0.29609375
11 0.66953125 0.40546875 0.03203125 0.19921875
12 0.70078125 0.36328125 0.05078125 0.22890625
13 0.753125 0.34140625 0.07578125 0.2359375
15 0.81875 0.1796875 0.071875 0.1484375
14 0.80625 0.31484375 0.07578125 0.1953125
23 0.9046875 0.4859375 0.07578125 0.140625
22 0.84140625 0.534375 0.1140625 0.2203125
21 0.7640625 0.615625 0.1109375 0.25625
20 0.70546875 0.65 0.07421875 0.22890625
19 0.66328125 0.67578125 0.0609375 0.21171875
18 0.62109375 0.70078125 0.053125 0.24140625
17 0.57734375 0.703125 0.0359375 0.2328125
16 0.5515625 0.68125 0.02734375 0.21015625
24 0.5203125 0.66640625 0.03203125 0.23125
25 0.4890625 0.6875 0.03359375 0.196875
26 0.45078125 0.69765625 0.04453125 0.21796875
27 0.41015625 0.68125 0.05703125 0.23515625
28 0.3578125 0.65703125 0.06953125 0.1953125
29 0.303125 0.63359375 0.12421875 0.2625
30 0.2328125 0.54375 0.11640625 0.22265625
31 0.171875 0.4890625 0.078125 0.1546875