7 0.2234375 0.3921875 0.0484375 0.19140625
6 0.2703125 0.41875 0.0484375 0.203125
5 0.31875 0.43125 0.05703125 0.215625
3 0.3640625 0.45 0.03671875 0.196875
2 0.3984375 0.4515625 0.03671875 0.21953125
1 0.4328125 0.46015625 0.0328125 0.21328125
0 0.4703125 0.45859375 0.03828125 0.23359375
8 0.5125 0.46171875 0.040625 0.2234375
9 0.5484375 0.45234375 0.03671875 0.21328125
10 0.58828125 0.44296875 0.03828125 0.20703125
11 0.62421875 0.4390625 0.040625 0.19921875
13 0.66875 0.415625 0.053125 0.2171875
14 0.7203125 0.41171875 0.05078125 0.18515625
15 0.76953125 0.3625 0.05078125 0.22578125
31 0.18984375 0.5765625 0.07890625 0.1765625
30 0.24375 0.62734375 0.08515625 0.19296875
29 0.3015625 0.65546875 0.0953125 0.18515625
28 0.3625 0.6765625 0.04375 0.1953125
27 0.39765625 0.68515625 0.03828125 0.18671875
26 0.43125 0.678125 0.0328125 0.1609375
25 0.4625 0.68671875 0.0265625 0.13125
24 0.4890625 0.67421875 0.03046875 0.14765625
16 0.51640625 0.6828125 0.0359375 0.16640625
17 0.54296875 0.68046875 0.03671875 0.16328125
18 0.57890625 0.6859375 0.05703125 0.1890625
19 0.61171875 0.67578125 0.053125 0.1890625
20 0.65 0.66328125 0.05625 0.18515625
21 0.696875 0.6484375 0.08515625 0.1953125
22 0.74921875 0.60546875 0.06796875 0.17109375
23 0.80703125 0.55078125 0.07734375 0.1546875