7 0.23984375 0.36953125 0.075 0.15546875
6 0.28671875 0.38984375 0.06484375 0.21328125
5 0.33984375 0.40546875 0.0625 0.24453125
4 0.38828125 0.39921875 0.03125 0.24921875
3 0.41484375 0.40078125 0.04609375 0.24765625
2 0.45390625 0.40703125 0.04140625 0.25078125
1 0.4875 0.41171875 0.03359375 0.21953125
0 0.51640625 0.40859375 0.02890625 0.209375
8 0.553125 0.41796875 0.03125 0.215625
9 0.58828125 0.42109375 0.03046875 0.19921875
10 0.621875 0.42421875 0.04375 0.26953125
11 0.64921875 0.4296875 0.03125 0.246875
12 0.68046875 0.42421875 0.03125 0.24921875
13 0.72421875 0.41015625 0.05234375 0.24921875
14 0.7671875 0.3921875 0.06171875 0.20546875
15 0.81015625 0.34296875 0.0734375 0.2234375
30 0.23359375 0.5671875 0.11640625 0.184375
29 0.30234375 0.64609375 0.11640625 0.21796875
27 0.41953125 0.67421875 0.03984375 0.22421875
26 0.46015625 0.67578125 0.0375 0.23515625
25 0.490625 0.67109375 0.02734375 0.21796875
24 0.51875 0.66796875 0.02109375 0.203125
16 0.54453125 0.67265625 0.02734375 0.21171875
17 0.575 0.67109375 0.025 0.20546875
18 0.60546875 0.70234375 0.03515625 0.27578125
19 0.64453125 0.68984375 0.03984375 0.234375
20 0.68359375 0.68828125 0.04140625 0.23046875
21 0.75390625 0.64921875 0.1 0.215625
22 0.81328125 0.57109375 0.11015625 0.196875