7 0.08984375 0.30625 0.0671875 0.18828125
6 0.14921875 0.346875 0.06953125 0.221875
5 0.21640625 0.371875 0.06953125 0.215625
4 0.271875 0.3578125 0.05859375 0.23515625
3 0.31484375 0.36640625 0.05390625 0.21328125
2 0.359375 0.34609375 0.06484375 0.25859375
1 0.40546875 0.34609375 0.03671875 0.23671875
0 0.44140625 0.340625 0.0515625 0.25625
8 0.490625 0.3515625 0.04140625 0.24375
9 0.5328125 0.35 0.0390625 0.21953125
10 0.575 0.3390625 0.05 0.23671875
11 0.62265625 0.340625 0.0453125 0.2265625
12 0.6546875 0.346875 0.0453125 0.2265625
13 0.7140625 0.3421875 0.0734375 0.24375
14 0.77890625 0.325 0.0734375 0.2171875
15 0.834375 0.2875 0.07109375 0.18203125
23 0.81484375 0.50625 0.1015625 0.16796875
22 0.75546875 0.57734375 0.12109375 0.19375
20 0.66015625 0.61640625 0.05625 0.23671875
19 0.603125 0.61171875 0.0453125 0.24140625
18 0.5625 0.6171875 0.0515625 0.26484375
17 0.51953125 0.59453125 0.034375 0.20703125
16 0.4859375 0.59375 0.0328125 0.19140625
24 0.453125 0.5859375 0.0328125 0.21953125
25 0.42109375 0.59453125 0.04140625 0.1984375
26 0.3796875 0.625 0.05390625 0.25
27 0.33671875 0.63125 0.05 0.24140625
28 0.28671875 0.63046875 0.05390625 0.2390625
30 0.171875 0.5890625 0.11875 0.19609375
31 0.10625 0.51875 0.10859375 0.1765625