30 0.22890625 0.59296875 0.10625 0.14921875
29 0.278125 0.64296875 0.1265625 0.1640625
24 0.4828125 0.6984375 0.03046875 0.14140625
25 0.45 0.71328125 0.0328125 0.1953125
26 0.40703125 0.69296875 0.04765625 0.17421875
16 0.50625 0.7 0.02734375 0.14453125
17 0.540625 0.71796875 0.05234375 0.17734375
18 0.5703125 0.7171875 0.0421875 0.1875
19 0.5953125 0.72109375 0.05234375 0.19921875
22 0.75390625 0.6390625 0.11640625 0.15625
5 0.28671875 0.4578125 0.065625 0.15703125
4 0.33515625 0.475 0.04453125 0.19140625
3 0.37109375 0.48359375 0.034375 0.2046875
2 0.4109375 0.4828125 0.04296875 0.22578125
1 0.44296875 0.48671875 0.02578125 0.23046875
0 0.48359375 0.5046875 0.0375 0.20390625
8 0.52578125 0.49765625 0.03828125 0.1984375
9 0.5671875 0.48984375 0.0359375 0.2015625
10 0.6078125 0.4875 0.0515625 0.21640625
11 0.646875 0.49453125 0.04609375 0.20234375
12 0.67734375 0.4734375 0.065625 0.184375
13 0.7328125 0.4640625 0.05859375 0.15390625