7 0.246875 0.4578125 0.05703125 0.1765625
6 0.29921875 0.490625 0.059375 0.17265625
5 0.35 0.49453125 0.04296875 0.17265625
4 0.3921875 0.5046875 0.053125 0.19296875
3 0.4296875 0.55078125 0.0390625 0.1421875
2 0.46171875 0.56875 0.02734375 0.0890625
1 0.42578125 0.43515625 0.1 0.184375
0 0.49453125 0.5140625 0.0390625 0.2234375
8 0.5359375 0.51796875 0.0390625 0.22734375
9 0.5859375 0.43125 0.05703125 0.20546875
10 0.56953125 0.57578125 0.02421875 0.0828125
11 0.59765625 0.54453125 0.0328125 0.15
12 0.62890625 0.51484375 0.04921875 0.18046875
13 0.665625 0.50625 0.040625 0.14765625
14 0.7078125 0.48125 0.04921875 0.17890625
15 0.75546875 0.478125 0.04921875 0.1234375
23 0.809375 0.6328125 0.05546875 0.10703125
22 0.759375 0.6578125 0.08125 0.184375
21 0.7 0.70625 0.07734375 0.196875
20 0.65078125 0.725 0.04453125 0.19296875
19 0.61328125 0.740625 0.0390625 0.190625
18 0.57734375 0.7953125 0.053125 0.24375
17 0.546875 0.7484375 0.0328125 0.18671875
16 0.53125 0.759375 0.05078125 0.22109375
24 0.49296875 0.74375 0.0265625 0.19296875
25 0.4765625 0.75078125 0.05078125 0.20703125
26 0.4390625 0.77109375 0.04921875 0.2234375
27 0.390625 0.740625 0.04296875 0.203125
28 0.34609375 0.72421875 0.05546875 0.203125
30 0.23046875 0.665625 0.07734375 0.196875
31 0.1734375 0.634375 0.05703125 0.11328125
29 0.2875 0.70859375 0.08984375 0.209375