23 0.9015625 0.57578125 0.096875 0.12265625
22 0.82265625 0.6390625 0.07734375 0.228125
31 0.15234375 0.5984375 0.0984375 0.1625
30 0.22578125 0.640625 0.0859375 0.2171875
29 0.2875 0.6578125 0.0921875 0.215625
28 0.3546875 0.67734375 0.04609375 0.23203125
27 0.39375 0.6609375 0.03984375 0.2046875
26 0.42578125 0.66640625 0.05703125 0.2109375
25 0.47265625 0.63984375 0.03359375 0.1625
24 0.50546875 0.64375 0.02734375 0.16484375
21 0.75703125 0.6515625 0.090625 0.228125
20 0.69609375 0.65859375 0.05703125 0.2125
19 0.64921875 0.6515625 0.0421875 0.18984375
18 0.61875 0.6609375 0.0609375 0.1953125
17 0.56953125 0.65 0.0375 0.16875
16 0.5359375 0.6453125 0.0296875 0.16875
15 0.88671875 0.32734375 0.0546875 0.1671875
14 0.85078125 0.4 0.06328125 0.20234375
13 0.78984375 0.40625 0.06328125 0.215625
12 0.73828125 0.4125 0.04375 0.2109375
7 0.1828125 0.3796875 0.05859375 0.209375
6 0.23203125 0.4046875 0.06484375 0.221875
5 0.29375 0.4171875 0.06328125 0.209375
4 0.3421875 0.41484375 0.05859375 0.21640625
3 0.38515625 0.409375 0.0484375 0.221875
2 0.43046875 0.4078125 0.0421875 0.240625
1 0.4765625 0.4140625 0.05078125 0.228125
0 0.51796875 0.41796875 0.0484375 0.23515625
8 0.5703125 0.42734375 0.0484375 0.228125
9 0.61640625 0.41953125 0.04375 0.234375
11 0.6984375 0.41953125 0.06171875 0.23359375
10 0.66484375 0.42109375 0.0578125 0.240625