7 0.13984375 0.39921875 0.08125 0.13359375
6 0.18984375 0.43125 0.0640625 0.19921875
5 0.25625 0.46015625 0.06875 0.18125
4 0.31328125 0.47578125 0.04140625 0.17109375
3 0.3515625 0.47109375 0.04375 0.2
2 0.3984375 0.47578125 0.04140625 0.1890625
1 0.43984375 0.4609375 0.0375 0.21953125
0 0.48125 0.45625 0.0453125 0.25625
8 0.53046875 0.4390625 0.04765625 0.28515625
9 0.57578125 0.43828125 0.0390625 0.2625
10 0.61796875 0.4421875 0.0453125 0.2625
11 0.6640625 0.45 0.05 0.24375
12 0.7046875 0.47109375 0.04765625 0.1796875
13 0.7625 0.4625 0.06875 0.16875
14 0.8265625 0.4234375 0.0640625 0.2078125
15 0.86796875 0.38984375 0.09375 0.15625
23 0.88984375 0.63203125 0.0875 0.1484375
22 0.815625 0.64296875 0.07890625 0.18984375
21 0.75078125 0.6828125 0.0875 0.2
20 0.6875 0.68203125 0.05625 0.17734375
19 0.64140625 0.6984375 0.04140625 0.18984375
18 0.60546875 0.715625 0.0453125 0.21875
17 0.565625 0.6875 0.03125 0.1671875
16 0.534375 0.6890625 0.03125 0.1671875
24 0.50703125 0.6921875 0.03515625 0.17734375
25 0.47109375 0.6890625 0.0328125 0.1671875
26 0.43359375 0.709375 0.04140625 0.20625
27 0.39296875 0.70625 0.04375 0.2
28 0.34609375 0.70390625 0.05 0.20859375
29 0.284375 0.6984375 0.0828125 0.19375
30 0.20859375 0.6578125 0.0890625 0.2
31 0.1328125 0.65 0.09140625 0.1546875