31 0.16484375 0.55234375 0.0734375 0.13984375
30 0.2328125 0.6078125 0.1015625 0.24140625
29 0.30390625 0.646875 0.11015625 0.2546875
28 0.37421875 0.66171875 0.06953125 0.24140625
27 0.41953125 0.6734375 0.078125 0.23515625
26 0.45 0.67109375 0.03046875 0.17421875
23 0.853125 0.51484375 0.06484375 0.1203125
22 0.796875 0.609375 0.0734375 0.22265625
21 0.74140625 0.64453125 0.1015625 0.25859375
20 0.68203125 0.675 0.0609375 0.24140625
19 0.63984375 0.690625 0.0625 0.27265625
18 0.603125 0.69453125 0.0453125 0.2546875
17 0.5671875 0.6671875 0.034375 0.21328125
16 0.5390625 0.66484375 0.02578125 0.2
24 0.51484375 0.66640625 0.021875 0.1375
25 0.48828125 0.65390625 0.03671875 0.16015625
15 0.78359375 0.24375 0.0609375 0.140625
14 0.76953125 0.34765625 0.0890625 0.2109375
13 0.72734375 0.3640625 0.06484375 0.23515625
12 0.67890625 0.39765625 0.04140625 0.20234375
11 0.6375 0.41640625 0.05 0.18359375
10 0.60703125 0.34453125 0.05390625 0.2046875
9 0.57578125 0.4265625 0.0390625 0.2
8 0.5390625 0.421875 0.04296875 0.23828125
7 0.23984375 0.259375 0.05546875 0.11328125
6 0.25859375 0.35546875 0.084375 0.20859375
5 0.31484375 0.371875 0.0671875 0.215625
4 0.37109375 0.38046875 0.0453125 0.22421875
3 0.41640625 0.3890625 0.05 0.2328125
2 0.45703125 0.41953125 0.0390625 0.20703125
1 0.49453125 0.30546875 0.08046875 0.109375
0 0.49453125 0.44609375 0.0453125 0.190625