6 0.234375 0.29609375 0.046875 0.1703125
5 0.28828125 0.30703125 0.0609375 0.19609375
4 0.3359375 0.325 0.04296875 0.20390625
3 0.375 0.34140625 0.04296875 0.2140625
2 0.4125 0.3546875 0.05078125 0.24140625
1 0.44921875 0.3765625 0.046875 0.24140625
0 0.478125 0.38359375 0.0390625 0.26640625
8 0.51640625 0.4015625 0.0453125 0.22578125
9 0.54609375 0.3875 0.040625 0.23515625
10 0.58671875 0.371875 0.040625 0.2546875
11 0.62109375 0.36328125 0.03515625 0.2578125
30 0.215625 0.48984375 0.103125 0.17890625
12 0.64921875 0.35 0.0375 0.22734375
13 0.6984375 0.34140625 0.0640625 0.1828125
14 0.75625 0.30546875 0.0625 0.2
15 0.80625 0.30546875 0.05859375 0.14140625
27 0.38671875 0.5953125 0.05859375 0.19453125
26 0.4234375 0.64140625 0.046875 0.2234375
29 0.2875 0.52890625 0.10546875 0.18671875
28 0.34296875 0.56953125 0.0765625 0.190625
25 0.4640625 0.621875 0.0296875 0.1609375
24 0.49375 0.62265625 0.02734375 0.16328125
16 0.51953125 0.61796875 0.0234375 0.15703125
17 0.54375 0.621875 0.040625 0.16484375
18 0.5796875 0.646875 0.04296875 0.21171875
19 0.6125 0.6171875 0.0875 0.17578125
20 0.6546875 0.60625 0.07421875 0.18828125
21 0.70234375 0.571875 0.084375 0.1671875
22 0.759375 0.5203125 0.08984375 0.16484375