6 0.23828125 0.2546875 0.059375 0.196875
5 0.296875 0.27890625 0.07265625 0.21640625
4 0.36171875 0.28671875 0.05703125 0.23515625
3 0.41328125 0.290625 0.071875 0.26875
2 0.45546875 0.31796875 0.0578125 0.25234375
1 0.5 0.3328125 0.0546875 0.23125
0 0.53515625 0.3328125 0.053125 0.2859375
8 0.59140625 0.3515625 0.0484375 0.271875
9 0.63359375 0.36171875 0.0359375 0.23828125
10 0.67109375 0.35 0.0421875 0.27421875
11 0.71171875 0.34140625 0.0484375 0.26484375
12 0.75078125 0.3453125 0.0421875 0.24375
14 0.84296875 0.29609375 0.053125 0.1953125
30 0.22265625 0.46875 0.1078125 0.178125
29 0.28203125 0.54375 0.11171875 0.2140625
28 0.3671875 0.5828125 0.04609375 0.24609375
27 0.409375 0.5953125 0.04609375 0.25
26 0.446875 0.615625 0.04609375 0.27734375
25 0.4875 0.60703125 0.0296875 0.24375
24 0.5109375 0.609375 0.03359375 0.2265625
16 0.540625 0.6125 0.03046875 0.22890625
17 0.5671875 0.6125 0.0421875 0.225
18 0.603125 0.615625 0.04609375 0.23515625
19 0.65078125 0.62734375 0.0484375 0.25390625
20 0.6953125 0.62578125 0.04453125 0.25625
21 0.78671875 0.5890625 0.13515625 0.2078125
22 0.84140625 0.5234375 0.11796875 0.190625