31 0.103125 0.61875 0.0734375 0.1328125
30 0.1609375 0.68046875 0.084375 0.19453125
29 0.2375 0.7046875 0.09296875 0.209375
28 0.30078125 0.70703125 0.06640625 0.19765625
27 0.34921875 0.709375 0.05390625 0.19765625
26 0.39765625 0.72265625 0.04296875 0.2296875
25 0.43828125 0.7015625 0.05390625 0.153125
24 0.48515625 0.7015625 0.04375 0.165625
16 0.5234375 0.71171875 0.05390625 0.13984375
17 0.56484375 0.7046875 0.04609375 0.14296875
18 0.6015625 0.734375 0.0453125 0.2359375
19 0.6546875 0.72265625 0.05234375 0.20703125
20 0.7046875 0.73046875 0.059375 0.2109375
21 0.77890625 0.71484375 0.09609375 0.21640625
22 0.840625 0.675 0.07890625 0.17890625
23 0.90859375 0.621875 0.06171875 0.1265625
7 0.17109375 0.353125 0.08046875 0.10859375
6 0.1953125 0.440625 0.0859375 0.18359375
5 0.24921875 0.48515625 0.06640625 0.2234375
4 0.3046875 0.490625 0.05234375 0.20546875
3 0.353125 0.4859375 0.065625 0.225
2 0.39921875 0.46328125 0.0625 0.2609375
1 0.44296875 0.48671875 0.0515625 0.24296875
0 0.48984375 0.50625 0.04453125 0.1984375
8 0.540625 0.50390625 0.05234375 0.22265625
9 0.5890625 0.4875 0.05234375 0.2484375
10 0.6390625 0.47890625 0.0609375 0.27265625
11 0.67578125 0.49296875 0.0515625 0.23828125
12 0.72421875 0.49609375 0.04609375 0.22421875
13 0.775 0.48046875 0.06796875 0.22890625
14 0.8203125 0.42734375 0.07578125 0.1859375
15 0.85703125 0.35546875 0.06640625 0.1078125