7 0.17421875 0.2421875 0.05625 0.18515625
6 0.22421875 0.29375 0.06796875 0.1828125
4 0.31796875 0.32109375 0.03984375 0.2296875
3 0.359375 0.3234375 0.04609375 0.23515625
2 0.403125 0.315625 0.0421875 0.259375
1 0.44609375 0.33515625 0.0359375 0.21484375
0 0.49375 0.34453125 0.04375 0.22890625
8 0.55390625 0.35078125 0.04375 0.240625
9 0.5953125 0.34453125 0.03828125 0.22890625
10 0.6359375 0.33515625 0.04375 0.265625
11 0.684375 0.3421875 0.04765625 0.240625
12 0.73671875 0.33984375 0.04609375 0.21484375
14 0.82265625 0.303125 0.06171875 0.20703125
15 0.875 0.284375 0.06171875 0.16875
23 0.86328125 0.48046875 0.08203125 0.17734375
22 0.8078125 0.53046875 0.08828125 0.19296875
21 0.7359375 0.54921875 0.0796875 0.19921875
20 0.675 0.57265625 0.04609375 0.17734375
19 0.63125 0.5984375 0.04609375 0.209375
18 0.58515625 0.56484375 0.0421875 0.17734375
17 0.54765625 0.56171875 0.03203125 0.1671875
16 0.51875 0.5515625 0.02578125 0.14296875
24 0.4890625 0.553125 0.0296875 0.14296875
25 0.4578125 0.565625 0.03125 0.16328125
26 0.42265625 0.58984375 0.0421875 0.22734375
27 0.3828125 0.571875 0.0421875 0.190625
30 0.234375 0.51328125 0.0921875 0.18671875
31 0.1828125 0.44765625 0.08203125 0.16328125