7 0.13515625 0.35859375 0.07890625 0.1921875
6 0.19765625 0.37109375 0.0671875 0.22890625
5 0.26015625 0.396875 0.0875 0.23203125
4 0.321875 0.39921875 0.0703125 0.23671875
3 0.36640625 0.3859375 0.05859375 0.259375
2 0.41015625 0.3859375 0.0578125 0.27890625
1 0.45546875 0.39765625 0.05078125 0.25
0 0.50234375 0.41640625 0.053125 0.25078125
8 0.55625 0.4125 0.05546875 0.26796875
9 0.603125 0.41484375 0.0453125 0.22421875
10 0.63984375 0.39609375 0.0421875 0.2625
11 0.68125 0.40859375 0.04375 0.24375
12 0.72265625 0.40625 0.0453125 0.23515625
13 0.77109375 0.4125 0.06171875 0.2359375
14 0.82890625 0.4046875 0.071875 0.215625
15 0.87734375 0.35078125 0.06484375 0.16484375
31 0.12421875 0.57578125 0.103125 0.15078125
30 0.1890625 0.6359375 0.11171875 0.21484375
28 0.32265625 0.68046875 0.059375 0.21953125
27 0.3703125 0.6765625 0.0625 0.20390625
26 0.42109375 0.6703125 0.0546875 0.2359375
25 0.46640625 0.65 0.0484375 0.18984375
24 0.5 0.6390625 0.0484375 0.1765625
16 0.5375 0.6453125 0.0453125 0.1859375
17 0.57109375 0.66171875 0.0359375 0.21796875
18 0.61796875 0.68046875 0.06484375 0.25546875
19 0.65546875 0.684375 0.0515625 0.20625
20 0.70234375 0.6984375 0.06953125 0.21875
22 0.8078125 0.65703125 0.1140625 0.19609375
23 0.86171875 0.58515625 0.10234375 0.14140625