7 0.1984375 0.30078125 0.0703125 0.11796875
6 0.21875 0.39609375 0.07578125 0.2046875
5 0.27421875 0.415625 0.06875 0.246875
4 0.3296875 0.4328125 0.0453125 0.25078125
3 0.375 0.465625 0.0578125 0.22265625
2 0.41484375 0.4546875 0.0453125 0.290625
1 0.45390625 0.4921875 0.03671875 0.2609375
0 0.50625 0.503125 0.05 0.2625
8 0.54609375 0.4984375 0.03984375 0.26171875
9 0.5875 0.5 0.04765625 0.259375
10 0.6359375 0.47578125 0.040625 0.28984375
11 0.6703125 0.48125 0.0484375 0.24453125
12 0.7125 0.48125 0.0546875 0.2265625
13 0.765625 0.4484375 0.065625 0.2125
14 0.8140625 0.4109375 0.07421875 0.18203125
15 0.834375 0.309375 0.0640625 0.121875
31 0.14296875 0.58828125 0.0765625 0.14921875
30 0.19921875 0.6234375 0.1 0.21953125
29 0.27265625 0.68671875 0.09609375 0.25078125
27 0.38828125 0.740625 0.04921875 0.2234375
26 0.4328125 0.76015625 0.05078125 0.26328125
25 0.47734375 0.73984375 0.0375 0.175
24 0.5125 0.73828125 0.03359375 0.16171875
16 0.54296875 0.75390625 0.03203125 0.15078125
17 0.575 0.740625 0.03671875 0.16328125
18 0.6171875 0.76328125 0.0546875 0.24765625
19 0.6703125 0.740625 0.04453125 0.215625
21 0.7546875 0.7140625 0.11640625 0.2484375
22 0.82265625 0.63046875 0.109375 0.20703125
23 0.88671875 0.59921875 0.08125 0.15