31 0.153125 0.584375 0.06015625 0.115625
30 0.209375 0.59609375 0.09296875 0.20078125
29 0.27421875 0.646875 0.09296875 0.21640625
28 0.33359375 0.67421875 0.0625 0.20703125
27 0.38515625 0.6875 0.04453125 0.20546875
25 0.4578125 0.69609375 0.028125 0.1984375
23 0.8546875 0.5984375 0.06015625 0.115625
22 0.79296875 0.59921875 0.08671875 0.20234375
21 0.73671875 0.646875 0.0984375 0.2125
20 0.68125 0.67890625 0.06875 0.20078125
19 0.62578125 0.6890625 0.04609375 0.20859375
18 0.590625 0.71953125 0.040625 0.24921875
17 0.55234375 0.6765625 0.03203125 0.15234375
26 0.4234375 0.68671875 0.040625 0.18828125
16 0.5203125 0.678125 0.028125 0.15859375
24 0.48984375 0.678125 0.028125 0.178125
7 0.23359375 0.27890625 0.06015625 0.09765625
6 0.24609375 0.384375 0.084375 0.1875
5 0.284375 0.41015625 0.06875 0.22265625
4 0.3359375 0.40859375 0.04609375 0.20859375
15 0.79453125 0.27578125 0.05625 0.1
14 0.77890625 0.3828125 0.07890625 0.1921875
13 0.73671875 0.42109375 0.06640625 0.2046875
12 0.68984375 0.4078125 0.040625 0.190625
11 0.653125 0.42890625 0.040625 0.26484375
10 0.61171875 0.43671875 0.034375 0.23984375
9 0.57890625 0.4421875 0.03203125 0.246875
8 0.53828125 0.4703125 0.04453125 0.2109375
0 0.4859375 0.4796875 0.0484375 0.18828125
1 0.4515625 0.46953125 0.04453125 0.18828125
2 0.4109375 0.40546875 0.040625 0.23046875
3 0.37890625 0.446875 0.04453125 0.20859375