7 0.23828125 0.43046875 0.075 0.20625
6 0.303125 0.44375 0.07421875 0.2203125
4 0.35078125 0.4296875 0.05078125 0.23046875
3 0.3984375 0.42578125 0.0453125 0.23515625
2 0.4359375 0.4390625 0.04453125 0.23203125
1 0.471875 0.44375 0.040625 0.19921875
0 0.5140625 0.44296875 0.04765625 0.21484375
8 0.55625 0.43828125 0.040625 0.23828125
9 0.59375 0.46015625 0.046875 0.16015625
11 0.67265625 0.42890625 0.04453125 0.21953125
12 0.70234375 0.41796875 0.0453125 0.2109375
13 0.75546875 0.41953125 0.08046875 0.22734375
14 0.8234375 0.41640625 0.0765625 0.2109375
31 0.16875 0.55703125 0.109375 0.1515625
23 0.8765625 0.55546875 0.10234375 0.1390625
16 0.5375 0.66796875 0.03671875 0.18359375
17 0.56796875 0.675 0.03046875 0.20625
18 0.6046875 0.68203125 0.0390625 0.23671875
20 0.709375 0.68125 0.071875 0.21015625
24 0.51171875 0.66796875 0.03515625 0.17421875
25 0.48203125 0.67109375 0.04375 0.1875
26 0.44375 0.7 0.04296875 0.23046875
27 0.4046875 0.7015625 0.053125 0.225
28 0.33671875 0.696875 0.0984375 0.22421875