7 0.2140625 0.31328125 0.071875 0.121875
6 0.234375 0.40703125 0.0703125 0.18125
5 0.28515625 0.4390625 0.0625 0.17578125
4 0.33515625 0.44765625 0.0453125 0.184375
3 0.37578125 0.446875 0.0453125 0.20234375
2 0.4140625 0.4328125 0.0390625 0.2453125
1 0.4515625 0.45390625 0.03125 0.1859375
0 0.48828125 0.45703125 0.03515625 0.203125
8 0.5265625 0.44453125 0.0328125 0.22578125
9 0.56328125 0.44609375 0.040625 0.209375
10 0.60078125 0.41484375 0.0453125 0.23125
11 0.6375 0.446875 0.0375 0.19453125
12 0.671875 0.4390625 0.04296875 0.190625
13 0.7234375 0.4421875 0.0609375 0.1609375
15 0.80390625 0.33203125 0.0609375 0.1046875
23 0.821875 0.58671875 0.0625 0.11796875
22 0.765625 0.6078125 0.0859375 0.1765625
21 0.70234375 0.6453125 0.0875 0.1921875
20 0.6421875 0.65703125 0.05078125 0.18828125
19 0.60625 0.659375 0.0609375 0.175
18 0.57421875 0.7015625 0.03515625 0.14921875
17 0.54375 0.66484375 0.053125 0.18828125
16 0.51875 0.6640625 0.0328125 0.1640625
24 0.5015625 0.6578125 0.05078125 0.19453125
25 0.46953125 0.65703125 0.0296875 0.14921875
26 0.43359375 0.6875 0.0390625 0.18359375
27 0.3984375 0.67265625 0.046875 0.184375
28 0.35859375 0.66953125 0.0484375 0.19453125
29 0.29765625 0.65 0.0875 0.190625
30 0.23828125 0.6109375 0.08984375 0.1828125
31 0.18359375 0.578125 0.0625 0.1171875
14 0.7796875 0.41328125 0.0625 0.17109375