7 0.1921875 0.37109375 0.0640625 0.1578125
6 0.228125 0.421875 0.06640625 0.2015625
5 0.284375 0.453125 0.0625 0.19296875
4 0.3359375 0.446875 0.0453125 0.24296875
3 0.3765625 0.46171875 0.04765625 0.234375
2 0.41171875 0.47421875 0.04765625 0.24296875
1 0.453125 0.47109375 0.03125 0.240625
0 0.48125 0.47265625 0.0375 0.265625
8 0.52265625 0.490625 0.04140625 0.234375
9 0.56640625 0.475 0.0453125 0.253125
10 0.60078125 0.47421875 0.04375 0.25078125
11 0.6421875 0.4671875 0.0390625 0.253125
12 0.6828125 0.4578125 0.040625 0.25078125
13 0.73671875 0.46171875 0.0625 0.2140625
14 0.79453125 0.425 0.0625 0.240625
15 0.8140625 0.29453125 0.08125 0.21953125
31 0.17421875 0.60859375 0.075 0.11796875
30 0.23046875 0.65546875 0.1078125 0.203125
29 0.3015625 0.70546875 0.10546875 0.228125
28 0.35546875 0.73359375 0.06875 0.23828125
27 0.3953125 0.73984375 0.05625 0.23046875
26 0.42734375 0.75234375 0.05 0.221875
25 0.4671875 0.73046875 0.02890625 0.21171875
24 0.49140625 0.72421875 0.02109375 0.19921875
16 0.51484375 0.721875 0.02421875 0.18671875
17 0.54140625 0.73046875 0.02890625 0.190625
18 0.571875 0.76015625 0.03125 0.25546875
19 0.61015625 0.746875 0.0453125 0.24453125
20 0.65234375 0.746875 0.05 0.24453125
21 0.71796875 0.71953125 0.1078125 0.23203125
22 0.7921875 0.6625 0.11171875 0.19296875
23 0.85234375 0.61640625 0.09140625 0.10390625