27 0.39921875 0.5953125 0.040625 0.190625
26 0.4328125 0.6046875 0.0375 0.190625
25 0.465625 0.60703125 0.0296875 0.1671875
24 0.49140625 0.60078125 0.02265625 0.15546875
16 0.5203125 0.60625 0.0296875 0.16484375
17 0.54609375 0.60703125 0.0375 0.175
18 0.57734375 0.60546875 0.0375 0.1953125
19 0.6125 0.603125 0.021875 0.14375
8 0.534375 0.38359375 0.0453125 0.246875
9 0.5734375 0.40078125 0.0328125 0.19609375
0 0.49140625 0.396875 0.0296875 0.1609375
1 0.4578125 0.403125 0.021875 0.13125
6 0.23359375 0.35546875 0.053125 0.1953125
5 0.28203125 0.3390625 0.0453125 0.17890625
4 0.31484375 0.37578125 0.025 0.134375