6 0.2421875 0.34453125 0.096875 0.18515625
5 0.28046875 0.365625 0.07265625 0.21953125
4 0.34296875 0.38203125 0.0578125 0.20390625
3 0.371875 0.38828125 0.0421875 0.21171875
2 0.41953125 0.39140625 0.04453125 0.23828125
1 0.4609375 0.4 0.04609375 0.240625
0 0.49921875 0.40546875 0.04609375 0.2296875
8 0.54453125 0.40546875 0.04453125 0.2421875
10 0.62109375 0.396875 0.040625 0.24609375
11 0.66015625 0.39765625 0.0421875 0.21640625
12 0.68828125 0.4109375 0.0546875 0.1734375
13 0.746875 0.39296875 0.05859375 0.20546875
14 0.78828125 0.3484375 0.07265625 0.20546875
30 0.25234375 0.58984375 0.11328125 0.17578125
28 0.36328125 0.646875 0.0484375 0.19375
27 0.40625 0.65546875 0.04609375 0.209375
26 0.4421875 0.66640625 0.05859375 0.2359375
25 0.4953125 0.6625 0.03828125 0.2234375
24 0.5203125 0.64296875 0.03125 0.19375
16 0.5515625 0.65390625 0.0265625 0.1921875
17 0.58359375 0.67421875 0.03046875 0.21953125
18 0.62265625 0.69375 0.0359375 0.26171875
19 0.65546875 0.67421875 0.03203125 0.21171875
20 0.69609375 0.66640625 0.0390625 0.20390625
22 0.7953125 0.584375 0.0984375 0.16953125