7 0.209375 0.41953125 0.08046875 0.18671875
6 0.2640625 0.4390625 0.05703125 0.20859375
5 0.3296875 0.46015625 0.06953125 0.23828125
4 0.36796875 0.47421875 0.0359375 0.20234375
3 0.40390625 0.48984375 0.040625 0.1875
2 0.43671875 0.47578125 0.05546875 0.22265625
1 0.48203125 0.48203125 0.0359375 0.2140625
0 0.5203125 0.48203125 0.0359375 0.23125
8 0.5625 0.49609375 0.040625 0.2
9 0.60078125 0.4796875 0.03203125 0.22109375
10 0.63984375 0.46796875 0.0421875 0.240625
11 0.678125 0.4796875 0.0421875 0.2046875
12 0.71171875 0.453125 0.03359375 0.2359375
13 0.75703125 0.48125 0.053125 0.1609375
14 0.81015625 0.43984375 0.053125 0.20234375
15 0.8640625 0.41875 0.06796875 0.1640625
23 0.86953125 0.6140625 0.0953125 0.178125
22 0.81171875 0.665625 0.0890625 0.19140625
21 0.74296875 0.69609375 0.08671875 0.2140625
20 0.69296875 0.6984375 0.05546875 0.18515625
19 0.65703125 0.70625 0.046875 0.17890625
18 0.62421875 0.71484375 0.053125 0.19609375
17 0.58828125 0.70625 0.03515625 0.175
16 0.55546875 0.696875 0.02578125 0.16015625
24 0.5296875 0.69296875 0.0296875 0.1875
25 0.5 0.69453125 0.0296875 0.1515625
26 0.4640625 0.71796875 0.0421875 0.21484375
27 0.428125 0.70546875 0.0421875 0.178125
28 0.3875 0.7046875 0.06796875 0.1984375
29 0.33671875 0.6921875 0.1015625 0.21953125
30 0.25703125 0.66796875 0.10390625 0.19609375
31 0.19296875 0.61796875 0.11015625 0.18515625