6 0.24375 0.32578125 0.06796875 0.1859375
5 0.2796875 0.409375 0.0671875 0.178125
4 0.3296875 0.4109375 0.0453125 0.2
3 0.36796875 0.4125 0.040625 0.21015625
2 0.42421875 0.40703125 0.0625 0.2234375
0 0.46484375 0.43984375 0.046875 0.2421875
8 0.51875 0.4453125 0.0484375 0.2375
9 0.5546875 0.42890625 0.0390625 0.2328125
10 0.58828125 0.41328125 0.04375 0.2515625
11 0.63203125 0.415625 0.053125 0.23203125
12 0.67109375 0.4171875 0.04765625 0.20078125
13 0.71875 0.40625 0.0703125 0.1875
14 0.77265625 0.359375 0.07578125 0.203125
29 0.2828125 0.63515625 0.09609375 0.2265625
28 0.33515625 0.66015625 0.053125 0.2265625
27 0.3796875 0.66875 0.0515625 0.2125
26 0.4203125 0.690625 0.0515625 0.26640625
25 0.45546875 0.67734375 0.03515625 0.1859375
24 0.48359375 0.66875 0.03203125 0.16875
16 0.50859375 0.6703125 0.03203125 0.184375
17 0.5328125 0.6609375 0.0265625 0.16875
18 0.56953125 0.68125 0.0375 0.21328125
19 0.61328125 0.67265625 0.046875 0.2234375
20 0.653125 0.6671875 0.0640625 0.21953125
21 0.71484375 0.64765625 0.10078125 0.22734375
22 0.775 0.59296875 0.09609375 0.1703125