7 0.23125 0.3375 0.0609375 0.128125
6 0.25859375 0.4234375 0.06875 0.17109375
4 0.3046875 0.3796875 0.046875 0.15
3 0.35 0.43671875 0.04296875 0.20234375
2 0.39375 0.38125 0.0484375 0.24609375
1 0.4296875 0.46015625 0.046875 0.221875
0 0.46953125 0.4671875 0.040625 0.23125
8 0.51484375 0.45546875 0.040625 0.25078125
9 0.5421875 0.45 0.071875 0.22734375
10 0.57734375 0.38203125 0.0609375 0.19453125
11 0.63203125 0.4359375 0.053125 0.2078125
12 0.671875 0.3546875 0.07421875 0.15625
13 0.73828125 0.41875 0.06640625 0.18046875
14 0.7734375 0.33359375 0.05859375 0.159375
15 0.8 0.2703125 0.065625 0.103125
31 0.1671875 0.553125 0.05625 0.1296875
30 0.209375 0.61484375 0.07421875 0.1515625
29 0.271875 0.66953125 0.08203125 0.21015625
28 0.31875 0.71328125 0.06640625 0.19609375
27 0.3703125 0.73515625 0.0453125 0.21171875
26 0.4140625 0.7609375 0.046875 0.21015625
25 0.44921875 0.70078125 0.03515625 0.17109375
24 0.478125 0.6859375 0.0234375 0.15703125
16 0.5078125 0.69453125 0.02734375 0.1828125
17 0.5359375 0.69609375 0.040625 0.1609375
18 0.5796875 0.7609375 0.05078125 0.2140625
19 0.625 0.71796875 0.05078125 0.20625
20 0.68125 0.696875 0.07421875 0.19140625
21 0.7328125 0.659375 0.09765625 0.21015625
22 0.80625 0.621875 0.09765625 0.1765625
23 0.84453125 0.553125 0.05625 0.1296875