7 0.1796875 0.32734375 0.06640625 0.19375
6 0.24609375 0.33046875 0.06640625 0.21171875
2 0.3953125 0.3140625 0.0484375 0.28828125
1 0.4328125 0.31171875 0.040625 0.29609375
0 0.4765625 0.34609375 0.04296875 0.23125
8 0.51640625 0.35859375 0.0453125 0.23359375
9 0.55625 0.3296875 0.0390625 0.2296875
10 0.59296875 0.321875 0.0375 0.24921875
11 0.628125 0.3109375 0.040625 0.26640625
12 0.6625 0.3171875 0.03515625 0.22734375
13 0.7046875 0.31875 0.05859375 0.2234375
14 0.7546875 0.303125 0.053125 0.16484375
15 0.8015625 0.30234375 0.053125 0.10859375
23 0.77421875 0.4625 0.1109375 0.14765625
16 0.515625 0.58359375 0.02734375 0.16328125
17 0.5421875 0.59140625 0.0296875 0.1984375
18 0.57421875 0.61484375 0.03125 0.19453125
20 0.646875 0.590625 0.03515625 0.20390625
24 0.4890625 0.5875 0.0296875 0.175
25 0.4671875 0.5796875 0.02734375 0.21015625
26 0.43125 0.58828125 0.046875 0.22734375
27 0.39453125 0.571875 0.0546875 0.20234375
28 0.353125 0.58046875 0.0625 0.2390625