7 0.1875 0.30546875 0.06171875 0.2046875
6 0.24296875 0.32578125 0.05625 0.2296875
5 0.30234375 0.33515625 0.065625 0.2359375
4 0.3484375 0.3421875 0.0515625 0.23828125
3 0.38515625 0.35859375 0.046875 0.2359375
2 0.42109375 0.359375 0.04765625 0.253125
1 0.46015625 0.36875 0.0375 0.240625
0 0.49921875 0.3734375 0.04453125 0.246875
8 0.53671875 0.371875 0.053125 0.25390625
9 0.578125 0.378125 0.04921875 0.225
10 0.615625 0.37421875 0.0390625 0.2359375
11 0.6578125 0.359375 0.0421875 0.22890625
12 0.6953125 0.36171875 0.0390625 0.21484375
13 0.74140625 0.34375 0.06875 0.21328125
14 0.8 0.3328125 0.0609375 0.20703125
15 0.84609375 0.31328125 0.0625 0.19609375
31 0.17578125 0.48203125 0.11953125 0.1359375
30 0.25078125 0.54609375 0.08203125 0.2015625
29 0.30859375 0.5609375 0.08515625 0.203125
28 0.365625 0.57421875 0.0515625 0.1796875
27 0.40234375 0.57890625 0.05078125 0.1765625
24 0.4984375 0.5734375 0.03046875 0.13828125
25 0.465625 0.5875 0.0328125 0.15078125
26 0.43046875 0.5921875 0.040625 0.17890625
16 0.51953125 0.5921875 0.03125 0.171875
17 0.54765625 0.5984375 0.040625 0.1375
18 0.5875 0.6046875 0.0578125 0.19375
19 0.61953125 0.590625 0.059375 0.196875
20 0.65703125 0.58984375 0.059375 0.20234375
22 0.7796875 0.5609375 0.0984375 0.21015625
23 0.85 0.49921875 0.1296875 0.1265625