7 0.209375 0.27265625 0.0859375 0.1046875
6 0.21796875 0.35625 0.06171875 0.14921875
5 0.26484375 0.403125 0.071875 0.2
4 0.3171875 0.44296875 0.0484375 0.14765625
3 0.36328125 0.44453125 0.05078125 0.16328125
2 0.40234375 0.3625 0.05078125 0.253125
1 0.4421875 0.45625 0.0453125 0.1984375
0 0.47578125 0.446875 0.0453125 0.2609375
8 0.5296875 0.43671875 0.046875 0.2765625
9 0.565625 0.45546875 0.0484375 0.1921875
10 0.6 0.40078125 0.046875 0.278125
11 0.64140625 0.41953125 0.0484375 0.21015625
12 0.684375 0.41953125 0.0453125 0.17890625
13 0.73515625 0.409375 0.071875 0.1984375
14 0.77734375 0.33203125 0.0703125 0.1640625
15 0.7953125 0.253125 0.078125 0.1046875
23 0.8328125 0.5421875 0.0609375 0.13125
22 0.7890625 0.6046875 0.09765625 0.1828125
21 0.71875 0.66328125 0.10546875 0.21796875
20 0.65703125 0.6765625 0.0765625 0.184375
19 0.6140625 0.7078125 0.0453125 0.18046875
18 0.571875 0.70625 0.0390625 0.20625
17 0.53984375 0.68984375 0.0328125 0.1765625
16 0.5125 0.68828125 0.0265625 0.17265625
24 0.4953125 0.68984375 0.0203125 0.18046875
25 0.46796875 0.6890625 0.0375 0.1828125
26 0.43671875 0.7125 0.0453125 0.1984375
27 0.39765625 0.6921875 0.053125 0.18046875
28 0.3625 0.67109375 0.06875 0.18671875
29 0.30078125 0.66640625 0.09765625 0.215625
30 0.2234375 0.6 0.103125 0.18046875
31 0.1765625 0.53203125 0.0609375 0.14140625