31 0.2015625 0.55859375 0.0953125 0.146875
30 0.25390625 0.63671875 0.11171875 0.2015625
28 0.35546875 0.67890625 0.0484375 0.23515625
27 0.3984375 0.69140625 0.05078125 0.24765625
26 0.446875 0.70078125 0.04609375 0.25390625
25 0.48828125 0.70546875 0.0359375 0.25390625
24 0.5265625 0.6890625 0.0359375 0.2171875
16 0.559375 0.6640625 0.03359375 0.16328125
17 0.59609375 0.69765625 0.03984375 0.23125
18 0.6421875 0.7265625 0.05703125 0.29609375
19 0.68671875 0.70546875 0.05703125 0.24609375
20 0.728125 0.696875 0.0546875 0.24140625
23 0.8703125 0.56484375 0.06953125 0.12578125
7 0.21171875 0.36015625 0.0484375 0.15078125
6 0.24765625 0.37734375 0.065625 0.21796875
5 0.31328125 0.4109375 0.065625 0.20546875
2 0.41640625 0.3921875 0.04453125 0.30703125
1 0.46484375 0.41796875 0.053125 0.25
0 0.50625 0.41015625 0.0421875 0.2625
8 0.5515625 0.39375 0.0484375 0.27734375
9 0.5984375 0.42578125 0.04453125 0.23515625
10 0.6453125 0.42265625 0.05078125 0.2375
11 0.6859375 0.42265625 0.04609375 0.21640625
12 0.7234375 0.41171875 0.03359375 0.228125
13 0.77109375 0.43515625 0.065625 0.19921875
14 0.825 0.39921875 0.071875 0.2078125
15 0.86953125 0.37578125 0.07578125 0.15625