7 0.13359375 0.35703125 0.0796875 0.19375
6 0.196875 0.36953125 0.06796875 0.23046875
5 0.26015625 0.39609375 0.08828125 0.23359375
4 0.32265625 0.3984375 0.0703125 0.2390625
3 0.3671875 0.38515625 0.05859375 0.26171875
2 0.41171875 0.38515625 0.0578125 0.28125
1 0.45703125 0.396875 0.0515625 0.2515625
0 0.5046875 0.415625 0.053125 0.253125
8 0.55859375 0.41171875 0.05625 0.2703125
9 0.60625 0.4140625 0.0453125 0.2265625
10 0.64375 0.3953125 0.04296875 0.26484375
11 0.68515625 0.4078125 0.04375 0.24609375
12 0.7265625 0.40546875 0.0453125 0.2375
13 0.775 0.41171875 0.06171875 0.2375
14 0.83359375 0.40390625 0.07265625 0.21796875
15 0.8828125 0.35 0.06484375 0.16640625
31 0.1234375 0.5765625 0.10390625 0.15234375
30 0.1890625 0.63671875 0.1125 0.21640625
28 0.32265625 0.68203125 0.059375 0.22109375
27 0.37109375 0.678125 0.06328125 0.20546875
26 0.42265625 0.671875 0.05546875 0.2375
25 0.46796875 0.65078125 0.04921875 0.19140625
24 0.50234375 0.63984375 0.0484375 0.178125
16 0.53984375 0.646875 0.04609375 0.1875
17 0.5734375 0.66328125 0.03671875 0.21953125
18 0.6203125 0.68203125 0.065625 0.25703125
19 0.65859375 0.68515625 0.0515625 0.2078125
20 0.70625 0.7 0.0703125 0.2203125
22 0.81171875 0.6578125 0.11484375 0.19765625
23 0.8671875 0.5859375 0.103125 0.14296875