7 0.228125 0.42578125 0.0671875 0.12578125
15 0.815625 0.4140625 0.0671875 0.121875
23 0.8453125 0.62578125 0.06328125 0.11171875
31 0.18984375 0.6453125 0.0734375 0.128125
30 0.25234375 0.65 0.07578125 0.1734375
29 0.32109375 0.6671875 0.0796875 0.1796875
28 0.3796875 0.66953125 0.05390625 0.16796875
22 0.7859375 0.64765625 0.0796875 0.1640625
20 0.68359375 0.68984375 0.0375 0.18515625
19 0.646875 0.690625 0.03984375 0.1796875
18 0.61015625 0.6921875 0.0296875 0.18984375
17 0.5796875 0.6796875 0.028125 0.15390625
16 0.54921875 0.678125 0.0234375 0.1578125
24 0.52265625 0.6765625 0.02578125 0.15859375
25 0.49375 0.6859375 0.028125 0.18515625
26 0.4546875 0.68515625 0.03984375 0.2046875
6 0.26953125 0.4796875 0.059375 0.17734375
5 0.33046875 0.49921875 0.065625 0.15
8 0.5515625 0.503125 0.04765625 0.1421875
14 0.79375 0.4953125 0.05546875 0.14609375
13 0.74296875 0.51171875 0.0578125 0.15390625
12 0.6953125 0.50546875 0.0375 0.165625
11 0.66640625 0.51015625 0.0359375 0.159375
0 0.5109375 0.4890625 0.0453125 0.1609375
1 0.47421875 0.48828125 0.0515625 0.1515625
9 0.590625 0.5046875 0.03359375 0.1484375
10 0.62578125 0.51328125 0.0375 0.16171875
2 0.42578125 0.4765625 0.04921875 0.190625
3 0.38203125 0.4859375 0.04140625 0.1734375