7 0.2140625 0.2578125 0.06015625 0.10859375
6 0.23515625 0.34375 0.0625 0.20390625
5 0.2921875 0.36875 0.05625 0.19375
4 0.33671875 0.378125 0.040625 0.19921875
3 0.3703125 0.38359375 0.0421875 0.1921875
2 0.4125 0.38125 0.0421875 0.20546875
1 0.4578125 0.3890625 0.040625 0.19765625
0 0.4921875 0.38203125 0.0359375 0.21953125
8 0.53984375 0.39609375 0.03515625 0.21484375
9 0.5765625 0.38515625 0.028125 0.23359375
10 0.6140625 0.3703125 0.03828125 0.26796875
11 0.6484375 0.375 0.034375 0.2296875
12 0.68125 0.36875 0.028125 0.21796875
13 0.71953125 0.35546875 0.05234375 0.2359375
14 0.76796875 0.3515625 0.05625 0.20390625
15 0.79296875 0.26171875 0.05078125 0.12109375
31 0.1640625 0.53828125 0.07421875 0.13671875
30 0.2359375 0.54921875 0.096875 0.19921875
29 0.303125 0.59609375 0.0828125 0.21953125
28 0.36171875 0.596875 0.05078125 0.20546875
27 0.39921875 0.60390625 0.05234375 0.19140625
26 0.43359375 0.62421875 0.0484375 0.215625
25 0.47265625 0.6296875 0.021875 0.17578125
24 0.503125 0.63125 0.0265625 0.16796875
16 0.52890625 0.6390625 0.02734375 0.17734375
17 0.5578125 0.63203125 0.03828125 0.215625
18 0.59453125 0.6296875 0.04453125 0.2359375
19 0.628125 0.6109375 0.03046875 0.20546875
20 0.66640625 0.6 0.0421875 0.20390625
21 0.7078125 0.5984375 0.06875 0.21796875
22 0.77109375 0.559375 0.07421875 0.20390625
23 0.8265625 0.5421875 0.05234375 0.1171875