31 0.175 0.53046875 0.09609375 0.18203125
30 0.2359375 0.6 0.11875 0.21171875
28 0.3109375 0.653125 0.06796875 0.25390625
27 0.3703125 0.65234375 0.04609375 0.26015625
26 0.4125 0.64140625 0.03828125 0.24609375
25 0.453125 0.60390625 0.04609375 0.171875
24 0.48828125 0.60078125 0.0359375 0.18984375
16 0.52421875 0.59921875 0.03203125 0.18203125
17 0.55546875 0.6046875 0.034375 0.1859375
18 0.60234375 0.63125 0.03984375 0.2421875
19 0.646875 0.65390625 0.04453125 0.2359375
20 0.69765625 0.66015625 0.05390625 0.24765625
22 0.78203125 0.59609375 0.11875 0.21171875
23 0.840625 0.52734375 0.10625 0.18359375
7 0.18203125 0.3578125 0.0625 0.16953125
6 0.23828125 0.365625 0.0625 0.2140625
4 0.28828125 0.37421875 0.03828125 0.22578125
3 0.328125 0.371875 0.05390625 0.2328125
2 0.36953125 0.3671875 0.0484375 0.23984375
1 0.40625 0.36640625 0.03828125 0.246875
0 0.4546875 0.36875 0.04609375 0.25234375
8 0.503125 0.35859375 0.04609375 0.24765625
9 0.54296875 0.35703125 0.04609375 0.2359375
10 0.5921875 0.35390625 0.05625 0.2296875
11 0.6375 0.36171875 0.05390625 0.22578125
12 0.6796875 0.36796875 0.04609375 0.22578125
14 0.73671875 0.34609375 0.0765625 0.2578125
15 0.796875 0.35390625 0.07265625 0.16953125