30 0.2203125 0.5515625 0.08984375 0.1609375
29 0.2734375 0.5890625 0.07421875 0.15546875
28 0.3203125 0.61015625 0.06640625 0.121875
27 0.409375 0.64765625 0.040625 0.1625
26 0.4453125 0.6453125 0.03125 0.16875
25 0.4734375 0.64921875 0.025 0.16875
24 0.496875 0.65078125 0.0171875 0.14921875
16 0.515625 0.65703125 0.0234375 0.14921875
17 0.5421875 0.64765625 0.025 0.13984375
18 0.5703125 0.64765625 0.03125 0.1578125
19 0.60625 0.6375 0.0375 0.1375
20 0.6984375 0.6578125 0.06875 0.18671875
21 0.7375 0.61484375 0.084375 0.175
22 0.7859375 0.5640625 0.084375 0.159375
7 0.23046875 0.378125 0.0625 0.165625
6 0.27734375 0.40546875 0.0625 0.1671875
5 0.32109375 0.446875 0.053125 0.16328125
4 0.365625 0.453125 0.03515625 0.1796875
3 0.39921875 0.4578125 0.040625 0.18046875
2 0.425 0.4390625 0.0296875 0.21015625
1 0.459375 0.46171875 0.0390625 0.16484375
0 0.49375 0.453125 0.0234375 0.19921875
8 0.5265625 0.42578125 0.0328125 0.19921875
9 0.559375 0.4578125 0.0296875 0.18046875
10 0.59296875 0.45859375 0.0328125 0.17890625
11 0.62109375 0.4578125 0.02734375 0.1890625
12 0.6546875 0.47109375 0.04296875 0.17265625
13 0.6953125 0.45078125 0.046875 0.175
14 0.7453125 0.41953125 0.0484375 0.17109375
15 0.78828125 0.40078125 0.0484375 0.14140625