31 0.1078125 0.5609375 0.0765625 0.146875
30 0.16796875 0.61171875 0.1078125 0.23515625
29 0.23203125 0.6515625 0.10078125 0.25078125
28 0.3015625 0.68359375 0.07421875 0.21015625
27 0.35703125 0.7 0.05859375 0.2515625
26 0.39921875 0.715625 0.046875 0.25703125
25 0.44375 0.72265625 0.05625 0.23359375
24 0.47578125 0.70234375 0.0390625 0.20546875
16 0.5125 0.715625 0.03671875 0.203125
17 0.540625 0.70546875 0.0421875 0.19921875
18 0.59140625 0.740625 0.08515625 0.30234375
19 0.62578125 0.70546875 0.06015625 0.240625
20 0.6875 0.71796875 0.075 0.19453125
21 0.74765625 0.640625 0.12734375 0.2515625
22 0.8171875 0.6234375 0.10234375 0.21171875
23 0.8671875 0.53828125 0.0875 0.1390625
7 0.16640625 0.225 0.07109375 0.090625
6 0.2015625 0.2953125 0.06875 0.16328125
5 0.240625 0.38125 0.07109375 0.2171875
4 0.296875 0.38359375 0.04921875 0.25234375
3 0.3421875 0.4046875 0.06328125 0.23046875
2 0.3796875 0.39296875 0.04609375 0.33828125
1 0.42109375 0.42421875 0.040625 0.2859375
0 0.46328125 0.44375 0.04375 0.3046875
8 0.50703125 0.446875 0.0515625 0.2890625
9 0.54765625 0.42734375 0.05703125 0.29296875
10 0.59453125 0.39453125 0.05234375 0.315625
11 0.62578125 0.378125 0.0640625 0.30390625
12 0.665625 0.38046875 0.0609375 0.26640625
13 0.7234375 0.384375 0.078125 0.20703125
14 0.76015625 0.3234375 0.07578125 0.16015625
15 0.7984375 0.23515625 0.06875 0.11484375