31 0.16796875 0.56953125 0.0859375 0.1203125
30 0.240625 0.5828125 0.06640625 0.1765625
29 0.2921875 0.6046875 0.0796875 0.17890625
28 0.3328125 0.6296875 0.05625 0.18046875
27 0.371875 0.6375 0.040625 0.1609375
26 0.403125 0.64921875 0.0453125 0.16484375
25 0.43671875 0.65703125 0.0328125 0.11796875
24 0.465625 0.66171875 0.025 0.1046875
16 0.490625 0.66171875 0.0234375 0.096875
17 0.51640625 0.66328125 0.025 0.10859375
18 0.54765625 0.64765625 0.0375 0.14765625
19 0.5828125 0.64765625 0.040625 0.16328125
20 0.634375 0.6453125 0.0625 0.18046875
21 0.69375 0.6421875 0.10546875 0.2453125
22 0.753125 0.58125 0.0875 0.17890625
23 0.81328125 0.58046875 0.071875 0.14140625
15 0.7734375 0.28984375 0.07421875 0.1296875
14 0.765625 0.3921875 0.06640625 0.16328125
13 0.715625 0.409375 0.0640625 0.17890625
12 0.66875 0.41484375 0.0453125 0.19609375
11 0.62890625 0.42890625 0.04296875 0.19453125
10 0.6 0.45078125 0.0390625 0.19453125
9 0.56171875 0.459375 0.0375 0.18828125
8 0.5203125 0.45078125 0.040625 0.23359375
7 0.225 0.2875 0.05859375 0.1453125
6 0.24375 0.38828125 0.0703125 0.1671875
5 0.2890625 0.40859375 0.05859375 0.18046875
4 0.334375 0.415625 0.0390625 0.190625
3 0.36796875 0.4234375 0.040625 0.21015625
2 0.4015625 0.43828125 0.03828125 0.2078125
1 0.43828125 0.4484375 0.040625 0.209375
0 0.47734375 0.45078125 0.0375 0.221875