7 0.28515625 0.315625 0.0765625 0.14140625
6 0.31640625 0.3828125 0.07421875 0.23984375
4 0.390625 0.34296875 0.0625 0.17578125
2 0.47890625 0.33515625 0.0625 0.21171875
1 0.48828125 0.49140625 0.06015625 0.17578125
0 0.51484375 0.503125 0.034375 0.19453125
8 0.55390625 0.5078125 0.0359375 0.19140625
9 0.58828125 0.5046875 0.03984375 0.15390625
10 0.5984375 0.3234375 0.0640625 0.221875
11 0.628125 0.3921875 0.06796875 0.2015625
12 0.68046875 0.3640625 0.04453125 0.165625
14 0.7328125 0.42734375 0.07265625 0.15625
15 0.76171875 0.3140625 0.0703125 0.14921875
31 0.228125 0.6046875 0.08671875 0.14140625
30 0.30234375 0.63671875 0.11875 0.2140625
27 0.421875 0.75625 0.05625 0.2109375
26 0.46953125 0.70859375 0.04453125 0.1765625
25 0.50390625 0.7 0.0359375 0.159375
24 0.52421875 0.6921875 0.03203125 0.14375
16 0.5484375 0.69296875 0.028125 0.13671875
17 0.5734375 0.69921875 0.03046875 0.16171875
18 0.6078125 0.7234375 0.0421875 0.17734375
19 0.646875 0.74375 0.0484375 0.21015625
22 0.7546875 0.6390625 0.1125 0.21015625
23 0.8265625 0.60625 0.08203125 0.14765625
21 0.43203125 0.39609375 0.059375 0.16796875
5 0.36796875 0.46875 0.05234375 0.1375
13 0.690625 0.49140625 0.0546875 0.096875
21 0.69140625 0.65625 0.078125 0.14765625
29 0.37421875 0.63984375 0.08671875 0.115625