5 0.28203125 0.4234375 0.06796875 0.21953125
4 0.33671875 0.4265625 0.0390625 0.21015625
3 0.371875 0.43046875 0.04296875 0.23046875
2 0.40859375 0.4265625 0.03046875 0.19765625
1 0.44765625 0.41640625 0.0265625 0.20625
0 0.49453125 0.403125 0.03046875 0.2328125
13 0.6953125 0.390625 0.059375 0.22421875
27 0.38203125 0.6828125 0.04296875 0.2390625
26 0.41484375 0.6921875 0.0390625 0.23671875
25 0.45390625 0.68984375 0.0390625 0.1875
24 0.4890625 0.6859375 0.04296875 0.2078125
16 0.5234375 0.66953125 0.04609375 0.1875
17 0.55703125 0.6765625 0.03671875 0.21796875
18 0.59296875 0.6828125 0.03515625 0.2390625
19 0.63515625 0.6796875 0.06171875 0.23671875