7 0.22265625 0.34609375 0.053125 0.13359375
6 0.25703125 0.4015625 0.05078125 0.20546875
5 0.3125 0.41640625 0.0703125 0.20390625
4 0.3578125 0.44375 0.0421875 0.20703125
3 0.3890625 0.4359375 0.04609375 0.2265625
2 0.41953125 0.42421875 0.0390625 0.290625
1 0.44921875 0.45 0.0359375 0.2546875
0 0.484375 0.45234375 0.0421875 0.25625
8 0.5265625 0.4421875 0.0484375 0.27890625
9 0.559375 0.440625 0.04296875 0.25703125
10 0.59453125 0.43046875 0.0421875 0.278125
11 0.63203125 0.42890625 0.05390625 0.2328125
12 0.6765625 0.41953125 0.05625 0.21015625
14 0.73984375 0.3828125 0.075 0.21875
15 0.80078125 0.34921875 0.04375 0.1328125
31 0.20390625 0.571875 0.059375 0.09921875
30 0.24921875 0.5875 0.0984375 0.2140625
23 0.83125 0.57109375 0.06015625 0.090625
22 0.7734375 0.58671875 0.09921875 0.19609375
28 0.375 0.65546875 0.06171875 0.23046875
27 0.41484375 0.6703125 0.0453125 0.21328125
26 0.44296875 0.68828125 0.0390625 0.2140625
25 0.47109375 0.69296875 0.03671875 0.1953125
24 0.50234375 0.7015625 0.03125 0.21328125
16 0.5265625 0.70078125 0.028125 0.1953125
17 0.55078125 0.70625 0.0328125 0.2140625
18 0.59296875 0.69921875 0.04296875 0.215625
19 0.6265625 0.67265625 0.05859375 0.2109375
20 0.665625 0.66328125 0.07421875 0.2265625