7 0.2125 0.29140625 0.059375 0.13828125
6 0.26015625 0.31484375 0.06328125 0.19375
5 0.31328125 0.33671875 0.06640625 0.203125
4 0.359375 0.33671875 0.04140625 0.2
3 0.4 0.33515625 0.04375 0.209375
2 0.42578125 0.33203125 0.0453125 0.22265625
1 0.4515625 0.3328125 0.03515625 0.19140625
0 0.49453125 0.34921875 0.0421875 0.22109375
8 0.5359375 0.34609375 0.0421875 0.23828125
9 0.571875 0.32734375 0.04765625 0.21484375
10 0.61171875 0.33828125 0.04765625 0.2234375
11 0.6515625 0.34140625 0.04453125 0.23046875
12 0.684375 0.3359375 0.04453125 0.23515625
13 0.74375 0.340625 0.0625 0.215625
14 0.8015625 0.33984375 0.04609375 0.184375
31 0.221875 0.5015625 0.09765625 0.159375
30 0.2703125 0.56875 0.1125 0.1984375
28 0.3984375 0.59140625 0.04921875 0.22265625
27 0.4390625 0.5921875 0.04375 0.240625
26 0.46875 0.584375 0.028125 0.20546875
25 0.50078125 0.578125 0.0265625 0.18828125
24 0.52421875 0.57890625 0.02265625 0.203125
16 0.546875 0.58671875 0.02734375 0.19765625
17 0.58515625 0.603125 0.0375 0.234375
18 0.63359375 0.59140625 0.04296875 0.228125
19 0.67734375 0.60625 0.0390625 0.215625
23 0.83046875 0.56171875 0.0875 0.14765625