30 0.24921875 0.61171875 0.0875 0.1890625
29 0.3109375 0.65859375 0.10859375 0.2234375
28 0.37265625 0.68671875 0.04453125 0.20625
26 0.41875 0.68515625 0.034375 0.2296875
25 0.45859375 0.66953125 0.0234375 0.15078125
24 0.4859375 0.68515625 0.028125 0.178125
16 0.5109375 0.68984375 0.02578125 0.1828125
17 0.53515625 0.68671875 0.028125 0.19375
18 0.571875 0.68203125 0.0359375 0.2234375
20 0.61640625 0.66796875 0.040625 0.22109375
21 0.6828125 0.64140625 0.09609375 0.20078125
22 0.7296875 0.60625 0.06640625 0.18671875
15 0.7625 0.33515625 0.05546875 0.13984375
14 0.73203125 0.40703125 0.06640625 0.1984375
13 0.68359375 0.4296875 0.05546875 0.18828125
12 0.6375 0.45 0.03203125 0.1828125
11 0.6125 0.4453125 0.03203125 0.18515625
10 0.58984375 0.46015625 0.034375 0.21875
9 0.553125 0.45546875 0.0296875 0.21015625
8 0.5203125 0.46328125 0.0359375 0.22578125
0 0.47578125 0.45390625 0.03203125 0.22421875
1 0.4421875 0.45390625 0.0296875 0.20625
2 0.409375 0.4546875 0.0359375 0.2171875
3 0.371875 0.4640625 0.034375 0.209375
4 0.3421875 0.44921875 0.02578125 0.19375
5 0.29921875 0.44921875 0.06015625 0.1765625
6 0.24375 0.44296875 0.06875 0.1375