28 0.3359375 0.68046875 0.04765625 0.1609375
27 0.37734375 0.68984375 0.0421875 0.18828125
26 0.41171875 0.7015625 0.0359375 0.2109375
25 0.4453125 0.6828125 0.0296875 0.178125
24 0.47109375 0.67265625 0.02578125 0.1609375
16 0.496875 0.67265625 0.02578125 0.16171875
17 0.52578125 0.68046875 0.03203125 0.1890625
18 0.56328125 0.68828125 0.03828125 0.20390625
19 0.596875 0.68359375 0.0421875 0.1828125
20 0.64375 0.690625 0.05234375 0.1890625
6 0.24296875 0.4421875 0.05390625 0.17734375
5 0.29609375 0.4578125 0.05625 0.16328125
4 0.340625 0.4375 0.03828125 0.203125
2 0.40625 0.4265625 0.03984375 0.2609375
1 0.43984375 0.45390625 0.03203125 0.2
0 0.478125 0.47265625 0.03984375 0.16171875
3 0.37734375 0.45078125 0.0296875 0.13828125
8 0.52109375 0.45390625 0.0421875 0.2203125
9 0.5578125 0.4671875 0.03203125 0.178125
10 0.5921875 0.4234375 0.03984375 0.246875
13 0.671875 0.4234375 0.03984375 0.11484375