7 0.121875 0.39765625 0.06875 0.18515625
6 0.18515625 0.41328125 0.06171875 0.24453125
5 0.24453125 0.39765625 0.078125 0.19140625
4 0.2953125 0.39140625 0.059375 0.2109375
3 0.3390625 0.41171875 0.0640625 0.25859375
15 0.83671875 0.396875 0.053125 0.20390625
14 0.78203125 0.4015625 0.0515625 0.23828125
13 0.72578125 0.4078125 0.06171875 0.2609375
12 0.6765625 0.4234375 0.0359375 0.2234375
10 0.6015625 0.4078125 0.05234375 0.259375
9 0.56171875 0.396875 0.04609375 0.2375
8 0.51796875 0.41171875 0.05546875 0.22109375
2 0.38359375 0.4203125 0.06484375 0.2375
1 0.4265625 0.4 0.053125 0.25859375
0 0.46953125 0.41328125 0.053125 0.21484375
31 0.1015625 0.58203125 0.10078125 0.2015625
30 0.1796875 0.64296875 0.08984375 0.22109375
29 0.253125 0.65859375 0.09609375 0.253125
27 0.36328125 0.6515625 0.0515625 0.21796875
23 0.8390625 0.57578125 0.075 0.1734375
21 0.728125 0.64609375 0.07890625 0.19375
20 0.66953125 0.67109375 0.053125 0.26171875
19 0.62734375 0.65 0.040625 0.21484375
18 0.596875 0.6734375 0.0578125 0.26953125
17 0.5515625 0.65625 0.046875 0.21015625
16 0.521875 0.65859375 0.05078125 0.17578125
26 0.40390625 0.68359375 0.06796875 0.26875
25 0.45546875 0.66328125 0.0640625 0.22734375
24 0.48671875 0.66796875 0.04921875 0.225
11 0.6421875 0.4171875 0.053125 0.24453125
22 0.77578125 0.62890625 0.07265625 0.19375
28 0.3140625 0.66796875 0.05546875 0.23828125