7 0.24296875 0.35234375 0.06484375 0.12578125
6 0.26171875 0.46015625 0.08984375 0.18203125
5 0.315625 0.46640625 0.08984375 0.26953125
4 0.35703125 0.5140625 0.04375 0.228125
3 0.39453125 0.53203125 0.03515625 0.21796875
2 0.42265625 0.49296875 0.04609375 0.28203125
1 0.465625 0.521875 0.05234375 0.26484375
0 0.50078125 0.52421875 0.05234375 0.26953125
8 0.53671875 0.51171875 0.06015625 0.28203125
9 0.56796875 0.51328125 0.06484375 0.25546875
10 0.62265625 0.50546875 0.04609375 0.23671875
11 0.65234375 0.51953125 0.05390625 0.23125
12 0.68984375 0.51484375 0.05 0.20859375
13 0.74296875 0.50234375 0.07734375 0.209375
14 0.78515625 0.4609375 0.0890625 0.1953125
15 0.8 0.34609375 0.0625 0.11796875
31 0.175 0.6234375 0.05 0.121875
30 0.23515625 0.6640625 0.07890625 0.190625
29 0.29453125 0.71328125 0.10625 0.21328125
28 0.359375 0.7515625 0.05625 0.19453125
27 0.40234375 0.76328125 0.0625 0.19296875
26 0.4375 0.77890625 0.0625 0.20703125
25 0.4875 0.77109375 0.04140625 0.184375
24 0.521875 0.76796875 0.03515625 0.17734375
16 0.55703125 0.7671875 0.03515625 0.171875
17 0.59375 0.7703125 0.0375 0.20703125
18 0.63515625 0.78046875 0.04609375 0.240625
20 0.684375 0.75703125 0.04375 0.20546875
22 0.80078125 0.65390625 0.10234375 0.15703125
23 0.85859375 0.6078125 0.0625 0.128125