7 0.21171875 0.3609375 0.0609375 0.1484375
6 0.24609375 0.409375 0.0625 0.1890625
5 0.2984375 0.43828125 0.05859375 0.18125
4 0.34765625 0.4328125 0.04296875 0.228125
3 0.3859375 0.44609375 0.0453125 0.2203125
2 0.41875 0.4578125 0.0453125 0.228125
1 0.4578125 0.4546875 0.0296875 0.2265625
0 0.484375 0.45703125 0.03515625 0.25
8 0.5234375 0.4734375 0.0390625 0.2203125
9 0.5640625 0.459375 0.04296875 0.23828125
10 0.596875 0.4578125 0.040625 0.2359375
11 0.6359375 0.4515625 0.0375 0.23828125
12 0.67421875 0.4421875 0.03828125 0.2359375
13 0.725 0.44609375 0.05859375 0.2015625
14 0.7796875 0.4125 0.05859375 0.2265625
15 0.79765625 0.2890625 0.0765625 0.20703125
31 0.1953125 0.58515625 0.0703125 0.1109375
30 0.2484375 0.62890625 0.1015625 0.19140625
29 0.315625 0.67578125 0.1 0.21484375
28 0.36640625 0.70234375 0.0640625 0.225
27 0.403125 0.7078125 0.053125 0.2171875
26 0.43359375 0.71953125 0.046875 0.209375
25 0.4703125 0.69921875 0.02734375 0.19921875
24 0.49375 0.69375 0.01953125 0.1875
16 0.51640625 0.69140625 0.02265625 0.17578125
17 0.540625 0.69921875 0.02734375 0.1796875
18 0.56953125 0.72734375 0.0296875 0.240625
19 0.60546875 0.71484375 0.04296875 0.23046875
20 0.6453125 0.71484375 0.046875 0.23046875
21 0.70703125 0.6890625 0.1015625 0.21875
22 0.77734375 0.6359375 0.10546875 0.18125
23 0.834375 0.5921875 0.0859375 0.09765625