14 0.78046875 0.46171875 0.07734375 0.19921875
11 0.659375 0.44921875 0.04765625 0.19921875
10 0.61015625 0.43828125 0.04609375 0.23046875
9 0.56796875 0.44140625 0.03515625 0.20703125
8 0.521875 0.4296875 0.04765625 0.246875
0 0.47890625 0.4296875 0.04140625 0.246875
1 0.440625 0.43203125 0.03125 0.221875
2 0.40234375 0.42890625 0.04140625 0.22421875
3 0.36328125 0.43671875 0.04375 0.21953125
4 0.32265625 0.44140625 0.04140625 0.2125
6 0.22265625 0.41953125 0.06640625 0.21875
7 0.16484375 0.40703125 0.05859375 0.18046875
20 0.6875 0.68984375 0.04609375 0.221875
19 0.640625 0.67734375 0.04375 0.19609375
18 0.59609375 0.68828125 0.0375 0.21328125
17 0.5625 0.66796875 0.02890625 0.18203125
16 0.5265625 0.66484375 0.02578125 0.171875
24 0.49375 0.64765625 0.03359375 0.17421875
25 0.46015625 0.66484375 0.03359375 0.184375
26 0.41640625 0.68203125 0.04140625 0.21796875
27 0.37265625 0.68515625 0.04609375 0.203125
28 0.32578125 0.6859375 0.04765625 0.20546875
29 0.24609375 0.66640625 0.1 0.203125
30 0.17890625 0.60546875 0.09140625 0.16171875