31 0.11640625 0.55 0.09609375 0.18359375
30 0.1828125 0.6046875 0.09609375 0.20078125
29 0.25390625 0.6390625 0.0984375 0.19765625
28 0.3203125 0.6703125 0.0625 0.21953125
27 0.37265625 0.68359375 0.05859375 0.221875
26 0.4234375 0.68828125 0.05234375 0.22421875
25 0.4671875 0.68359375 0.034375 0.20546875
24 0.49609375 0.6609375 0.03203125 0.1859375
16 0.5234375 0.6703125 0.02578125 0.18359375
17 0.578125 0.66796875 0.03984375 0.159375
18 0.6234375 0.67890625 0.0703125 0.19765625
19 0.65546875 0.68515625 0.05390625 0.20546875
20 0.70546875 0.684375 0.06640625 0.225
21 0.7609375 0.65234375 0.084375 0.19609375
22 0.8265625 0.62109375 0.08671875 0.2015625
23 0.88828125 0.565625 0.08671875 0.18359375
7 0.14375 0.3375 0.090625 0.18203125
6 0.18671875 0.37421875 0.07265625 0.21015625
5 0.25234375 0.38515625 0.07421875 0.2359375
4 0.30390625 0.40078125 0.05 0.228125
3 0.35078125 0.3921875 0.0625 0.2703125
2 0.3953125 0.40078125 0.0484375 0.26796875
1 0.440625 0.3984375 0.0421875 0.2859375
0 0.48125 0.390625 0.0421875 0.31953125
8 0.534375 0.421875 0.03984375 0.26640625
9 0.5796875 0.4265625 0.04609375 0.246875
10 0.61796875 0.42734375 0.04453125 0.25625
11 0.6609375 0.42890625 0.05390625 0.2625
12 0.70390625 0.4265625 0.05 0.26015625
13 0.7546875 0.42109375 0.0640625 0.24609375
14 0.8078125 0.3953125 0.090625 0.2484375
15 0.859375 0.3609375 0.08046875 0.2078125