16 0.54140625 0.6578125 0.0328125 0.18203125
17 0.56875 0.66328125 0.03671875 0.17734375
19 0.62109375 0.69921875 0.071875 0.27734375
20 0.66015625 0.6828125 0.05546875 0.23359375
21 0.72265625 0.65859375 0.10625 0.23359375
22 0.79375 0.61796875 0.103125 0.21875
23 0.8546875 0.5890625 0.084375 0.1234375
24 0.515625 0.659375 0.03828125 0.17265625
25 0.4796875 0.65234375 0.040625 0.1671875
26 0.4328125 0.6984375 0.0671875 0.26875
27 0.39609375 0.67890625 0.0515625 0.19921875
29 0.31953125 0.66015625 0.121875 0.24921875
30 0.24296875 0.62109375 0.1171875 0.225
31 0.1765625 0.5765625 0.0875 0.13984375
7 0.2171875 0.3109375 0.065625 0.125
6 0.26015625 0.37890625 0.06015625 0.2
5 0.32890625 0.38828125 0.08671875 0.23828125
14 0.79921875 0.37265625 0.065625 0.19921875
13 0.73671875 0.4015625 0.0640625 0.21171875
11 0.690625 0.41015625 0.0453125 0.21640625
10 0.65078125 0.403125 0.05234375 0.2515625
9 0.60078125 0.41953125 0.04296875 0.23515625
8 0.55703125 0.4171875 0.05078125 0.26328125
0 0.5078125 0.40625 0.06015625 0.27421875
1 0.47265625 0.4109375 0.0515625 0.24609375
2 0.421875 0.409375 0.04609375 0.23515625
3 0.38984375 0.38671875 0.05546875 0.24765625