7 0.221875 0.32109375 0.05546875 0.1296875
6 0.26640625 0.34375 0.059375 0.18203125
5 0.31640625 0.3640625 0.0625 0.19140625
4 0.359375 0.3640625 0.0390625 0.18828125
3 0.39765625 0.3625 0.040625 0.196875
2 0.421875 0.359375 0.0421875 0.21015625
1 0.446875 0.36015625 0.03359375 0.18046875
0 0.4875 0.37578125 0.03984375 0.2078125
8 0.5265625 0.37265625 0.03984375 0.22421875
9 0.56015625 0.35546875 0.04453125 0.20234375
10 0.596875 0.365625 0.0453125 0.21015625
11 0.634375 0.36875 0.0421875 0.21640625
12 0.665625 0.36328125 0.0421875 0.22109375
13 0.72109375 0.3671875 0.059375 0.203125
14 0.77578125 0.36640625 0.04375 0.1734375
31 0.2296875 0.51875 0.0921875 0.15
30 0.27578125 0.58203125 0.10625 0.18671875
28 0.396875 0.603125 0.04609375 0.209375
27 0.43515625 0.60390625 0.04140625 0.2265625
26 0.4625 0.596875 0.0265625 0.19375
25 0.49296875 0.59140625 0.025 0.17734375
24 0.51484375 0.5921875 0.021875 0.19140625
16 0.53671875 0.59921875 0.02578125 0.1859375
17 0.57265625 0.61484375 0.03515625 0.22109375
18 0.61796875 0.60390625 0.040625 0.21484375
19 0.659375 0.6171875 0.03671875 0.203125
23 0.803125 0.57578125 0.0828125 0.1390625