31 0.15859375 0.50703125 0.10859375 0.2140625
30 0.2453125 0.55078125 0.078125 0.21875
29 0.3171875 0.55234375 0.06953125 0.22265625
23 0.89453125 0.51015625 0.09375 0.2078125
22 0.81484375 0.54609375 0.078125 0.22265625
21 0.7390625 0.565625 0.06953125 0.26640625
28 0.38203125 0.5578125 0.05078125 0.246875
27 0.4171875 0.53671875 0.0390625 0.2078125
26 0.453125 0.5328125 0.04140625 0.23125
25 0.49140625 0.515625 0.03046875 0.196875
24 0.515625 0.52265625 0.02265625 0.20078125
16 0.54375 0.52890625 0.03046875 0.21875
17 0.575 0.51484375 0.0328125 0.19453125
18 0.60859375 0.53203125 0.03515625 0.2296875
19 0.64765625 0.5328125 0.04375 0.20078125
20 0.6828125 0.55390625 0.04375 0.23828125
7 0.15859375 0.284375 0.06484375 0.17734375
6 0.2203125 0.290625 0.0671875 0.21171875
5 0.28515625 0.30625 0.07265625 0.1859375
4 0.346875 0.2921875 0.05859375 0.20546875
3 0.37734375 0.27734375 0.0453125 0.2203125
2 0.42265625 0.2625 0.04140625 0.2421875
1 0.46484375 0.2734375 0.0390625 0.225
0 0.5046875 0.2921875 0.04375 0.20546875
8 0.56640625 0.28203125 0.04140625 0.225
9 0.60546875 0.275 0.0328125 0.20625
10 0.6453125 0.2578125 0.0390625 0.2421875
11 0.6921875 0.265625 0.0453125 0.2359375
12 0.725 0.27421875 0.0546875 0.22734375
13 0.77578125 0.2953125 0.06484375 0.21640625
14 0.84140625 0.29296875 0.06484375 0.21640625
15 0.90546875 0.2796875 0.05859375 0.20234375