31 0.18125 0.5625 0.1078125 0.17890625
30 0.2375 0.62578125 0.1234375 0.16484375
6 0.20625 0.4 0.05625 0.190625
5 0.26484375 0.4203125 0.07109375 0.21171875
4 0.32734375 0.44375 0.0484375 0.21171875
3 0.37578125 0.43828125 0.0484375 0.2078125
2 0.41875 0.4390625 0.0453125 0.22578125
1 0.4625 0.42890625 0.04296875 0.221875
0 0.49921875 0.425 0.04609375 0.221875
8 0.54609375 0.44296875 0.0484375 0.1984375
9 0.58671875 0.446875 0.040625 0.1984375
10 0.6265625 0.4375 0.046875 0.234375
11 0.65625 0.43828125 0.03515625 0.215625
12 0.69453125 0.4359375 0.0375 0.16875
13 0.734375 0.45 0.0546875 0.19609375
14 0.7859375 0.4171875 0.053125 0.2296875
15 0.83515625 0.4078125 0.053125 0.1828125
23 0.8453125 0.5734375 0.09375 0.175
22 0.784375 0.63359375 0.0796875 0.16875
20 0.6828125 0.64609375 0.0375 0.1984375
19 0.64375 0.6421875 0.0375 0.190625
18 0.61015625 0.6390625 0.0453125 0.17265625
17 0.5734375 0.64375 0.040625 0.17109375
16 0.540625 0.634375 0.03515625 0.17109375
24 0.515625 0.64375 0.0390625 0.165625
25 0.47734375 0.62578125 0.0328125 0.1453125
26 0.440625 0.6375 0.0453125 0.18046875
27 0.39453125 0.64375 0.04296875 0.20234375
28 0.35078125 0.65 0.0453125 0.21875