30 0.2125 0.59296875 0.1140625 0.20234375
27 0.37421875 0.62109375 0.0390625 0.20859375
26 0.41796875 0.62890625 0.03515625 0.225
25 0.459375 0.64140625 0.04375 0.23359375
24 0.48984375 0.62265625 0.0328125 0.2
16 0.52265625 0.62578125 0.02890625 0.1984375
17 0.55625 0.63125 0.0375 0.225
18 0.59453125 0.61640625 0.04375 0.22109375
19 0.63046875 0.62265625 0.04140625 0.22890625
20 0.6765625 0.63984375 0.0578125 0.22890625
21 0.73671875 0.5765625 0.1078125 0.190625
22 0.79375 0.55234375 0.08515625 0.2125
6 0.225 0.38125 0.06875 0.1859375
5 0.29765625 0.384375 0.0765625 0.20859375
3 0.3515625 0.37578125 0.04375 0.225
2 0.39609375 0.35390625 0.04140625 0.28046875
1 0.4359375 0.3875 0.0453125 0.21875
0 0.48046875 0.3765625 0.05625 0.24296875
8 0.5375 0.38203125 0.05390625 0.2375
9 0.58125 0.371875 0.04140625 0.25
10 0.62109375 0.38515625 0.04375 0.21875
11 0.66484375 0.3859375 0.04375 0.2078125
13 0.72265625 0.35859375 0.07265625 0.228125
14 0.78203125 0.3390625 0.05390625 0.2125
15 0.82890625 0.3328125 0.0515625 0.15078125