23 0.959375 0.61640625 0.08125 0.1171875
22 0.8953125 0.6796875 0.09453125 0.2296875
21 0.83046875 0.7125 0.1 0.246875
20 0.76171875 0.72578125 0.0546875 0.23828125
19 0.7203125 0.73984375 0.05 0.253125
18 0.66953125 0.72109375 0.04765625 0.27265625
17 0.62734375 0.71484375 0.04140625 0.26015625
16 0.5890625 0.67734375 0.03515625 0.17265625
24 0.55625 0.68671875 0.0390625 0.2078125
25 0.52265625 0.684375 0.05 0.2078125
26 0.4703125 0.70078125 0.0546875 0.2703125
31 0.15234375 0.60234375 0.08671875 0.18828125
30 0.21484375 0.6515625 0.11328125 0.23359375
29 0.296875 0.690625 0.11484375 0.25078125
28 0.36328125 0.71015625 0.06953125 0.2640625
27 0.41953125 0.72265625 0.05625 0.253125
7 0.16640625 0.378125 0.0671875 0.1953125
6 0.2296875 0.384375 0.06328125 0.2203125
5 0.29765625 0.40546875 0.06953125 0.18515625
4 0.36015625 0.38984375 0.05 0.22734375
3 0.40546875 0.4046875 0.05 0.21015625
2 0.45078125 0.41015625 0.0546875 0.2421875
1 0.503125 0.41015625 0.0546875 0.25078125
0 0.553125 0.4265625 0.06328125 0.24921875
8 0.6 0.4328125 0.05234375 0.2359375
9 0.64921875 0.4375 0.0453125 0.21875
10 0.6953125 0.40859375 0.04375 0.278125
11 0.7359375 0.4421875 0.0453125 0.1921875
12 0.78046875 0.43984375 0.04375 0.18828125
14 0.878125 0.40234375 0.0609375 0.23515625
15 0.93359375 0.3921875 0.0546875 0.20546875