7 0.14296875 0.22421875 0.078125 0.16015625
6 0.1640625 0.31328125 0.0828125 0.20625
5 0.2203125 0.3328125 0.071875 0.246875
4 0.28046875 0.35390625 0.0484375 0.21640625
3 0.315625 0.3609375 0.046875 0.2390625
2 0.3609375 0.36953125 0.0484375 0.26796875
1 0.4046875 0.3875 0.0421875 0.2203125
0 0.44296875 0.3875 0.046875 0.26171875
8 0.4875 0.3890625 0.03828125 0.265625
9 0.53515625 0.38359375 0.040625 0.2625
10 0.57734375 0.3890625 0.04453125 0.2703125
11 0.621875 0.396875 0.04453125 0.22265625
12 0.6609375 0.37578125 0.046875 0.2296875
13 0.7140625 0.35078125 0.06328125 0.240625
14 0.771875 0.3375 0.06171875 0.2046875
15 0.79375 0.25390625 0.07421875 0.14296875
23 0.83828125 0.53984375 0.0953125 0.12578125
22 0.759375 0.59765625 0.07421875 0.22578125
21 0.69296875 0.6265625 0.084375 0.228125
20 0.6375 0.64140625 0.059375 0.20625
19 0.59296875 0.646875 0.046875 0.2046875
18 0.56328125 0.67109375 0.05078125 0.228125
17 0.5234375 0.640625 0.03359375 0.19140625
16 0.490625 0.63203125 0.03203125 0.21328125
24 0.4625 0.63515625 0.0328125 0.18984375
25 0.4375 0.634375 0.040625 0.1875
26 0.3875 0.6625 0.06328125 0.240625
27 0.35625 0.64453125 0.05546875 0.25078125
28 0.31171875 0.62734375 0.05078125 0.2296875
30 0.1765625 0.57265625 0.12109375 0.2046875
31 0.11015625 0.51640625 0.09765625 0.16015625