31 0.19921875 0.6078125 0.103125 0.165625
29 0.29140625 0.678125 0.096875 0.21640625
28 0.35546875 0.6765625 0.0484375 0.1890625
27 0.39140625 0.69765625 0.04453125 0.23515625
26 0.42578125 0.6703125 0.03359375 0.184375
25 0.4578125 0.65703125 0.0296875 0.1828125
24 0.478125 0.65859375 0.02734375 0.178125
16 0.50546875 0.65859375 0.0234375 0.17421875
17 0.528125 0.65859375 0.02734375 0.18125
18 0.559375 0.66171875 0.03359375 0.196875
19 0.590625 0.66640625 0.0421875 0.2265625
20 0.62109375 0.6375 0.03984375 0.16171875
21 0.6859375 0.66015625 0.08828125 0.20546875
23 0.76796875 0.58984375 0.10546875 0.16328125
15 0.765625 0.37890625 0.05078125 0.159375
14 0.71953125 0.38984375 0.059375 0.2015625
13 0.66640625 0.384375 0.06328125 0.2078125
10 0.565625 0.40859375 0.0546875 0.20546875
9 0.53828125 0.43046875 0.0421875 0.20234375
8 0.50078125 0.45078125 0.03984375 0.1875
1 0.41328125 0.43984375 0.0421875 0.1875
2 0.38046875 0.42421875 0.04453125 0.18984375
4 0.33046875 0.42265625 0.0484375 0.17109375
5 0.28203125 0.42265625 0.05703125 0.175
6 0.225 0.41171875 0.053125 0.1984375
7 0.17734375 0.39375 0.05078125 0.16328125