28 0.3484375 0.68359375 0.046875 0.15859375
27 0.3890625 0.69296875 0.04140625 0.18515625
26 0.4234375 0.70390625 0.03515625 0.2078125
25 0.45546875 0.6859375 0.0296875 0.175
24 0.48125 0.67578125 0.02578125 0.15859375
16 0.50703125 0.6765625 0.02578125 0.159375
17 0.53515625 0.68359375 0.03125 0.1859375
18 0.571875 0.690625 0.0375 0.20078125
19 0.60546875 0.68671875 0.04140625 0.18046875
20 0.6515625 0.69375 0.0515625 0.1859375
6 0.25703125 0.44921875 0.053125 0.17421875
5 0.309375 0.4640625 0.05546875 0.16015625
4 0.353125 0.44453125 0.0375 0.2
2 0.4171875 0.43359375 0.0390625 0.25703125
1 0.45078125 0.4609375 0.03125 0.196875
0 0.48828125 0.4796875 0.0390625 0.159375
3 0.3890625 0.4578125 0.0296875 0.1359375
8 0.53046875 0.4609375 0.04140625 0.21640625
9 0.5671875 0.4734375 0.03125 0.175
10 0.60078125 0.43046875 0.0390625 0.24296875
13 0.67890625 0.43046875 0.0390625 0.11328125