31 0.2109375 0.62734375 0.075 0.13671875
30 0.2875 0.66015625 0.1140625 0.20546875
28 0.32890625 0.75859375 0.05546875 0.14296875
27 0.3875 0.7734375 0.0515625 0.1328125
26 0.43125 0.8046875 0.0671875 0.1484375
25 0.47421875 0.72890625 0.0390625 0.1625
24 0.50234375 0.73203125 0.03515625 0.16171875
16 0.52890625 0.7296875 0.0296875 0.16015625
17 0.5609375 0.72890625 0.03515625 0.16640625
18 0.609375 0.79140625 0.06484375 0.1890625
19 0.64296875 0.753125 0.04921875 0.14375
20 0.69609375 0.7265625 0.0609375 0.14296875
22 0.734375 0.63046875 0.10625 0.19765625
23 0.803125 0.603125 0.07109375 0.146875
7 0.25390625 0.33203125 0.0671875 0.13671875
6 0.2828125 0.41484375 0.08046875 0.2078125
4 0.33359375 0.44609375 0.04921875 0.140625
3 0.3828125 0.40625 0.04921875 0.1546875
2 0.41640625 0.33125 0.06484375 0.18203125
1 0.43828125 0.4890625 0.05 0.20546875
0 0.47734375 0.49765625 0.0453125 0.23515625
8 0.53515625 0.5 0.0515625 0.24765625
9 0.5796875 0.49375 0.04921875 0.19296875
10 0.59453125 0.33984375 0.0515625 0.184375
12 0.65859375 0.36640625 0.06484375 0.1296875
14 0.7234375 0.39609375 0.08046875 0.19375
15 0.75625 0.315625 0.07109375 0.12734375