30 0.196875 0.5515625 0.11875 0.16171875
24 0.51484375 0.63046875 0.028125 0.15703125
25 0.46484375 0.64453125 0.04140625 0.18828125
26 0.42109375 0.66640625 0.04140625 0.22421875
27 0.37578125 0.6765625 0.04765625 0.21953125
16 0.54609375 0.6296875 0.02890625 0.134375
17 0.58046875 0.6328125 0.04375 0.190625
18 0.62578125 0.64296875 0.04375 0.22421875
19 0.66953125 0.6453125 0.04765625 0.22421875
20 0.71875 0.6328125 0.05 0.215625
22 0.84453125 0.5421875 0.11875 0.16796875
7 0.190625 0.33515625 0.07265625 0.18203125
6 0.23984375 0.38515625 0.06640625 0.19921875
5 0.29375 0.4359375 0.0625 0.196875
4 0.34453125 0.3703125 0.04375 0.315625
3 0.38671875 0.4078125 0.04375 0.21171875
2 0.425 0.38671875 0.05 0.27265625
1 0.46640625 0.40546875 0.0375 0.203125
0 0.51171875 0.40859375 0.04765625 0.209375
8 0.5625 0.40703125 0.05390625 0.21015625
9 0.60390625 0.38515625 0.04609375 0.21171875
10 0.65 0.35390625 0.05390625 0.27421875
13 0.72109375 0.36015625 0.08359375 0.215625
14 0.79296875 0.3625 0.06484375 0.22109375
15 0.840625 0.32109375 0.06484375 0.20546875