7 0.16796875 0.3546875 0.06796875 0.20859375
6 0.2421875 0.36640625 0.0640625 0.253125
4 0.346875 0.3625 0.05234375 0.2578125
1 0.44921875 0.39921875 0.04609375 0.259375
0 0.4875 0.40859375 0.0453125 0.253125
8 0.528125 0.39453125 0.04765625 0.28828125
9 0.565625 0.3796875 0.05078125 0.28046875
10 0.60546875 0.3625 0.0359375 0.32578125
11 0.640625 0.36796875 0.03984375 0.27734375
12 0.6828125 0.3640625 0.046875 0.2484375
14 0.78046875 0.33984375 0.059375 0.25546875
15 0.8375 0.33515625 0.0671875 0.2203125
22 0.82890625 0.55625 0.09375 0.175
21 0.7640625 0.61484375 0.11171875 0.2375
20 0.68046875 0.64609375 0.03828125 0.23984375
19 0.64296875 0.6515625 0.0484375 0.24296875
18 0.57890625 0.66484375 0.0515625 0.253125
17 0.54453125 0.64609375 0.03671875 0.215625
16 0.51484375 0.64765625 0.028125 0.20234375
24 0.490625 0.64765625 0.028125 0.19609375
25 0.4609375 0.6515625 0.03984375 0.2265625
26 0.42421875 0.65390625 0.04609375 0.25625
27 0.3859375 0.6484375 0.03828125 0.25390625
28 0.353125 0.63046875 0.05234375 0.259375