7 0.165625 0.31171875 0.06796875 0.12265625
6 0.203125 0.38046875 0.07421875 0.22890625
5 0.2578125 0.409375 0.06796875 0.22265625
4 0.3109375 0.40703125 0.04609375 0.265625
3 0.3546875 0.41484375 0.04609375 0.27734375
2 0.3921875 0.40078125 0.04375 0.3046875
1 0.4390625 0.43828125 0.03828125 0.2171875
0 0.484375 0.38359375 0.04375 0.3390625
8 0.53515625 0.41640625 0.04609375 0.27734375
9 0.57890625 0.43671875 0.03828125 0.22890625
10 0.62421875 0.43359375 0.04375 0.24296875
11 0.6609375 0.4046875 0.03828125 0.26875
12 0.7046875 0.4078125 0.04609375 0.259375
13 0.75703125 0.41015625 0.065625 0.21328125
14 0.8109375 0.38359375 0.0703125 0.1953125
15 0.840625 0.30546875 0.065625 0.10703125
23 0.88515625 0.61171875 0.10234375 0.1390625
22 0.80234375 0.65078125 0.0796875 0.253125
21 0.73125 0.66484375 0.0859375 0.240625
20 0.67578125 0.68984375 0.0640625 0.2546875
19 0.62265625 0.68671875 0.04609375 0.2328125
18 0.58828125 0.69140625 0.05625 0.2390625
17 0.540625 0.67109375 0.034375 0.19375
16 0.5078125 0.67265625 0.028125 0.1890625
24 0.47890625 0.665625 0.02578125 0.1671875
25 0.45 0.6671875 0.0359375 0.1828125
26 0.4109375 0.70625 0.03828125 0.26484375
27 0.37265625 0.678125 0.03828125 0.22109375
28 0.32265625 0.68515625 0.0578125 0.246875
29 0.26328125 0.67421875 0.09765625 0.25703125
30 0.196875 0.6484375 0.09375 0.24921875
31 0.11484375 0.57578125 0.11015625 0.146875