2 0.42265625 0.4109375 0.04765625 0.23828125
24 0.51875 0.6609375 0.02890625 0.1890625
25 0.48984375 0.67109375 0.0328125 0.209375
26 0.45546875 0.65234375 0.0390625 0.16015625
27 0.40625 0.69453125 0.06015625 0.22421875
31 0.24375 0.6359375 0.0953125 0.13515625
16 0.54453125 0.675 0.03125 0.21796875
17 0.5703125 0.67890625 0.0328125 0.209375
18 0.61640625 0.68125 0.06015625 0.209375
23 0.81796875 0.64921875 0.1078125 0.12109375
10 0.64375 0.44921875 0.04765625 0.2203125
13 0.771875 0.453125 0.0765625 0.24140625