5 0.25234375 0.43125 0.078125 0.21328125
3 0.35 0.43515625 0.059375 0.2328125
10 0.553125 0.41796875 0.05078125 0.20390625
12 0.63046875 0.4234375 0.05078125 0.21015625
22 0.74921875 0.5109375 0.109375 0.1828125
21 0.690625 0.5984375 0.0953125 0.21796875
16 0.49609375 0.64375 0.0296875 0.225
17 0.5296875 0.6375 0.0421875 0.24609375
18 0.56875 0.62265625 0.0484375 0.2375
25 0.40859375 0.64375 0.02734375 0.17421875
26 0.37578125 0.6140625 0.03828125 0.2328125
27 0.34140625 0.64375 0.0421875 0.21171875