30 0.20703125 0.49140625 0.090625 0.15
29 0.25859375 0.5671875 0.1046875 0.1890625
28 0.30078125 0.6203125 0.096875 0.1984375
26 0.43359375 0.61484375 0.04375 0.2296875
27 0.396875 0.6203125 0.0421875 0.228125
25 0.4671875 0.6140625 0.03125 0.20703125
24 0.496875 0.6109375 0.0234375 0.18828125
16 0.52421875 0.60859375 0.02734375 0.1921875
17 0.5546875 0.61015625 0.0296875 0.19453125
18 0.5875 0.6234375 0.03984375 0.234375
19 0.628125 0.62734375 0.0421875 0.234375
20 0.71953125 0.63046875 0.0734375 0.24453125
21 0.7734375 0.57109375 0.0921875 0.1921875
22 0.8296875 0.49609375 0.084375 0.1484375
7 0.209375 0.30859375 0.06484375 0.1796875
6 0.25859375 0.334375 0.05859375 0.2234375
5 0.31640625 0.375 0.0609375 0.20390625
15 0.8234375 0.3125 0.05859375 0.1796875
14 0.7859375 0.334375 0.05859375 0.2234375
13 0.73125 0.37578125 0.05859375 0.20078125
12 0.68046875 0.38671875 0.0421875 0.1984375
11 0.65 0.39140625 0.0359375 0.20234375
10 0.61640625 0.34921875 0.04375 0.2828125
4 0.36171875 0.37265625 0.03359375 0.228125
3 0.3953125 0.36796875 0.03359375 0.24375
2 0.43046875 0.3578125 0.0421875 0.26171875
1 0.47265625 0.36484375 0.03359375 0.22578125
0 0.51171875 0.36484375 0.05234375 0.24140625