31 0.14765625 0.5453125 0.10625 0.12265625
30 0.23125 0.61171875 0.0921875 0.228125
29 0.29296875 0.640625 0.11640625 0.22890625
28 0.35625 0.6578125 0.08671875 0.21953125
26 0.41015625 0.67109375 0.0359375 0.23359375
25 0.453125 0.65546875 0.03828125 0.19375
24 0.48671875 0.65 0.03046875 0.18359375
16 0.52109375 0.6453125 0.034375 0.17734375
17 0.55625 0.66953125 0.0359375 0.21015625
18 0.6046875 0.671875 0.03984375 0.215625
23 0.87421875 0.55390625 0.11015625 0.140625
22 0.79453125 0.61015625 0.09453125 0.22890625
21 0.7296875 0.6359375 0.11484375 0.228125
20 0.66640625 0.67109375 0.08828125 0.2296875
15 0.828125 0.37265625 0.0703125 0.13125
14 0.778125 0.3828125 0.05390625 0.16328125
13 0.71484375 0.38203125 0.07265625 0.18203125
12 0.66484375 0.37578125 0.0359375 0.20546875
10 0.62421875 0.36171875 0.0484375 0.2859375
9 0.58515625 0.4109375 0.0421875 0.228125
8 0.546875 0.3953125 0.04609375 0.271875
0 0.4953125 0.396875 0.0421875 0.26796875
1 0.45859375 0.40234375 0.04609375 0.2390625
2 0.41953125 0.39140625 0.05234375 0.23203125
7 0.203125 0.36484375 0.06796875 0.18359375
6 0.2546875 0.36484375 0.05625 0.215625
5 0.31953125 0.37421875 0.07265625 0.21484375
4 0.37265625 0.3828125 0.0421875 0.2109375