7 0.10703125 0.21875 0.05546875 0.17578125
6 0.15546875 0.25078125 0.0578125 0.2234375
5 0.21640625 0.25390625 0.06875 0.2765625
4 0.2734375 0.27265625 0.05390625 0.26640625
3 0.31875 0.29609375 0.0578125 0.253125
2 0.353125 0.28515625 0.05390625 0.309375
1 0.4046875 0.3046875 0.04921875 0.26171875
0 0.44296875 0.3109375 0.05390625 0.30078125
8 0.49140625 0.32109375 0.04296875 0.2765625
9 0.53125 0.31015625 0.040625 0.27265625
10 0.57109375 0.30078125 0.04296875 0.2875
11 0.60703125 0.28984375 0.0515625 0.26171875
12 0.646875 0.290625 0.0578125 0.23359375
13 0.703125 0.24609375 0.06640625 0.2765625
14 0.76484375 0.240625 0.0578125 0.2234375
15 0.815625 0.2234375 0.05546875 0.171875
31 0.10078125 0.440625 0.10703125 0.18671875
30 0.16171875 0.5203125 0.109375 0.225
29 0.2375 0.55703125 0.10546875 0.25078125
28 0.30078125 0.578125 0.07265625 0.2421875
27 0.3421875 0.59453125 0.0625 0.240625
26 0.38125 0.58671875 0.0625 0.18671875
25 0.43046875 0.5765625 0.03671875 0.178125
24 0.4703125 0.5828125 0.04296875 0.1734375
16 0.49765625 0.578125 0.040625 0.1734375
17 0.528125 0.58125 0.03828125 0.18046875
18 0.56875 0.5921875 0.046875 0.23203125
19 0.60703125 0.58046875 0.05546875 0.23828125
20 0.6578125 0.5625 0.0796875 0.23203125
21 0.71796875 0.53359375 0.109375 0.2296875
22 0.78515625 0.4875 0.10703125 0.21484375
23 0.8359375 0.41640625 0.0921875 0.1890625