7 0.2015625 0.371875 0.05625 0.2078125
6 0.253125 0.40703125 0.06640625 0.16953125
5 0.31171875 0.38125 0.07890625 0.1828125
3 0.3796875 0.37109375 0.04609375 0.20234375
2 0.41015625 0.38125 0.04609375 0.23515625
1 0.4484375 0.38984375 0.03828125 0.23046875
0 0.48359375 0.390625 0.040625 0.253125
8 0.5265625 0.41015625 0.04453125 0.22265625
9 0.5625 0.40078125 0.03203125 0.240625
10 0.6015625 0.40234375 0.0421875 0.225
15 0.7953125 0.42265625 0.05078125 0.17265625
14 0.746875 0.4046875 0.05859375 0.18828125
13 0.69375 0.38984375 0.05625 0.1953125
16 0.50234375 0.63359375 0.02734375 0.18671875
25 0.44765625 0.62734375 0.028125 0.20234375
26 0.40859375 0.61875 0.0421875 0.2125
27 0.37109375 0.609375 0.0359375 0.19453125
28 0.33046875 0.60859375 0.0484375 0.1921875
17 0.5375 0.62890625 0.03046875 0.17265625
18 0.56875 0.64140625 0.040625 0.20234375
19 0.61015625 0.6375 0.034375 0.19453125
20 0.64609375 0.6328125 0.03828125 0.1921875
22 0.73984375 0.61953125 0.0890625 0.15
24 0.47578125 0.615625 0.0234375 0.14765625