31 0.19609375 0.57109375 0.075 0.17109375
30 0.24921875 0.61171875 0.075 0.175
29 0.3078125 0.6328125 0.07890625 0.1890625
28 0.3640625 0.64765625 0.04453125 0.2015625
27 0.39765625 0.65546875 0.046875 0.2015625
23 0.82890625 0.56328125 0.09375 0.15078125
22 0.7578125 0.60859375 0.06484375 0.18515625
21 0.7078125 0.62421875 0.08828125 0.1953125
20 0.6546875 0.64765625 0.0609375 0.19296875
19 0.61796875 0.66171875 0.053125 0.20546875
18 0.58203125 0.65859375 0.034375 0.215625
26 0.4328125 0.6546875 0.03671875 0.19140625
7 0.1984375 0.41171875 0.05078125 0.1609375
6 0.24609375 0.425 0.04453125 0.19140625
5 0.29765625 0.4359375 0.0546875 0.2015625
15 0.8015625 0.415625 0.06328125 0.15234375
14 0.75234375 0.4265625 0.053125 0.1796875
4 0.3421875 0.43125 0.034375 0.20703125
3 0.37734375 0.4359375 0.03046875 0.2015625
2 0.40859375 0.41796875 0.03671875 0.23359375
13 0.70234375 0.425 0.0546875 0.19140625
12 0.6546875 0.428125 0.03671875 0.20546875
11 0.621875 0.4234375 0.03671875 0.2171875
10 0.5875 0.41953125 0.03671875 0.22578125
9 0.55390625 0.42890625 0.03046875 0.1953125
17 0.54609375 0.64453125 0.034375 0.175
1 0.440625 0.43125 0.02734375 0.17890625
8 0.5140625 0.4265625 0.04609375 0.215625
0 0.47578125 0.42890625 0.040625 0.21484375
25 0.46640625 0.63515625 0.03046875 0.1484375
16 0.51796875 0.63984375 0.02890625 0.1640625
24 0.49375 0.65078125 0.0203125 0.14375