30 0.21640625 0.61015625 0.071875 0.18359375
29 0.27578125 0.62421875 0.06796875 0.17109375
28 0.32265625 0.6265625 0.0390625 0.1796875
27 0.359375 0.6453125 0.0390625 0.21171875
26 0.4015625 0.67578125 0.03671875 0.24921875
24 0.45703125 0.63203125 0.02890625 0.11953125
25 0.43203125 0.64296875 0.02890625 0.16328125
16 0.48359375 0.6453125 0.02421875 0.1421875
17 0.51328125 0.646875 0.0265625 0.17109375
18 0.540625 0.68828125 0.0359375 0.265625
19 0.58671875 0.6640625 0.04296875 0.23046875
20 0.62421875 0.6625 0.046875 0.20625
22 0.73125 0.6453125 0.08984375 0.1953125
6 0.196875 0.409375 0.04921875 0.17109375
5 0.25 0.40546875 0.053125 0.2
4 0.2953125 0.41875 0.03671875 0.18125
3 0.3328125 0.43203125 0.0390625 0.1640625
2 0.36796875 0.40703125 0.03515625 0.228125
1 0.40390625 0.42890625 0.0328125 0.20625
0 0.440625 0.4484375 0.040625 0.1953125
8 0.48125 0.44140625 0.03671875 0.203125
9 0.51640625 0.44375 0.0328125 0.190625
10 0.553125 0.43046875 0.03671875 0.2015625
11 0.59140625 0.4203125 0.03515625 0.23046875
12 0.62734375 0.44140625 0.03671875 0.18984375
13 0.675 0.43515625 0.059375 0.20703125
14 0.73359375 0.428125 0.05703125 0.1953125