31 0.13359375 0.59609375 0.10703125 0.1546875
30 0.1984375 0.63515625 0.11953125 0.18203125
27 0.35078125 0.72109375 0.0421875 0.21953125
26 0.39375 0.73515625 0.04375 0.221875
25 0.4453125 0.71484375 0.03359375 0.15234375
24 0.478125 0.7078125 0.02734375 0.1546875
16 0.50703125 0.703125 0.02734375 0.14609375
17 0.53984375 0.71171875 0.03359375 0.1421875
18 0.59375 0.73671875 0.03984375 0.2203125
19 0.63984375 0.7140625 0.04375 0.18828125
21 0.7109375 0.68984375 0.09453125 0.19921875
22 0.778125 0.65078125 0.103125 0.18359375
23 0.8390625 0.625 0.0859375 0.153125
7 0.1734375 0.35234375 0.0609375 0.1625
6 0.215625 0.43671875 0.0734375 0.1765625
5 0.271875 0.4453125 0.06484375 0.2265625
4 0.32265625 0.459375 0.04375 0.2328125
3 0.35390625 0.46171875 0.03125 0.259375
2 0.4 0.4703125 0.03984375 0.26328125
1 0.43984375 0.48984375 0.0359375 0.23125
0 0.4765625 0.50234375 0.0421875 0.23515625
8 0.521875 0.51171875 0.04375 0.22578125
9 0.56171875 0.51484375 0.0359375 0.19453125
10 0.603125 0.471875 0.0421875 0.29296875
11 0.64375 0.51328125 0.03984375 0.18984375
12 0.68046875 0.48515625 0.0375 0.20078125
13 0.728125 0.4828125 0.0609375 0.18046875
14 0.78359375 0.43671875 0.06328125 0.19765625
15 0.8203125 0.3671875 0.06484375 0.14609375