7 0.16953125 0.353125 0.05859375 0.1796875
6 0.21953125 0.36484375 0.05859375 0.19609375
5 0.278125 0.37265625 0.05859375 0.1984375
4 0.325 0.37421875 0.0484375 0.21015625
3 0.365625 0.37421875 0.04453125 0.21796875
2 0.40078125 0.37421875 0.03828125 0.22578125
1 0.43671875 0.37109375 0.034375 0.23984375
0 0.47421875 0.38203125 0.03984375 0.2421875
8 0.51640625 0.3796875 0.03984375 0.2421875
9 0.5515625 0.36953125 0.0421875 0.2453125
10 0.5921875 0.37109375 0.04453125 0.24765625
11 0.634375 0.37890625 0.03984375 0.21171875
12 0.67265625 0.375 0.03984375 0.2078125
13 0.72421875 0.3734375 0.05859375 0.196875
14 0.784375 0.35859375 0.0625 0.19609375
15 0.8375 0.3796875 0.05234375 0.16953125
31 0.128125 0.5265625 0.09609375 0.121875
30 0.20546875 0.58671875 0.090625 0.21015625
29 0.26484375 0.61171875 0.0921875 0.23203125
28 0.33359375 0.62578125 0.04453125 0.23203125
27 0.3734375 0.628125 0.03984375 0.23203125
26 0.41484375 0.62734375 0.03828125 0.23359375
25 0.45 0.61328125 0.03203125 0.17734375
24 0.478125 0.61328125 0.03203125 0.165625
16 0.5078125 0.61015625 0.02890625 0.159375
17 0.5328125 0.6171875 0.034375 0.1734375
18 0.5765625 0.63828125 0.06015625 0.23984375
19 0.61328125 0.62578125 0.05390625 0.22421875
20 0.65625 0.6296875 0.05625 0.2359375
21 0.7125 0.625 0.0921875 0.23359375
22 0.784375 0.590625 0.0984375 0.21015625