6 0.221875 0.4375 0.06953125 0.17890625
5 0.284375 0.44765625 0.06328125 0.215625
4 0.340625 0.46015625 0.065625 0.23359375
3 0.38984375 0.459375 0.06171875 0.26953125
2 0.428125 0.475 0.05 0.2796875
1 0.465625 0.4953125 0.04140625 0.253125
0 0.5171875 0.49453125 0.05078125 0.26796875
8 0.57265625 0.50234375 0.0515625 0.2546875
9 0.61796875 0.49296875 0.03984375 0.253125
10 0.66484375 0.4703125 0.04453125 0.2828125
11 0.70390625 0.47109375 0.06015625 0.24296875
12 0.73984375 0.46484375 0.059375 0.2046875
13 0.79453125 0.43515625 0.06640625 0.209375
14 0.85078125 0.41640625 0.06875 0.1796875
15 0.87109375 0.309375 0.06796875 0.08828125
31 0.15234375 0.615625 0.0859375 0.1375
30 0.2140625 0.65 0.121875 0.23125
29 0.296875 0.71015625 0.1015625 0.25390625
28 0.365625 0.73671875 0.06953125 0.23046875
27 0.41484375 0.7546875 0.053125 0.22109375
26 0.46328125 0.73046875 0.05390625 0.18515625
25 0.49609375 0.7109375 0.0421875 0.14609375
24 0.534375 0.73515625 0.03359375 0.1484375
16 0.56640625 0.72421875 0.034375 0.1296875
17 0.60234375 0.73203125 0.04296875 0.175
18 0.6390625 0.753125 0.05703125 0.259375
19 0.67890625 0.75078125 0.05625 0.24296875
20 0.72890625 0.7265625 0.07109375 0.22734375
21 0.78671875 0.696875 0.0984375 0.23203125
22 0.85234375 0.6359375 0.10234375 0.21171875
23 0.91015625 0.6 0.07421875 0.1234375