4 0.321875 0.4546875 0.04375 0.20078125
3 0.3640625 0.4484375 0.04765625 0.2171875
2 0.40390625 0.45234375 0.04375 0.2359375
1 0.44375 0.46875 0.0359375 0.209375
0 0.4859375 0.48984375 0.03984375 0.2078125
8 0.52890625 0.48046875 0.0421875 0.22109375
9 0.56875 0.46484375 0.034375 0.20078125
10 0.60625 0.4453125 0.03984375 0.23515625
11 0.64609375 0.44921875 0.05234375 0.21875
13 0.70703125 0.4703125 0.06171875 0.196875
14 0.7671875 0.48515625 0.06171875 0.19921875
16 0.5203125 0.67734375 0.025 0.1140625
17 0.55078125 0.6765625 0.02578125 0.1453125
18 0.59609375 0.70625 0.03984375 0.209375
19 0.63828125 0.6984375 0.04375 0.1890625
20 0.69296875 0.6984375 0.05390625 0.196875
24 0.49765625 0.68125 0.02421875 0.12734375
25 0.4609375 0.67421875 0.0296875 0.12109375
26 0.415625 0.690625 0.04765625 0.18125
27 0.37890625 0.68671875 0.05 0.1859375
29 0.26796875 0.64609375 0.0921875 0.20390625
28 0.33203125 0.67578125 0.05234375 0.190625
6 0.2 0.45625 0.071875 0.20078125