7 0.184375 0.3015625 0.07265625 0.13359375
6 0.2109375 0.39453125 0.075 0.203125
5 0.2578125 0.4328125 0.075 0.196875
4 0.31796875 0.44375 0.053125 0.1984375
3 0.35625 0.45390625 0.0515625 0.21484375
2 0.40234375 0.4703125 0.05703125 0.25234375
1 0.45 0.50078125 0.053125 0.2109375
0 0.4921875 0.48046875 0.0515625 0.27578125
8 0.546875 0.49765625 0.05546875 0.25234375
9 0.59375 0.49375 0.0421875 0.23203125
10 0.63671875 0.48203125 0.0453125 0.24765625
11 0.678125 0.47265625 0.04140625 0.21640625
12 0.71484375 0.4609375 0.04296875 0.18828125
13 0.77265625 0.440625 0.06875 0.2125
14 0.81953125 0.39453125 0.06484375 0.21875
15 0.8515625 0.30390625 0.06484375 0.1515625
31 0.1328125 0.5453125 0.0609375 0.14921875
30 0.1890625 0.58984375 0.090625 0.1984375
29 0.25 0.65234375 0.10234375 0.2078125
28 0.3140625 0.67421875 0.06484375 0.19453125
27 0.35546875 0.7015625 0.06484375 0.1828125
26 0.4015625 0.728125 0.059375 0.196875
25 0.4515625 0.7109375 0.0453125 0.13359375
24 0.49140625 0.734375 0.0375 0.16953125
16 0.5296875 0.7125 0.03125 0.12578125
17 0.57578125 0.71328125 0.05703125 0.1203125
18 0.62421875 0.73359375 0.07109375 0.203125
19 0.65859375 0.7171875 0.05 0.203125
20 0.70859375 0.6984375 0.0671875 0.20859375
21 0.76953125 0.665625 0.0984375 0.1984375
22 0.83359375 0.60859375 0.08828125 0.20859375
23 0.89375 0.56953125 0.07890625 0.1359375