6 0.18203125 0.390625 0.0734375 0.2015625
5 0.246875 0.4078125 0.0734375 0.23046875
4 0.303125 0.41875 0.05390625 0.23671875
3 0.353125 0.41953125 0.05703125 0.23828125
2 0.396875 0.40234375 0.06171875 0.2765625
1 0.4484375 0.40625 0.05078125 0.25234375
0 0.50078125 0.4046875 0.04921875 0.2578125
8 0.546875 0.4203125 0.05546875 0.22421875
9 0.6015625 0.41640625 0.06015625 0.21953125
10 0.64609375 0.4078125 0.05859375 0.271875
11 0.6828125 0.4125 0.046875 0.23984375
12 0.721875 0.4125 0.0421875 0.22421875
14 0.81484375 0.40859375 0.06171875 0.215625
15 0.871875 0.37421875 0.06875 0.21796875
30 0.16953125 0.58984375 0.1140625 0.1828125
29 0.24453125 0.65078125 0.1171875 0.21484375
28 0.3359375 0.6546875 0.05546875 0.19375
27 0.38359375 0.67421875 0.0484375 0.24921875
26 0.43515625 0.6625 0.0609375 0.2625
25 0.478125 0.65234375 0.0421875 0.21015625
24 0.51484375 0.65234375 0.04140625 0.21796875
16 0.54609375 0.64140625 0.046875 0.1875
17 0.57890625 0.6546875 0.046875 0.18671875
18 0.625 0.665625 0.053125 0.253125
19 0.678125 0.6703125 0.0609375 0.2625
20 0.72265625 0.66484375 0.07265625 0.22265625
21 0.790625 0.65390625 0.10703125 0.2171875
22 0.859375 0.5875 0.11328125 0.18671875