7 0.20390625 0.353125 0.07109375 0.13125
6 0.240625 0.403125 0.06015625 0.17265625
5 0.28984375 0.41875 0.05390625 0.20390625
4 0.33671875 0.43828125 0.03984375 0.18515625
3 0.375 0.45703125 0.04140625 0.17265625
2 0.409375 0.446875 0.03515625 0.21484375
1 0.44609375 0.43984375 0.0375 0.22109375
0 0.47890625 0.46328125 0.03359375 0.20234375
8 0.515625 0.47109375 0.03984375 0.19609375
9 0.55 0.46953125 0.03359375 0.19765625
10 0.58671875 0.48046875 0.03515625 0.19375
11 0.62734375 0.48203125 0.04140625 0.17265625
12 0.665625 0.47109375 0.03984375 0.17890625
13 0.71484375 0.44453125 0.05859375 0.20625
14 0.77109375 0.42421875 0.05859375 0.18515625
15 0.809375 0.35234375 0.06015625 0.15390625
31 0.17109375 0.53203125 0.07890625 0.14765625
30 0.22109375 0.58046875 0.1 0.16484375
29 0.28671875 0.63828125 0.08984375 0.19375
28 0.33828125 0.64921875 0.05625 0.16484375
27 0.37578125 0.67734375 0.04375 0.19609375
26 0.409375 0.684375 0.03984375 0.20625
25 0.44609375 0.66640625 0.02890625 0.15859375
24 0.46875 0.659375 0.03359375 0.15625
16 0.50234375 0.66171875 0.03203125 0.18515625
17 0.52734375 0.66328125 0.02890625 0.13984375
18 0.55859375 0.68203125 0.03359375 0.17734375
19 0.596875 0.690625 0.04765625 0.19375
20 0.63984375 0.66796875 0.05859375 0.17265625
21 0.70390625 0.66171875 0.09609375 0.20234375
22 0.77421875 0.61484375 0.10625 0.17890625
23 0.82109375 0.565625 0.07109375 0.16484375