7 0.2234375 0.19375 0.05703125 0.18203125
6 0.265625 0.2171875 0.05546875 0.21328125
5 0.31796875 0.26953125 0.06171875 0.20703125
4 0.36796875 0.30546875 0.06796875 0.21328125
3 0.39921875 0.3328125 0.05625 0.203125
2 0.4328125 0.34140625 0.0421875 0.23046875
1 0.4671875 0.3609375 0.03671875 0.2046875
0 0.50390625 0.3640625 0.040625 0.2234375
8 0.546875 0.3546875 0.040625 0.2046875
9 0.58203125 0.35078125 0.0453125 0.21640625
10 0.61484375 0.3359375 0.053125 0.23359375
11 0.6578125 0.31484375 0.04921875 0.2234375
12 0.69140625 0.2875 0.0515625 0.21640625
13 0.7375 0.26015625 0.065625 0.2171875
14 0.78984375 0.21328125 0.059375 0.22578125
15 0.83828125 0.175 0.053125 0.20703125
31 0.19296875 0.36875 0.0859375 0.16015625
30 0.24296875 0.44296875 0.10078125 0.196875
28 0.36171875 0.54375 0.06328125 0.1953125
27 0.3984375 0.5734375 0.05546875 0.20078125
26 0.434375 0.59140625 0.0453125 0.19453125
25 0.47109375 0.59609375 0.0328125 0.16015625
16 0.54296875 0.575 0.0328125 0.15390625
17 0.571875 0.57578125 0.0328125 0.16796875
18 0.6109375 0.58828125 0.0453125 0.21328125
19 0.65234375 0.5765625 0.059375 0.2
20 0.69375 0.53515625 0.071875 0.18828125
22 0.79375 0.446875 0.09609375 0.196875
23 0.8515625 0.384375 0.08828125 0.178125