31 0.171875 0.59296875 0.0671875 0.1328125
30 0.22421875 0.63125 0.11171875 0.21875
29 0.290625 0.678125 0.08515625 0.2390625
28 0.34921875 0.68359375 0.04453125 0.2125
27 0.3890625 0.69453125 0.03828125 0.2265625
26 0.43125 0.703125 0.03671875 0.2265625
25 0.465625 0.6953125 0.02421875 0.18359375
24 0.49921875 0.69296875 0.01796875 0.1734375
16 0.53359375 0.69453125 0.02265625 0.18984375
17 0.56328125 0.69375 0.0203125 0.2
18 0.59375 0.7 0.028125 0.2328125
19 0.62421875 0.69296875 0.0328125 0.2265625
20 0.65859375 0.684375 0.03671875 0.20234375
21 0.715625 0.66796875 0.08515625 0.2265625
22 0.77265625 0.6234375 0.1015625 0.20625
23 0.82421875 0.5921875 0.0671875 0.13125
15 0.778125 0.31875 0.0484375 0.12890625
14 0.74921875 0.428125 0.05390625 0.16484375
13 0.703125 0.41640625 0.05703125 0.2390625
12 0.66640625 0.42734375 0.03671875 0.22890625
11 0.6296875 0.4375 0.04140625 0.22421875
10 0.590625 0.44140625 0.034375 0.24375
9 0.55703125 0.4421875 0.028125 0.24609375
8 0.52109375 0.446875 0.034375 0.2265625
0 0.4828125 0.446875 0.034375 0.23046875
1 0.4484375 0.4453125 0.03046875 0.23984375
7 0.21640625 0.3109375 0.0546875 0.12578125
6 0.24375 0.4015625 0.0609375 0.21015625
2 0.4046875 0.421875 0.040625 0.2875
3 0.365625 0.440625 0.03671875 0.21875
4 0.33671875 0.43828125 0.04765625 0.21875
5 0.29375 0.43125 0.05859375 0.1921875