7 0.221875 0.36171875 0.0625 0.121875
6 0.23984375 0.465625 0.08671875 0.17578125
5 0.2921875 0.47109375 0.08671875 0.26015625
4 0.33203125 0.5171875 0.0421875 0.21953125
3 0.36875 0.534375 0.034375 0.21015625
2 0.3953125 0.49765625 0.04453125 0.271875
1 0.43671875 0.525 0.05 0.2546875
0 0.47109375 0.52734375 0.05 0.26015625
8 0.5046875 0.515625 0.05859375 0.271875
9 0.53515625 0.51640625 0.0625 0.24609375
10 0.58828125 0.509375 0.04453125 0.228125
11 0.61640625 0.5234375 0.05234375 0.22265625
12 0.65234375 0.51796875 0.0484375 0.20078125
13 0.70390625 0.50625 0.07421875 0.2015625
14 0.7453125 0.46640625 0.0859375 0.18828125
15 0.759375 0.35625 0.06015625 0.11328125
31 0.15625 0.62265625 0.0484375 0.1171875
30 0.21484375 0.6625 0.0765625 0.18359375
29 0.271875 0.709375 0.10234375 0.20546875
28 0.334375 0.746875 0.05390625 0.1875
27 0.37578125 0.7578125 0.06015625 0.1859375
26 0.409375 0.77265625 0.06015625 0.2
25 0.4578125 0.765625 0.03984375 0.17734375
24 0.490625 0.76171875 0.034375 0.1703125
16 0.525 0.76171875 0.034375 0.165625
17 0.56015625 0.76484375 0.0359375 0.2
18 0.60078125 0.77421875 0.04453125 0.23203125
20 0.64765625 0.7515625 0.0421875 0.19765625
22 0.76015625 0.65234375 0.0984375 0.1515625
23 0.815625 0.6078125 0.06015625 0.1234375