31 0.1546875 0.54453125 0.0859375 0.1828125
30 0.22265625 0.58125 0.08984375 0.2140625
29 0.28125 0.61953125 0.078125 0.22734375
28 0.33984375 0.6296875 0.05078125 0.20390625
27 0.3859375 0.65859375 0.0453125 0.25078125
26 0.42578125 0.67734375 0.05078125 0.30390625
25 0.4671875 0.6265625 0.02734375 0.16796875
24 0.49609375 0.64609375 0.0234375 0.13984375
16 0.5265625 0.64921875 0.025 0.14140625
17 0.55078125 0.634375 0.03125 0.175
23 0.8515625 0.5421875 0.07421875 0.18671875
22 0.7890625 0.5875 0.08203125 0.21015625
21 0.7265625 0.62265625 0.08203125 0.2296875
20 0.6703125 0.64921875 0.0546875 0.23125
19 0.62578125 0.6703125 0.0453125 0.26640625
18 0.59375 0.6671875 0.0546875 0.27265625
6 0.2171875 0.35859375 0.05859375 0.2140625
5 0.27734375 0.35625 0.05859375 0.23515625
4 0.325 0.39609375 0.0453125 0.20625
3 0.3640625 0.4015625 0.040625 0.22578125
2 0.40703125 0.396875 0.0484375 0.246875
1 0.4546875 0.39140625 0.046875 0.2515625
0 0.4921875 0.39140625 0.0390625 0.26640625
8 0.534375 0.38984375 0.0453125 0.27265625
9 0.57421875 0.4078125 0.03125 0.21796875
10 0.61328125 0.3921875 0.04296875 0.27265625
11 0.64921875 0.4078125 0.0375 0.2296875
12 0.68671875 0.40390625 0.0453125 0.21015625
13 0.7296875 0.3640625 0.0453125 0.1265625
14 0.7859375 0.3859375 0.05625 0.1671875