22 0.83203125 0.6109375 0.109375 0.175
20 0.6953125 0.6359375 0.046875 0.2140625
19 0.64921875 0.6390625 0.0453125 0.2
18 0.6 0.64609375 0.0390625 0.21015625
17 0.559375 0.62734375 0.0328125 0.15703125
16 0.525 0.62578125 0.02734375 0.153125
24 0.4921875 0.62421875 0.03125 0.15546875
25 0.45703125 0.6203125 0.03125 0.159375
26 0.415625 0.63125 0.0390625 0.20390625
27 0.37421875 0.6265625 0.0453125 0.20625
28 0.32890625 0.62265625 0.0484375 0.21015625
30 0.1375 0.56796875 0.1265625 0.1984375
7 0.159375 0.3625 0.05625 0.19453125
6 0.2140625 0.4078125 0.06875 0.190625
5 0.2703125 0.4125 0.05625 0.2
4 0.3234375 0.39140625 0.0484375 0.2328125
3 0.3640625 0.396875 0.0484375 0.2234375
2 0.3984375 0.3890625 0.04296875 0.24296875
1 0.43671875 0.39140625 0.0375 0.2234375
0 0.47734375 0.38359375 0.040625 0.24375
8 0.521875 0.39140625 0.04296875 0.21953125
9 0.56328125 0.39375 0.0375 0.2203125
10 0.603125 0.4015625 0.0390625 0.2125
11 0.6421875 0.4046875 0.0546875 0.2265625
12 0.6828125 0.40390625 0.040625 0.175
13 0.721875 0.421875 0.05625 0.1484375
14 0.77421875 0.41328125 0.0640625 0.24140625
15 0.82890625 0.41953125 0.0453125 0.17890625