31 0.2 0.59921875 0.0640625 0.128125
30 0.25078125 0.6359375 0.1078125 0.21015625
29 0.3140625 0.68125 0.08203125 0.2296875
28 0.37109375 0.6859375 0.04296875 0.20390625
27 0.409375 0.696875 0.0375 0.21796875
26 0.44921875 0.7046875 0.03515625 0.21796875
25 0.4828125 0.69765625 0.0234375 0.1765625
24 0.51484375 0.69453125 0.0171875 0.1671875
16 0.54765625 0.696875 0.021875 0.1828125
17 0.5765625 0.69609375 0.01953125 0.1921875
18 0.60546875 0.7015625 0.02734375 0.2234375
19 0.634375 0.69453125 0.03125 0.21796875
20 0.66796875 0.68671875 0.03515625 0.19453125
21 0.72265625 0.67109375 0.08203125 0.21796875
22 0.77734375 0.628125 0.09765625 0.1984375
23 0.82734375 0.5984375 0.0640625 0.12578125
15 0.7828125 0.33515625 0.046875 0.12421875
14 0.75546875 0.440625 0.0515625 0.1578125
13 0.7109375 0.42890625 0.0546875 0.2296875
12 0.67578125 0.43984375 0.03515625 0.21953125
11 0.63984375 0.45 0.03984375 0.215625
10 0.60234375 0.453125 0.0328125 0.234375
9 0.5703125 0.45390625 0.02734375 0.2359375
8 0.5359375 0.45859375 0.0328125 0.21796875
0 0.49921875 0.45859375 0.0328125 0.221875
1 0.465625 0.45703125 0.0296875 0.23046875
7 0.24296875 0.328125 0.053125 0.12109375
6 0.26953125 0.415625 0.05859375 0.20234375
2 0.4234375 0.43515625 0.0390625 0.2765625
3 0.38671875 0.45234375 0.03515625 0.21015625
4 0.35859375 0.45078125 0.04609375 0.21015625
5 0.3171875 0.44375 0.05625 0.184375