15 0.78984375 0.51328125 0.0484375 0.1515625
14 0.740625 0.51875 0.05859375 0.18125
13 0.6890625 0.47578125 0.0703125 0.19375
12 0.6390625 0.46640625 0.05078125 0.17109375
10 0.59375 0.44609375 0.0390625 0.215625
9 0.55859375 0.4515625 0.0390625 0.1921875
8 0.52421875 0.45234375 0.0453125 0.17890625
0 0.48359375 0.4546875 0.040625 0.190625
1 0.44609375 0.46328125 0.0296875 0.16484375
2 0.4140625 0.4390625 0.0390625 0.19453125
4 0.3546875 0.43984375 0.0453125 0.16875
5 0.30546875 0.4546875 0.0640625 0.17578125
6 0.253125 0.4671875 0.05625 0.18046875
7 0.20703125 0.4515625 0.04296875 0.14140625
31 0.215625 0.62265625 0.0875 0.13984375
28 0.3515625 0.65 0.04296875 0.16328125
27 0.38671875 0.66328125 0.0390625 0.175
26 0.42265625 0.67734375 0.0328125 0.20625
25 0.4546875 0.65390625 0.02734375 0.1671875
24 0.4796875 0.6515625 0.0296875 0.159375
16 0.50703125 0.6546875 0.025 0.1765625
17 0.5328125 0.65859375 0.03515625 0.18828125
18 0.5640625 0.67890625 0.0390625 0.22578125
19 0.603125 0.6671875 0.0390625 0.19453125
20 0.646875 0.665625 0.046875 0.1671875