7 0.20546875 0.4234375 0.06640625 0.13984375
6 0.24375 0.453125 0.05859375 0.159375
5 0.3046875 0.459375 0.06953125 0.184375
4 0.35390625 0.4765625 0.04140625 0.1875
3 0.3921875 0.49140625 0.04140625 0.1734375
2 0.4328125 0.46953125 0.03984375 0.22421875
1 0.471875 0.49140625 0.04375 0.20546875
0 0.50390625 0.50625 0.03984375 0.19140625
8 0.54453125 0.50234375 0.0375 0.19921875
9 0.58515625 0.46875 0.0359375 0.2390625
10 0.61796875 0.45859375 0.03359375 0.2390625
11 0.6546875 0.4578125 0.03203125 0.225
12 0.68203125 0.45078125 0.040625 0.203125
13 0.7328125 0.44375 0.0578125 0.18984375
14 0.78046875 0.43984375 0.05390625 0.17734375
15 0.815625 0.421875 0.059375 0.1296875
23 0.8296875 0.57890625 0.0953125 0.1421875
22 0.7609375 0.66328125 0.07734375 0.203125
21 0.703125 0.67578125 0.09296875 0.20546875
20 0.64296875 0.69296875 0.04375 0.20703125
19 0.60625 0.69296875 0.04140625 0.19140625
18 0.58359375 0.72109375 0.059375 0.2125
17 0.54140625 0.71484375 0.028125 0.17578125
16 0.51328125 0.7078125 0.03359375 0.1578125
24 0.4921875 0.70546875 0.0234375 0.15390625
25 0.46640625 0.71875 0.03203125 0.1875
26 0.43125 0.7078125 0.04140625 0.17734375
27 0.39765625 0.69609375 0.0453125 0.19375
28 0.3640625 0.69921875 0.0453125 0.203125
29 0.31328125 0.684375 0.08359375 0.21015625
30 0.24140625 0.65390625 0.0890625 0.18515625
31 0.18515625 0.6 0.09296875 0.17578125