7 0.1046875 0.340625 0.06328125 0.1296875
6 0.1609375 0.36328125 0.059375 0.17890625
5 0.23359375 0.35546875 0.08125 0.21171875
4 0.2828125 0.35234375 0.05234375 0.2578125
3 0.33203125 0.37578125 0.04140625 0.22890625
2 0.3640625 0.3703125 0.0484375 0.31484375
1 0.4109375 0.36953125 0.0375 0.2828125
0 0.4515625 0.409375 0.0484375 0.28828125
8 0.5 0.3859375 0.05234375 0.30703125
9 0.53515625 0.38515625 0.03515625 0.275
10 0.578125 0.38984375 0.04609375 0.296875
11 0.6140625 0.39765625 0.03984375 0.2640625
12 0.64609375 0.3765625 0.0375 0.23984375
13 0.69296875 0.36015625 0.07890625 0.246875
14 0.76171875 0.35625 0.059375 0.19921875
15 0.81171875 0.33515625 0.06484375 0.13046875
23 0.85390625 0.47109375 0.1203125 0.2046875
22 0.790625 0.55625 0.103125 0.22578125
21 0.72265625 0.61015625 0.1203125 0.25546875
20 0.665625 0.6453125 0.08515625 0.25546875
19 0.61328125 0.63515625 0.06328125 0.1921875
18 0.5765625 0.65234375 0.07421875 0.221875
17 0.5296875 0.653125 0.05078125 0.1875
16 0.48984375 0.63125 0.0375 0.14375
24 0.45546875 0.64296875 0.02734375 0.171875
25 0.41796875 0.634375 0.0375 0.1765625
26 0.359375 0.65 0.08359375 0.2125
27 0.33125 0.61796875 0.06171875 0.17421875
28 0.27265625 0.6375 0.0765625 0.23984375
29 0.20703125 0.609375 0.1203125 0.26171875
30 0.13046875 0.56640625 0.11171875 0.246875
31 0.059375 0.4640625 0.11875 0.17421875