7 0.1359375 0.3796875 0.07890625 0.1296875
6 0.184375 0.4109375 0.0625 0.19375
5 0.24921875 0.4390625 0.06640625 0.1765625
4 0.3046875 0.45390625 0.040625 0.16640625
3 0.34140625 0.45 0.0421875 0.19453125
2 0.38671875 0.4546875 0.040625 0.18359375
1 0.42734375 0.43984375 0.0359375 0.2140625
0 0.46796875 0.43515625 0.04453125 0.24921875
8 0.51484375 0.41875 0.04609375 0.27734375
9 0.559375 0.41796875 0.03828125 0.2546875
10 0.60078125 0.421875 0.04453125 0.2546875
11 0.6453125 0.42890625 0.0484375 0.23671875
12 0.684375 0.45 0.04609375 0.17421875
13 0.740625 0.44140625 0.06640625 0.1640625
14 0.803125 0.403125 0.0625 0.2015625
15 0.84375 0.3703125 0.090625 0.15234375
23 0.86484375 0.60625 0.084375 0.14453125
22 0.7921875 0.61640625 0.0765625 0.184375
21 0.7296875 0.65546875 0.084375 0.19453125
20 0.66796875 0.6546875 0.0546875 0.17265625
19 0.62265625 0.67109375 0.040625 0.184375
18 0.5890625 0.68671875 0.04453125 0.2125
17 0.54921875 0.66015625 0.03046875 0.1625
16 0.51953125 0.66171875 0.03046875 0.1625
24 0.49296875 0.66484375 0.034375 0.17265625
25 0.4578125 0.66171875 0.03203125 0.1625
26 0.42109375 0.68125 0.040625 0.20078125
27 0.38203125 0.678125 0.0421875 0.19453125
28 0.33671875 0.67578125 0.0484375 0.20234375
29 0.2765625 0.67109375 0.08046875 0.18828125
30 0.20234375 0.63125 0.08671875 0.19453125
31 0.12890625 0.6234375 0.0890625 0.15