7 0.265625 0.39609375 0.0671875 0.13359375
6 0.29453125 0.47109375 0.08203125 0.21640625
3 0.396875 0.45234375 0.05703125 0.10234375
2 0.41953125 0.33828125 0.0671875 0.17421875
1 0.46015625 0.50859375 0.03828125 0.12734375
0 0.50234375 0.5171875 0.05078125 0.225
8 0.55078125 0.5265625 0.04609375 0.2015625
9 0.590625 0.49921875 0.0421875 0.16796875
10 0.62578125 0.33671875 0.0609375 0.171875
11 0.6546875 0.45703125 0.065625 0.0875
13 0.71015625 0.55625 0.059375 0.1203125
14 0.7671875 0.484375 0.08203125 0.21015625
15 0.79765625 0.40703125 0.0671875 0.13359375
31 0.20703125 0.70625 0.071875 0.13828125
30 0.28203125 0.709375 0.103125 0.2203125
29 0.35 0.7484375 0.10546875 0.22265625
28 0.4046875 0.81171875 0.04609375 0.12109375
26 0.4375 0.9046875 0.0609375 0.18984375
25 0.47890625 0.75078125 0.0296875 0.19296875
24 0.5125 0.778125 0.03671875 0.23515625
16 0.5484375 0.75390625 0.0296875 0.18671875
17 0.58671875 0.7640625 0.0421875 0.1953125
18 0.62890625 0.9171875 0.0671875 0.165625
21 0.71640625 0.7296875 0.090625 0.17578125
22 0.78203125 0.71484375 0.09921875 0.2140625
23 0.85546875 0.715625 0.078125 0.14453125
4 0.35546875 0.40546875 0.046875 0.12734375
12 0.7 0.4328125 0.05703125 0.1234375
19 0.61640625 0.74765625 0.03359375 0.165625
20 0.65703125 0.7390625 0.053125 0.1484375
5 0.34609375 0.5375 0.0609375 0.13359375
27 0.44921875 0.728125 0.03359375 0.16171875