23 0.85859375 0.5578125 0.090625 0.159375
22 0.79453125 0.6015625 0.0984375 0.215625
21 0.72890625 0.6421875 0.09609375 0.21953125
20 0.66875 0.65625 0.05625 0.21171875
19 0.6265625 0.6703125 0.05234375 0.21171875
31 0.18046875 0.559375 0.09609375 0.16328125
30 0.24765625 0.60390625 0.10234375 0.20390625
28 0.3703125 0.66015625 0.0625 0.2078125
27 0.41171875 0.67890625 0.05234375 0.21796875
7 0.2296875 0.28828125 0.08671875 0.12734375
15 0.81640625 0.24765625 0.05859375 0.1171875
14 0.796875 0.35703125 0.06015625 0.21171875
29 0.315625 0.6484375 0.109375 0.23984375
26 0.44296875 0.68125 0.05703125 0.2171875
25 0.47578125 0.6859375 0.034375 0.2046875
24 0.503125 0.6859375 0.03671875 0.1953125
16 0.53046875 0.68046875 0.03515625 0.19140625
17 0.55625 0.6875 0.0328125 0.20859375
18 0.59375 0.6859375 0.04609375 0.21171875
6 0.24921875 0.3734375 0.0671875 0.22734375
5 0.3078125 0.4015625 0.06171875 0.21796875
4 0.3578125 0.4 0.05078125 0.24453125
3 0.39453125 0.41171875 0.04921875 0.2453125
2 0.43046875 0.41015625 0.03984375 0.27421875
1 0.4609375 0.42890625 0.04375 0.26328125
0 0.503125 0.4484375 0.04765625 0.26015625
8 0.5453125 0.44609375 0.0453125 0.2484375
9 0.578125 0.43671875 0.04296875 0.23671875
10 0.61328125 0.42265625 0.046875 0.2375
11 0.6515625 0.415625 0.05390625 0.22734375
12 0.6875 0.4046875 0.046875 0.221875
13 0.73828125 0.39609375 0.0640625 0.209375