8 0.51484375 0.38359375 0.0421875 0.24375
0 0.471875 0.384375 0.04453125 0.24140625
1 0.4328125 0.36953125 0.03828125 0.25
2 0.3890625 0.38515625 0.05234375 0.2296875
3 0.34140625 0.37734375 0.03671875 0.2390625
4 0.30546875 0.390625 0.0484375 0.22265625
5 0.2546875 0.3796875 0.06484375 0.21015625
6 0.19453125 0.38046875 0.0671875 0.178125
9 0.5515625 0.38359375 0.04765625 0.24296875
10 0.5984375 0.365625 0.0390625 0.25859375
11 0.63515625 0.36875 0.04609375 0.246875
12 0.67109375 0.371875 0.03828125 0.23671875
13 0.7296875 0.36953125 0.0625 0.22421875
14 0.78671875 0.3484375 0.06171875 0.22265625
15 0.8375 0.271875 0.06328125 0.1890625
31 0.15078125 0.56875 0.08046875 0.1875
30 0.20859375 0.640625 0.08671875 0.259375
29 0.275 0.64609375 0.08125 0.23203125
28 0.32890625 0.665625 0.06171875 0.2203125
27 0.36171875 0.65859375 0.046875 0.21953125
26 0.39609375 0.6578125 0.0484375 0.22578125
25 0.4359375 0.63828125 0.04375 0.2203125
24 0.46484375 0.63203125 0.0390625 0.23359375
16 0.49140625 0.634375 0.02734375 0.2421875
17 0.515625 0.63671875 0.03515625 0.2265625
18 0.55078125 0.640625 0.05390625 0.2421875
19 0.59296875 0.64765625 0.04609375 0.22734375
20 0.63125 0.65078125 0.046875 0.24609375
22 0.74296875 0.61953125 0.13125 0.21328125
23 0.80625 0.56796875 0.109375 0.1890625