7 0.21953125 0.3515625 0.08203125 0.1953125
6 0.24765625 0.43046875 0.053125 0.19765625
5 0.3046875 0.43203125 0.059375 0.22421875
4 0.3515625 0.4234375 0.0390625 0.20390625
3 0.39140625 0.45234375 0.0453125 0.228125
2 0.43671875 0.4390625 0.0453125 0.271875
1 0.478125 0.4265625 0.0515625 0.28359375
0 0.51640625 0.43125 0.040625 0.30546875
8 0.56484375 0.44609375 0.04296875 0.27734375
9 0.6046875 0.45546875 0.03671875 0.24296875
10 0.64375 0.446875 0.04921875 0.26328125
11 0.68359375 0.446875 0.0390625 0.24296875
12 0.7203125 0.44609375 0.0390625 0.22421875
14 0.80703125 0.3921875 0.04921875 0.271875
15 0.85546875 0.39296875 0.046875 0.24453125
31 0.19296875 0.59921875 0.0734375 0.1734375
30 0.23984375 0.640625 0.09453125 0.1953125
29 0.30546875 0.67265625 0.10234375 0.22265625
28 0.37109375 0.678125 0.05703125 0.2078125
27 0.4140625 0.6921875 0.0453125 0.21171875
26 0.45625 0.6828125 0.0390625 0.18984375
25 0.49296875 0.7046875 0.03046875 0.2
24 0.5234375 0.69453125 0.03046875 0.2
16 0.5515625 0.69609375 0.02890625 0.1875
17 0.58125 0.7 0.03046875 0.2
18 0.6171875 0.709375 0.03671875 0.24296875
19 0.6578125 0.6921875 0.053125 0.2
20 0.70078125 0.68515625 0.05703125 0.2140625
21 0.76015625 0.665625 0.10234375 0.2203125
22 0.8203125 0.6328125 0.0921875 0.1875
23 0.86875 0.59765625 0.06953125 0.17109375