7 0.171875 0.434375 0.08359375 0.20625
15 0.81015625 0.43671875 0.06015625 0.21484375
14 0.75 0.44375 0.08125 0.18984375
29 0.2796875 0.66484375 0.08125 0.20625
28 0.3375 0.6703125 0.04296875 0.1953125
27 0.38671875 0.665625 0.03828125 0.20390625
26 0.41640625 0.67421875 0.04296875 0.21171875
25 0.45078125 0.65 0.0296875 0.159375
24 0.48046875 0.640625 0.034375 0.2
16 0.5109375 0.64921875 0.02578125 0.175
17 0.53828125 0.65859375 0.0296875 0.18046875
18 0.5765625 0.678125 0.03828125 0.23203125
19 0.62265625 0.6515625 0.040625 0.20390625
20 0.66328125 0.66484375 0.04453125 0.2015625
12 0.6765625 0.43515625 0.04453125 0.18984375
8 0.51796875 0.43125 0.040625 0.20390625
9 0.55625 0.425 0.0359375 0.2125
10 0.59921875 0.41484375 0.04921875 0.23203125
0 0.47578125 0.434375 0.04453125 0.19375
1 0.43515625 0.4546875 0.0359375 0.17421875
2 0.39296875 0.4171875 0.046875 0.2703125
4 0.3234375 0.4546875 0.053125 0.18671875