31 0.18828125 0.55390625 0.10546875 0.15625
30 0.25859375 0.60390625 0.08984375 0.225
29 0.32265625 0.6203125 0.0859375 0.23125
28 0.38828125 0.6390625 0.059375 0.2296875
27 0.43515625 0.64609375 0.05859375 0.2609375
26 0.475 0.64296875 0.0375 0.2328125
25 0.51171875 0.6265625 0.04375 0.1828125
24 0.5421875 0.61796875 0.034375 0.1828125
16 0.5765625 0.63203125 0.03671875 0.19765625
17 0.61171875 0.6359375 0.03671875 0.21015625
18 0.653125 0.65703125 0.03984375 0.2390625
20 0.69609375 0.6515625 0.06328125 0.23671875
21 0.759375 0.634375 0.09296875 0.2421875
22 0.8171875 0.6203125 0.08984375 0.21796875
7 0.203125 0.3421875 0.06875 0.14375
6 0.24921875 0.36875 0.0546875 0.2109375
5 0.3125 0.39296875 0.05625 0.20546875
4 0.36171875 0.3875 0.053125 0.190625
3 0.4015625 0.39375 0.0578125 0.22890625
2 0.44609375 0.396875 0.05 0.22109375
1 0.4828125 0.4 0.04375 0.21953125
0 0.525 0.40625 0.0484375 0.23203125
8 0.5703125 0.3953125 0.0421875 0.26015625
9 0.6046875 0.40390625 0.040625 0.25
10 0.64296875 0.40625 0.04609375 0.25546875
11 0.6859375 0.4109375 0.04375 0.225
12 0.725 0.4 0.0375 0.21953125
13 0.7734375 0.3953125 0.05 0.21484375
14 0.8328125 0.378125 0.0625 0.22421875