7 0.22578125 0.2953125 0.0625 0.196875
6 0.2859375 0.32109375 0.0609375 0.21015625
5 0.35703125 0.33671875 0.07109375 0.21640625
3 0.41171875 0.3328125 0.05546875 0.246875
2 0.4578125 0.34375 0.05078125 0.26875
1 0.4953125 0.3640625 0.040625 0.23828125
0 0.53515625 0.37265625 0.03515625 0.271875
8 0.578125 0.38125 0.040625 0.2640625
9 0.61171875 0.378125 0.03671875 0.240625
10 0.6484375 0.35703125 0.04375 0.290625
11 0.6875 0.3546875 0.05390625 0.24765625
12 0.71953125 0.34765625 0.04140625 0.234375
13 0.76484375 0.3171875 0.0609375 0.2375
14 0.82578125 0.3078125 0.06796875 0.22265625
15 0.87734375 0.2890625 0.065625 0.20625
31 0.18359375 0.478125 0.09296875 0.17265625
30 0.24375 0.53046875 0.11484375 0.2328125
29 0.309375 0.58125 0.125 0.2421875
28 0.378125 0.6046875 0.0796875 0.246875
27 0.41484375 0.61953125 0.0484375 0.23046875
26 0.45234375 0.6421875 0.059375 0.26640625
25 0.49453125 0.6296875 0.03828125 0.21640625
24 0.5234375 0.63046875 0.04140625 0.19609375
16 0.5453125 0.6234375 0.03125 0.18671875
17 0.5734375 0.6234375 0.03203125 0.19921875
18 0.6203125 0.653125 0.06328125 0.27578125
19 0.65 0.63203125 0.05859375 0.25
20 0.69453125 0.61171875 0.0765625 0.2359375
21 0.75625 0.5921875 0.115625 0.23046875
22 0.825 0.54765625 0.109375 0.2125
23 0.86953125 0.49453125 0.084375 0.16640625