7 0.20546875 0.31875 0.08828125 0.12890625
6 0.228125 0.409375 0.07109375 0.1984375
5 0.2875 0.43203125 0.06640625 0.2203125
4 0.33125 0.43984375 0.03359375 0.22890625
3 0.36875 0.4421875 0.03828125 0.21796875
2 0.409375 0.41328125 0.0484375 0.246875
1 0.45703125 0.4359375 0.0484375 0.22109375
0 0.4890625 0.45 0.04140625 0.225
8 0.528125 0.446875 0.0484375 0.23828125
9 0.5703125 0.43828125 0.04765625 0.2453125
10 0.6046875 0.43203125 0.05078125 0.2359375
12 0.67578125 0.434375 0.0453125 0.2125
13 0.73046875 0.44375 0.06328125 0.20859375
14 0.78671875 0.4375 0.071875 0.1765625
15 0.80390625 0.3265625 0.08359375 0.12890625
31 0.16171875 0.553125 0.09296875 0.16484375
30 0.221875 0.60234375 0.11328125 0.1453125
28 0.33828125 0.67109375 0.0640625 0.2109375
27 0.3828125 0.678125 0.046875 0.209375
26 0.421875 0.6828125 0.0421875 0.2296875
25 0.46484375 0.6765625 0.0484375 0.19375
24 0.4953125 0.675 0.0328125 0.178125
16 0.5203125 0.6734375 0.03203125 0.17890625
17 0.54921875 0.665625 0.03828125 0.16484375
18 0.59296875 0.6890625 0.0390625 0.23515625
19 0.628125 0.6640625 0.04921875 0.18515625
20 0.678125 0.67265625 0.046875 0.209375
23 0.83046875 0.5921875 0.08828125 0.14453125