7 0.2171875 0.34921875 0.06484375 0.1546875
6 0.246875 0.421875 0.05703125 0.19765625
5 0.303125 0.4421875 0.0671875 0.1984375
1 0.4390625 0.4796875 0.04296875 0.2078125
0 0.478125 0.47421875 0.04296875 0.2234375
4 0.35078125 0.44921875 0.0390625 0.20546875
8 0.52421875 0.46328125 0.0453125 0.2296875
9 0.56328125 0.48203125 0.0390625 0.16796875
10 0.5921875 0.44453125 0.0515625 0.22734375
11 0.628125 0.42890625 0.0515625 0.2078125
12 0.6625 0.4296875 0.04921875 0.18984375
13 0.7078125 0.40625 0.0609375 0.19375
14 0.76171875 0.3796875 0.059375 0.1765625
23 0.82890625 0.5734375 0.0828125 0.11484375
22 0.76015625 0.603125 0.08671875 0.19765625
21 0.7046875 0.6390625 0.10625 0.2
20 0.646875 0.67578125 0.053125 0.18984375
19 0.6125 0.68359375 0.0515625 0.178125
18 0.575 0.684375 0.03125 0.1640625
17 0.54609375 0.690625 0.02578125 0.15234375
16 0.5140625 0.6875 0.03515625 0.1625
24 0.4890625 0.690625 0.034375 0.16015625
25 0.45546875 0.6984375 0.03359375 0.16796875
26 0.42109375 0.68984375 0.0390625 0.16640625
27 0.3859375 0.7 0.0390625 0.19609375
28 0.34609375 0.68984375 0.046875 0.18984375
29 0.28125 0.665625 0.09453125 0.18984375
30 0.21953125 0.58984375 0.09609375 0.15625
2 0.40390625 0.45 0.046875 0.2078125