30 0.21875 0.55390625 0.090625 0.1625
29 0.271875 0.5921875 0.075 0.15625
28 0.31875 0.6125 0.0671875 0.12265625
27 0.40859375 0.65078125 0.04140625 0.16328125
26 0.44453125 0.6484375 0.03125 0.1703125
25 0.4734375 0.65234375 0.02578125 0.1703125
24 0.496875 0.65390625 0.01796875 0.15078125
16 0.515625 0.66015625 0.0234375 0.15078125
17 0.5421875 0.65078125 0.02578125 0.140625
18 0.57109375 0.65078125 0.03125 0.159375
19 0.60703125 0.640625 0.0375 0.1390625
20 0.7 0.6609375 0.06875 0.18828125
21 0.7390625 0.61796875 0.084375 0.1765625
22 0.78828125 0.56640625 0.084375 0.16015625
7 0.228125 0.37890625 0.06328125 0.1671875
6 0.27578125 0.40703125 0.06328125 0.16796875
5 0.31953125 0.4484375 0.053125 0.1640625
4 0.3640625 0.4546875 0.03515625 0.18125
3 0.3984375 0.459375 0.04140625 0.18203125
2 0.42421875 0.440625 0.0296875 0.21171875
1 0.45859375 0.46328125 0.0390625 0.16640625
0 0.49375 0.4546875 0.0234375 0.20078125
8 0.5265625 0.42734375 0.03359375 0.20078125
9 0.56015625 0.459375 0.0296875 0.18203125
10 0.59375 0.46015625 0.03359375 0.18046875
11 0.621875 0.459375 0.02734375 0.190625
12 0.65546875 0.47265625 0.04296875 0.17421875
13 0.696875 0.45234375 0.046875 0.1765625
14 0.746875 0.42109375 0.04921875 0.171875
15 0.790625 0.40234375 0.04921875 0.14296875