7 0.1265625 0.2859375 0.07578125 0.1328125
6 0.17734375 0.3640625 0.059375 0.20078125
5 0.2390625 0.37734375 0.065625 0.2234375
4 0.30859375 0.37734375 0.07734375 0.24921875
3 0.3328125 0.3890625 0.0453125 0.25546875
2 0.3734375 0.3984375 0.0421875 0.24453125
1 0.41875 0.41015625 0.053125 0.22578125
0 0.45390625 0.41015625 0.04609375 0.24296875
8 0.49140625 0.41328125 0.03828125 0.2359375
9 0.53203125 0.415625 0.03359375 0.23203125
10 0.5671875 0.39453125 0.03359375 0.25703125
11 0.60625 0.403125 0.03984375 0.2359375
12 0.646875 0.38203125 0.0359375 0.25703125
13 0.696875 0.37734375 0.0609375 0.2359375
14 0.75625 0.38359375 0.05703125 0.20703125
15 0.7984375 0.31875 0.05703125 0.13515625
31 0.10859375 0.55078125 0.090625 0.17265625
30 0.178125 0.58515625 0.08203125 0.2296875
29 0.24375 0.6203125 0.08671875 0.2359375
28 0.30078125 0.64296875 0.053125 0.24609375
27 0.34375 0.64765625 0.04609375 0.228125
26 0.37578125 0.64453125 0.0546875 0.2046875
25 0.421875 0.640625 0.0296875 0.18359375
24 0.45234375 0.640625 0.02734375 0.1828125
16 0.4828125 0.659375 0.02109375 0.1625
17 0.51484375 0.64765625 0.03359375 0.18984375
18 0.54765625 0.6453125 0.03671875 0.19375
19 0.584375 0.65078125 0.0421875 0.21328125
20 0.6265625 0.65078125 0.04609375 0.23828125
21 0.684375 0.63203125 0.090625 0.23828125
22 0.74453125 0.6078125 0.071875 0.228125
23 0.81328125 0.5625 0.078125 0.15390625