31 0.16328125 0.6125 0.0671875 0.128125
30 0.22265625 0.60390625 0.08359375 0.1625
29 0.28046875 0.67109375 0.08515625 0.1828125
28 0.34375 0.6625 0.04453125 0.15078125
27 0.39140625 0.66796875 0.046875 0.17265625
26 0.4359375 0.66953125 0.03828125 0.17265625
25 0.4796875 0.67890625 0.040625 0.17890625
24 0.509375 0.6625 0.03046875 0.1546875
16 0.534375 0.6625 0.028125 0.1625
17 0.571875 0.678125 0.03828125 0.17265625
18 0.61328125 0.675 0.0515625 0.1953125
19 0.64453125 0.671875 0.03671875 0.1765625
20 0.6828125 0.65859375 0.03671875 0.1625
21 0.7421875 0.65078125 0.07734375 0.178125
22 0.7984375 0.6140625 0.0734375 0.17109375
23 0.85078125 0.58828125 0.05078125 0.11171875
6 0.23203125 0.45 0.053125 0.16484375
5 0.29296875 0.48046875 0.06484375 0.1609375
4 0.35078125 0.48046875 0.046875 0.16484375
2 0.42890625 0.47734375 0.0484375 0.203125
1 0.47734375 0.47265625 0.053125 0.20546875
0 0.5171875 0.46328125 0.046875 0.20703125
8 0.55625 0.47265625 0.04296875 0.1890625
9 0.59765625 0.48203125 0.03671875 0.17109375
10 0.63828125 0.47265625 0.040625 0.18125
13 0.75625 0.45234375 0.0609375 0.196875
14 0.8109375 0.43125 0.053125 0.1828125
12 0.70625 0.4734375 0.034375 0.17109375