7 0.1921875 0.43046875 0.06875 0.23515625
6 0.24375 0.3921875 0.06640625 0.1984375
0 0.4515625 0.39609375 0.0390625 0.21015625
1 0.4171875 0.3984375 0.0375 0.2109375
2 0.38203125 0.38046875 0.0375 0.2453125
8 0.5015625 0.3875 0.0390625 0.2078125
9 0.54375 0.36953125 0.0375 0.24296875
10 0.58515625 0.36796875 0.0484375 0.25078125
12 0.6671875 0.37265625 0.053125 0.22578125
29 0.25859375 0.628125 0.1 0.20625
28 0.3375 0.62421875 0.04296875 0.2375
27 0.378125 0.63359375 0.040625 0.23515625
26 0.415625 0.63125 0.0390625 0.234375
25 0.4515625 0.628125 0.03125 0.21796875
24 0.478125 0.61796875 0.02734375 0.18046875
16 0.5046875 0.61484375 0.0296875 0.1828125
17 0.5359375 0.61953125 0.0296875 0.2
18 0.5734375 0.63359375 0.040625 0.23515625
19 0.61328125 0.6390625 0.046875 0.23515625
20 0.66875 0.64765625 0.071875 0.253125