7 0.22734375 0.30703125 0.08125 0.1515625
6 0.2609375 0.37890625 0.0796875 0.25625
4 0.33984375 0.33671875 0.06640625 0.1875
2 0.434375 0.328125 0.06640625 0.2265625
1 0.44453125 0.4953125 0.0640625 0.1875
0 0.4734375 0.5078125 0.03671875 0.2078125
8 0.51484375 0.5125 0.03828125 0.2046875
9 0.5515625 0.509375 0.04296875 0.1640625
10 0.5625 0.315625 0.06875 0.2375
11 0.59453125 0.3890625 0.07265625 0.215625
12 0.65 0.35859375 0.046875 0.17734375
14 0.70625 0.42734375 0.07734375 0.1671875
15 0.7375 0.30546875 0.075 0.16015625
31 0.16640625 0.61640625 0.0921875 0.1515625
30 0.24609375 0.65078125 0.1265625 0.22890625
27 0.3734375 0.778125 0.06015625 0.225
26 0.425 0.72734375 0.046875 0.1890625
25 0.46171875 0.71796875 0.03828125 0.1703125
24 0.4828125 0.709375 0.034375 0.153125
16 0.50859375 0.71015625 0.0296875 0.14609375
17 0.53515625 0.7171875 0.03203125 0.17265625
18 0.571875 0.74296875 0.0453125 0.18984375
19 0.6140625 0.76484375 0.0515625 0.22421875
22 0.7296875 0.653125 0.1203125 0.22421875
23 0.80546875 0.6171875 0.08828125 0.1578125
21 0.384375 0.39296875 0.06328125 0.1796875
5 0.31640625 0.47109375 0.05546875 0.146875
13 0.6609375 0.4953125 0.0578125 0.10390625
21 0.66171875 0.67109375 0.08359375 0.1578125
29 0.32265625 0.65390625 0.0921875 0.1234375