4 0.334375 0.42421875 0.046875 0.21328125
3 0.37890625 0.41796875 0.05078125 0.2296875
2 0.421875 0.421875 0.046875 0.25
1 0.4640625 0.4390625 0.03828125 0.22109375
0 0.50859375 0.46171875 0.0421875 0.2203125
8 0.55390625 0.4515625 0.04453125 0.234375
9 0.59609375 0.43515625 0.0359375 0.21328125
10 0.6359375 0.41484375 0.0421875 0.24921875
11 0.678125 0.41875 0.05546875 0.23203125
13 0.74296875 0.44140625 0.065625 0.20859375
14 0.80625 0.45703125 0.065625 0.2109375
16 0.5453125 0.66015625 0.0265625 0.12109375
17 0.57734375 0.659375 0.02734375 0.15390625
18 0.625 0.69140625 0.0421875 0.22109375
19 0.66953125 0.6828125 0.046875 0.2
20 0.728125 0.6828125 0.05703125 0.20859375
24 0.52109375 0.66484375 0.02578125 0.134375
25 0.48203125 0.65703125 0.03203125 0.128125
26 0.434375 0.67421875 0.05078125 0.19140625
27 0.3953125 0.6703125 0.053125 0.196875
29 0.27734375 0.62734375 0.09765625 0.21640625
28 0.3453125 0.65859375 0.05546875 0.20234375
6 0.20546875 0.4265625 0.0765625 0.21328125