6 0.2328125 0.37265625 0.05078125 0.17890625
5 0.28203125 0.40703125 0.053125 0.1859375
4 0.33125 0.4046875 0.040625 0.20390625
2 0.403125 0.42890625 0.0375 0.2296875
1 0.4359375 0.44375 0.03515625 0.21953125
0 0.471875 0.44140625 0.0375 0.24609375
8 0.5109375 0.45625 0.0375 0.19453125
9 0.5484375 0.45 0.03125 0.18046875
10 0.5828125 0.44453125 0.040625 0.20234375
11 0.61328125 0.428125 0.0234375 0.16875
12 0.646875 0.44296875 0.04296875 0.17890625
13 0.69609375 0.4546875 0.05625 0.16328125
14 0.74921875 0.415625 0.0609375 0.1828125
15 0.7984375 0.3859375 0.06640625 0.159375
23 0.790625 0.5765625 0.1015625 0.17265625
22 0.734375 0.628125 0.10546875 0.1515625
20 0.653125 0.68125 0.0453125 0.1984375
19 0.60625 0.678125 0.0453125 0.2078125
18 0.5609375 0.6890625 0.0546875 0.21015625
17 0.53984375 0.6765625 0.040625 0.18828125
16 0.5140625 0.675 0.02734375 0.18671875
25 0.46953125 0.6828125 0.025 0.18671875
26 0.4375 0.67578125 0.03515625 0.1953125
27 0.4078125 0.66484375 0.0390625 0.2
28 0.36875 0.653125 0.04296875 0.2
24 0.4953125 0.67421875 0.0296875 0.1765625
29 0.3125 0.64609375 0.0703125 0.190625
31 0.2359375 0.571875 0.09765625 0.13984375