7 0.18515625 0.32265625 0.0625 0.12421875
6 0.20859375 0.40859375 0.05859375 0.20546875
5 0.27109375 0.41171875 0.0625 0.228125
4 0.31953125 0.4109375 0.05234375 0.23828125
1 0.4328125 0.4078125 0.040625 0.203125
2 0.390625 0.39453125 0.03984375 0.23828125
3 0.35625 0.40234375 0.0375 0.25546875
0 0.46953125 0.40546875 0.05 0.30078125
8 0.51015625 0.40546875 0.03984375 0.2828125
9 0.546875 0.39140625 0.03828125 0.23828125
10 0.57890625 0.4109375 0.03203125 0.246875
11 0.6125 0.4109375 0.04609375 0.22578125
12 0.65625 0.40703125 0.05859375 0.221875
13 0.70078125 0.4171875 0.06484375 0.209375
14 0.76171875 0.3921875 0.05625 0.22578125
15 0.79375 0.33046875 0.05390625 0.11171875
31 0.14609375 0.63203125 0.07109375 0.13046875
30 0.21171875 0.63359375 0.07265625 0.196875
29 0.27265625 0.67421875 0.07890625 0.228125
28 0.33203125 0.67265625 0.04765625 0.215625
27 0.37421875 0.6828125 0.03984375 0.23671875
26 0.40546875 0.6796875 0.03125 0.23046875
25 0.43515625 0.6546875 0.02890625 0.19296875
24 0.465625 0.66015625 0.02265625 0.20703125
16 0.48828125 0.65546875 0.02265625 0.190625
17 0.51484375 0.64296875 0.03359375 0.17421875
18 0.546875 0.66640625 0.03125 0.20703125
19 0.58046875 0.67578125 0.03984375 0.22578125
20 0.61953125 0.6640625 0.04375 0.215625
21 0.678125 0.66015625 0.07265625 0.215625
22 0.74296875 0.6390625 0.08515625 0.20703125
23 0.81171875 0.62578125 0.06484375 0.12578125