7 0.20390625 0.346875 0.05859375 0.11171875
6 0.2265625 0.44296875 0.07109375 0.1625
5 0.278125 0.4765625 0.06484375 0.2015625
4 0.33359375 0.496875 0.04453125 0.18125
3 0.36953125 0.490625 0.04453125 0.22265625
2 0.4078125 0.4859375 0.03828125 0.24765625
1 0.4453125 0.4921875 0.0328125 0.2234375
0 0.47734375 0.49765625 0.03671875 0.2359375
8 0.51640625 0.5078125 0.03671875 0.2203125
9 0.5484375 0.49375 0.0328125 0.215625
10 0.58671875 0.496875 0.04296875 0.22578125
11 0.625 0.49375 0.03828125 0.23203125
12 0.659375 0.4890625 0.04296875 0.21328125
13 0.709375 0.4828125 0.06484375 0.18125
14 0.765625 0.4484375 0.07109375 0.17578125
15 0.78828125 0.35859375 0.0609375 0.115625
31 0.1609375 0.5984375 0.05703125 0.12421875
30 0.2140625 0.6484375 0.075 0.17890625
29 0.27265625 0.68828125 0.09765625 0.196875
28 0.33203125 0.71640625 0.05859375 0.19296875
27 0.37578125 0.72265625 0.040625 0.19296875
26 0.4125 0.72421875 0.0328125 0.18515625
25 0.44296875 0.72890625 0.02421875 0.17265625
24 0.46875 0.72578125 0.02265625 0.1625
16 0.49296875 0.7203125 0.0265625 0.15625
17 0.51640625 0.71640625 0.0328125 0.15234375
18 0.5484375 0.7171875 0.0328125 0.17109375
19 0.584375 0.71640625 0.04296875 0.16875
20 0.634375 0.71875 0.05703125 0.1890625
21 0.69375 0.68984375 0.1078125 0.209375
22 0.7609375 0.640625 0.0953125 0.1828125
23 0.8265625 0.609375 0.07109375 0.13046875