31 0.159375 0.55234375 0.0921875 0.15546875
30 0.22734375 0.5734375 0.1 0.1984375
29 0.29375 0.62578125 0.0921875 0.22734375
28 0.3515625 0.63359375 0.06640625 0.2046875
27 0.39921875 0.64609375 0.040625 0.2140625
26 0.4359375 0.64765625 0.0390625 0.2140625
25 0.471875 0.63203125 0.0328125 0.16328125
24 0.4984375 0.6203125 0.03046875 0.14765625
23 0.82109375 0.55 0.06875 0.1828125
22 0.7703125 0.565625 0.0875 0.190625
21 0.71171875 0.6140625 0.1 0.23515625
20 0.6609375 0.6203125 0.0765625 0.1984375
19 0.6203125 0.634375 0.0640625 0.20234375
18 0.5859375 0.65078125 0.0703125 0.215625
17 0.54765625 0.6296875 0.03828125 0.16484375
16 0.51796875 0.60703125 0.03046875 0.14765625
7 0.1734375 0.3265625 0.078125 0.184375
6 0.221875 0.33359375 0.0609375 0.2140625
5 0.2765625 0.346875 0.05625 0.2375
4 0.32421875 0.35859375 0.04296875 0.253125
3 0.35625 0.3421875 0.0484375 0.28984375
2 0.390625 0.34296875 0.0625 0.28828125
1 0.4390625 0.384375 0.0390625 0.22578125
0 0.4796875 0.37734375 0.0453125 0.246875
8 0.521875 0.38046875 0.0390625 0.2296875
9 0.56171875 0.3734375 0.0328125 0.21953125
10 0.59765625 0.353125 0.04296875 0.25390625
11 0.6390625 0.34609375 0.04296875 0.25078125
12 0.67578125 0.34609375 0.0390625 0.246875
13 0.721875 0.33125 0.05625 0.22578125
14 0.775 0.3234375 0.0546875 0.2140625
15 0.821875 0.315625 0.0625 0.17890625