6 0.2453125 0.34921875 0.06328125 0.23203125
5 0.29453125 0.38203125 0.059375 0.25390625
4 0.34609375 0.40546875 0.04765625 0.2421875
3 0.38359375 0.41171875 0.04375 0.2578125
2 0.425 0.41484375 0.04765625 0.271875
1 0.4625 0.41875 0.0515625 0.28828125
0 0.496875 0.4671875 0.0453125 0.22265625
8 0.53984375 0.4640625 0.03984375 0.2359375
9 0.578125 0.46875 0.03359375 0.21015625
10 0.61875 0.46015625 0.0359375 0.22421875
11 0.6515625 0.453125 0.0453125 0.21015625
12 0.6859375 0.446875 0.04375 0.18671875
13 0.734375 0.4078125 0.05703125 0.2265625
14 0.7859375 0.36796875 0.05703125 0.22265625
30 0.22890625 0.57734375 0.09453125 0.1984375
29 0.29609375 0.63671875 0.0984375 0.22265625
28 0.35859375 0.6484375 0.053125 0.1828125
27 0.403125 0.6578125 0.03984375 0.18046875
26 0.44140625 0.678125 0.0375 0.19453125
25 0.47734375 0.68125 0.0296875 0.1609375
24 0.51171875 0.6765625 0.0359375 0.19140625
16 0.53359375 0.6921875 0.02734375 0.18671875
17 0.5640625 0.68984375 0.02578125 0.1671875
18 0.59609375 0.69140625 0.03359375 0.196875
19 0.634375 0.6796875 0.0359375 0.1890625
20 0.67421875 0.6734375 0.04765625 0.20078125
21 0.72890625 0.6515625 0.08671875 0.21640625
22 0.79609375 0.59453125 0.09453125 0.18515625