31 0.09296875 0.61875 0.06640625 0.10390625
30 0.1609375 0.63125 0.08984375 0.1984375
23 0.85390625 0.6171875 0.06875 0.11875
22 0.81484375 0.6328125 0.13984375 0.18984375
21 0.7265625 0.6890625 0.0921875 0.203125
20 0.6609375 0.71171875 0.046875 0.1921875
19 0.6140625 0.725 0.04296875 0.18359375
18 0.57734375 0.74375 0.05546875 0.2046875
17 0.52890625 0.73125 0.03671875 0.16171875
16 0.49765625 0.7234375 0.0265625 0.1515625
24 0.46484375 0.71484375 0.03203125 0.14296875
25 0.43046875 0.725 0.03203125 0.1578125
26 0.38984375 0.725 0.04921875 0.19609375
27 0.34296875 0.71796875 0.046875 0.19609375
28 0.29296875 0.7078125 0.0625 0.20078125
29 0.23046875 0.68515625 0.0921875 0.21171875
7 0.16015625 0.3296875 0.0578125 0.10625
1 0.4 0.50234375 0.028125 0.16875
6 0.16953125 0.44140625 0.06875 0.175
5 0.2234375 0.46171875 0.0640625 0.203125
0 0.45234375 0.51328125 0.059375 0.2203125
4 0.27890625 0.490625 0.046875 0.17890625
3 0.321875 0.49609375 0.0515625 0.1984375
2 0.365625 0.4953125 0.0453125 0.209375
15 0.790625 0.3265625 0.0578125 0.10390625
14 0.78203125 0.446875 0.06640625 0.1640625
13 0.7296875 0.47265625 0.0640625 0.19453125
12 0.6734375 0.4875 0.0515625 0.1984375
11 0.63515625 0.50703125 0.04296875 0.203125
10 0.58984375 0.528125 0.04296875 0.16875
9 0.5546875 0.5625 0.03203125 0.10390625
8 0.50625 0.509375 0.05546875 0.22890625