6 0.26484375 0.521875 0.05625 0.196875
4 0.371875 0.54375 0.0484375 0.18125
14 0.7640625 0.54921875 0.0546875 0.1890625
11 0.63359375 0.55625 0.0328125 0.203125
10 0.5984375 0.55234375 0.04921875 0.21171875
29 0.315625 0.72265625 0.07890625 0.19453125
28 0.36796875 0.753125 0.053125 0.24296875
27 0.40546875 0.74921875 0.0484375 0.20859375
26 0.446875 0.721875 0.03515625 0.21640625
25 0.47578125 0.72578125 0.03828125 0.2203125
24 0.50078125 0.71484375 0.028125 0.1875
16 0.52421875 0.721875 0.0203125 0.190625
17 0.55 0.7234375 0.028125 0.203125
18 0.58046875 0.75234375 0.03359375 0.221875
19 0.61640625 0.7703125 0.04921875 0.24609375
20 0.6484375 0.76640625 0.0453125 0.24140625
22 0.7671875 0.71796875 0.10546875 0.15703125