24 0.45703125 0.71328125 0.02578125 0.16953125
25 0.43359375 0.71015625 0.02578125 0.16875
26 0.4015625 0.7265625 0.034375 0.18828125
28 0.33125 0.7171875 0.0515625 0.1734375
29 0.2765625 0.70625 0.08359375 0.18984375
30 0.20703125 0.6671875 0.10234375 0.1546875
16 0.4828125 0.7234375 0.02578125 0.1609375
17 0.50234375 0.7203125 0.03828125 0.19375
18 0.53984375 0.73203125 0.040625 0.20390625
19 0.57578125 0.74765625 0.04921875 0.175
21 0.66796875 0.7328125 0.10078125 0.16640625
22 0.72109375 0.68828125 0.0875 0.16796875
7 0.18828125 0.44765625 0.05546875 0.17734375
6 0.2421875 0.4578125 0.0703125 0.18515625
4 0.32890625 0.48203125 0.0515625 0.18671875
2 0.40625 0.48046875 0.05546875 0.196875
10 0.578125 0.5234375 0.0359375 0.175
11 0.61953125 0.51796875 0.04296875 0.19765625
12 0.66015625 0.50546875 0.03828125 0.203125
14 0.7578125 0.49375 0.04921875 0.10703125
13 0.70859375 0.49453125 0.0578125 0.16015625