7 0.24375 0.31015625 0.05390625 0.09453125
6 0.2671875 0.4046875 0.0765625 0.1828125
5 0.30625 0.44375 0.06640625 0.2125
4 0.3484375 0.4453125 0.03828125 0.23359375
3 0.38828125 0.45078125 0.0421875 0.2390625
2 0.421875 0.45 0.0359375 0.240625
1 0.46015625 0.47421875 0.03203125 0.2046875
0 0.49765625 0.465625 0.04453125 0.2453125
8 0.54140625 0.46171875 0.0421875 0.24921875
9 0.5734375 0.4546875 0.0421875 0.21875
10 0.6078125 0.425 0.034375 0.23125
11 0.63046875 0.44296875 0.03203125 0.2390625
12 0.6609375 0.4484375 0.03984375 0.2265625
13 0.7078125 0.44296875 0.05390625 0.20703125
14 0.75390625 0.43125 0.0625 0.165625
15 0.775 0.3234375 0.05234375 0.09609375
31 0.1734375 0.59609375 0.05 0.12421875
30 0.228125 0.6296875 0.08671875 0.175
29 0.2890625 0.6859375 0.0921875 0.1984375
28 0.3515625 0.725 0.05625 0.2046875
27 0.39765625 0.73125 0.03984375 0.2171875
26 0.4375 0.7109375 0.0359375 0.2125
25 0.471875 0.70546875 0.028125 0.18671875
24 0.49921875 0.7 0.02578125 0.1703125
16 0.52421875 0.7046875 0.02421875 0.1765625
17 0.55 0.715625 0.03203125 0.18359375
18 0.58203125 0.72578125 0.03984375 0.23125
19 0.62265625 0.7296875 0.03984375 0.1828125
20 0.665625 0.71953125 0.0625 0.203125
21 0.725 0.68984375 0.0921875 0.2109375
22 0.78515625 0.640625 0.084375 0.184375
23 0.8390625 0.603125 0.05625 0.134375