5 0.2921875 0.425 0.07421875 0.203125
3 0.38515625 0.428125 0.05625 0.221875
10 0.578125 0.4125 0.0484375 0.19375
12 0.65234375 0.4171875 0.0484375 0.2
22 0.76484375 0.50078125 0.1046875 0.1734375
21 0.71015625 0.58359375 0.090625 0.2078125
16 0.52421875 0.62734375 0.028125 0.2140625
17 0.55625 0.62109375 0.03984375 0.23359375
18 0.59375 0.60703125 0.04609375 0.22578125
25 0.440625 0.62734375 0.02578125 0.165625
26 0.409375 0.59921875 0.0359375 0.221875
27 0.37734375 0.62734375 0.03984375 0.2015625