31 0.19921875 0.54609375 0.05859375 0.1703125
30 0.253125 0.53203125 0.09375 0.21640625
28 0.36171875 0.60390625 0.05859375 0.19921875
27 0.3921875 0.64296875 0.05859375 0.23828125
26 0.42421875 0.64765625 0.0609375 0.2078125
25 0.4578125 0.665625 0.0453125 0.20078125
24 0.48515625 0.6734375 0.03125 0.19453125
16 0.51640625 0.66328125 0.02421875 0.175
17 0.5421875 0.659375 0.028125 0.153125
18 0.575 0.6765625 0.04140625 0.22265625
19 0.61015625 0.6828125 0.0453125 0.253125
20 0.6453125 0.66796875 0.04375 0.23125
23 0.8203125 0.57421875 0.07578125 0.16640625
7 0.2453125 0.26015625 0.05625 0.15
0 0.47734375 0.425 0.04140625 0.25
1 0.44375 0.44140625 0.03515625 0.15625
2 0.4109375 0.40625 0.0390625 0.2203125
3 0.37578125 0.39296875 0.04375 0.2203125
4 0.33671875 0.390625 0.03515625 0.23359375
8 0.52734375 0.43671875 0.04140625 0.22578125
9 0.56171875 0.44921875 0.028125 0.1921875
10 0.58984375 0.4078125 0.028125 0.2078125
11 0.6203125 0.42890625 0.0546875 0.23984375
12 0.6640625 0.4390625 0.04140625 0.24375
14 0.77734375 0.4234375 0.08515625 0.2296875
15 0.8046875 0.34375 0.08671875 0.153125