6 0.26015625 0.4703125 0.0546875 0.21875
5 0.3171875 0.49296875 0.0578125 0.2046875
4 0.3578125 0.4859375 0.0453125 0.20625
3 0.38359375 0.4765625 0.046875 0.16484375
2 0.41015625 0.44609375 0.040625 0.23828125
30 0.215625 0.6203125 0.11171875 0.1609375
29 0.27265625 0.66953125 0.09921875 0.165625
27 0.37734375 0.6875 0.06875 0.184375
26 0.41953125 0.6875 0.0421875 0.184375
25 0.459375 0.678125 0.040625 0.20546875
24 0.48828125 0.67578125 0.03046875 0.20078125
22 0.8015625 0.6109375 0.08359375 0.13515625
21 0.74296875 0.65546875 0.075 0.153125
19 0.6359375 0.70703125 0.05 0.1921875
18 0.59296875 0.69765625 0.03203125 0.2015625
14 0.7796875 0.4546875 0.06171875 0.1609375
12 0.68828125 0.4875 0.03359375 0.19375