7 0.24296875 0.32421875 0.0703125 0.14921875
6 0.259375 0.44140625 0.0828125 0.146875
5 0.31484375 0.4484375 0.06171875 0.18125
4 0.35390625 0.46953125 0.04765625 0.17890625
3 0.3890625 0.478125 0.034375 0.16484375
2 0.42734375 0.4546875 0.04609375 0.22890625
1 0.4640625 0.49140625 0.03984375 0.1828125
0 0.49765625 0.50859375 0.03984375 0.16875
8 0.5390625 0.503125 0.03828125 0.1828125
9 0.578125 0.509375 0.03203125 0.175
10 0.6140625 0.4765625 0.0359375 0.2328125
11 0.64609375 0.4859375 0.0359375 0.17578125
12 0.67265625 0.4671875 0.0390625 0.17109375
13 0.71328125 0.45078125 0.05390625 0.17734375
14 0.76796875 0.446875 0.0640625 0.1453125
15 0.7828125 0.33515625 0.05390625 0.146875
31 0.16328125 0.58984375 0.07421875 0.13984375
30 0.22265625 0.6015625 0.08203125 0.16328125
29 0.28828125 0.65078125 0.08828125 0.19296875
28 0.34375 0.6796875 0.08046875 0.19140625
26 0.42734375 0.6890625 0.04609375 0.20625
25 0.46796875 0.6796875 0.0359375 0.13515625
24 0.49375 0.678125 0.028125 0.13671875
16 0.521875 0.6796875 0.028125 0.12734375
17 0.553125 0.68125 0.034375 0.12734375
18 0.58828125 0.69296875 0.03984375 0.178125
19 0.625 0.671875 0.05 0.15078125
20 0.6640625 0.6359375 0.06015625 0.12109375
21 0.7203125 0.65546875 0.084375 0.203125
22 0.78515625 0.615625 0.07421875 0.17578125
23 0.8453125 0.58984375 0.0703125 0.12265625