23 0.925 0.60390625 0.0984375 0.12578125
22 0.84453125 0.66796875 0.0796875 0.2328125
31 0.16015625 0.62578125 0.10078125 0.16640625
30 0.23515625 0.66953125 0.08828125 0.221875
29 0.2984375 0.6875 0.09453125 0.2203125
28 0.3671875 0.70625 0.046875 0.2375
27 0.40703125 0.690625 0.040625 0.209375
26 0.4390625 0.69609375 0.0578125 0.215625
25 0.4875 0.66875 0.034375 0.16640625
24 0.5203125 0.671875 0.028125 0.16875
21 0.778125 0.68046875 0.0921875 0.2328125
20 0.715625 0.6875 0.0578125 0.21640625
19 0.6671875 0.68046875 0.04296875 0.19453125
18 0.6359375 0.68984375 0.0625 0.19921875
17 0.5859375 0.67890625 0.03828125 0.17265625
16 0.5515625 0.67421875 0.0296875 0.17265625
15 0.91015625 0.34921875 0.05546875 0.1703125
14 0.8734375 0.4234375 0.0640625 0.20703125
13 0.8109375 0.4296875 0.0640625 0.2203125
12 0.75859375 0.4359375 0.0453125 0.215625
7 0.190625 0.403125 0.06015625 0.21328125
6 0.24140625 0.428125 0.06640625 0.2265625
5 0.3046875 0.44140625 0.0640625 0.21328125
4 0.35390625 0.4390625 0.06015625 0.22109375
3 0.3984375 0.4328125 0.04921875 0.2265625
2 0.44453125 0.43203125 0.04296875 0.24609375
1 0.49140625 0.43828125 0.0515625 0.2328125
0 0.53359375 0.4421875 0.04921875 0.240625
8 0.58671875 0.4515625 0.04921875 0.2328125
9 0.634375 0.44375 0.0453125 0.2390625
11 0.71796875 0.44375 0.06328125 0.2390625
10 0.68359375 0.4453125 0.059375 0.24609375