7 0.18671875 0.4296875 0.06953125 0.23828125
6 0.2390625 0.390625 0.0671875 0.20078125
0 0.4484375 0.39453125 0.03984375 0.2125
1 0.4140625 0.396875 0.0375 0.21328125
2 0.378125 0.37890625 0.0375 0.24765625
8 0.5 0.3859375 0.03984375 0.21015625
9 0.5421875 0.36796875 0.0375 0.24609375
10 0.584375 0.36640625 0.04921875 0.25390625
12 0.6671875 0.37109375 0.053125 0.228125
29 0.25390625 0.6296875 0.10078125 0.20859375
28 0.334375 0.62578125 0.04375 0.23984375
27 0.37421875 0.63515625 0.04140625 0.23828125
26 0.41328125 0.63203125 0.03984375 0.2375
25 0.4484375 0.6296875 0.03125 0.2203125
24 0.4765625 0.61875 0.02734375 0.1828125
16 0.503125 0.61640625 0.0296875 0.18515625
17 0.534375 0.62109375 0.0296875 0.20234375
18 0.571875 0.63515625 0.04140625 0.23828125
19 0.6125 0.640625 0.04765625 0.23828125
20 0.66875 0.65 0.0734375 0.25625