6 0.221875 0.46328125 0.06796875 0.17421875
5 0.2828125 0.4734375 0.06171875 0.2109375
4 0.33828125 0.4859375 0.0640625 0.228125
3 0.3859375 0.48515625 0.0609375 0.26328125
2 0.4234375 0.5 0.0484375 0.27265625
1 0.4609375 0.5203125 0.040625 0.246875
0 0.5109375 0.51953125 0.04921875 0.2609375
8 0.56484375 0.52734375 0.05 0.2484375
9 0.60859375 0.51796875 0.03828125 0.246875
10 0.65390625 0.4953125 0.04296875 0.27578125
11 0.69296875 0.496875 0.05859375 0.23671875
12 0.728125 0.490625 0.0578125 0.19921875
13 0.78046875 0.46171875 0.06484375 0.20390625
14 0.8359375 0.44296875 0.0671875 0.175
15 0.85625 0.3390625 0.06640625 0.0859375
31 0.1546875 0.6375 0.084375 0.13359375
30 0.21484375 0.67109375 0.11875 0.22578125
29 0.29609375 0.7296875 0.09921875 0.24765625
28 0.3625 0.75546875 0.06796875 0.225
27 0.41015625 0.7734375 0.0515625 0.215625
26 0.4578125 0.75 0.05234375 0.18046875
25 0.48984375 0.73046875 0.04140625 0.1421875
24 0.52734375 0.7546875 0.0328125 0.14453125
16 0.55859375 0.74375 0.03359375 0.1265625
17 0.59375 0.7515625 0.0421875 0.17109375
18 0.6296875 0.77109375 0.05625 0.253125
19 0.66796875 0.76953125 0.0546875 0.23671875
20 0.7171875 0.7453125 0.06953125 0.221875
21 0.7734375 0.7171875 0.0953125 0.2265625
22 0.8375 0.65703125 0.1 0.20625
23 0.89375 0.62265625 0.07265625 0.1203125