23 0.825 0.54296875 0.071875 0.18125
22 0.7609375 0.5703125 0.07421875 0.196875
15 0.809375 0.33125 0.05078125 0.1109375
13 0.7171875 0.38828125 0.05625 0.17734375
31 0.1390625 0.57265625 0.06953125 0.1796875
30 0.19609375 0.59609375 0.09375 0.20390625
29 0.2640625 0.64375 0.09140625 0.26328125
28 0.3234375 0.65625 0.05703125 0.25625
27 0.359375 0.64921875 0.040625 0.2375
26 0.40546875 0.66328125 0.04375 0.234375
25 0.43984375 0.6625 0.03984375 0.203125
24 0.47109375 0.66796875 0.04453125 0.20234375
21 0.70859375 0.6109375 0.1046875 0.2265625
20 0.65546875 0.63828125 0.0703125 0.2359375
19 0.6125 0.6390625 0.05625 0.21484375
18 0.58046875 0.6671875 0.06953125 0.2640625
17 0.53984375 0.6609375 0.053125 0.20703125
16 0.509375 0.6546875 0.05078125 0.18984375
14 0.76875 0.36171875 0.0609375 0.1890625
12 0.66484375 0.38828125 0.053125 0.234375
11 0.6265625 0.38984375 0.05 0.24609375
10 0.5921875 0.39609375 0.053125 0.271875
9 0.55234375 0.403125 0.0453125 0.26953125
8 0.50859375 0.40859375 0.04765625 0.271875
7 0.15546875 0.31875 0.0671875 0.14921875
6 0.190625 0.384375 0.0625 0.2078125
5 0.25390625 0.409375 0.0734375 0.20078125
4 0.3 0.41640625 0.046875 0.2203125
3 0.33828125 0.41953125 0.04609375 0.234375
2 0.38125 0.41171875 0.04765625 0.26328125
1 0.42421875 0.425 0.04140625 0.2453125
0 0.465625 0.41796875 0.0390625 0.2546875