7 0.1921875 0.3046875 0.0671875 0.2078125
6 0.26640625 0.31640625 0.0640625 0.25234375
4 0.3703125 0.3125 0.05234375 0.25703125
1 0.47265625 0.34921875 0.04609375 0.2578125
0 0.51015625 0.35859375 0.0453125 0.25234375
8 0.5515625 0.34453125 0.04765625 0.2875
9 0.5890625 0.3296875 0.05078125 0.27890625
10 0.628125 0.3125 0.0359375 0.32421875
11 0.66328125 0.31796875 0.0390625 0.27578125
12 0.70546875 0.3140625 0.046875 0.246875
14 0.80234375 0.28984375 0.059375 0.25390625
15 0.859375 0.28515625 0.0671875 0.21953125
22 0.85078125 0.50546875 0.09375 0.17421875
21 0.7859375 0.5640625 0.11171875 0.23671875
20 0.703125 0.59453125 0.03828125 0.2390625
19 0.665625 0.6 0.0484375 0.24140625
18 0.60234375 0.61328125 0.0515625 0.2515625
17 0.5671875 0.5953125 0.03671875 0.21484375
16 0.5375 0.596875 0.028125 0.20078125
24 0.5140625 0.59609375 0.02734375 0.1953125
25 0.484375 0.60078125 0.03984375 0.22578125
26 0.44765625 0.603125 0.04609375 0.2546875
27 0.409375 0.59765625 0.0375 0.25234375
28 0.37734375 0.57890625 0.05234375 0.25859375