7 0.18828125 0.40390625 0.06328125 0.19609375
6 0.23203125 0.434375 0.05546875 0.1984375
5 0.2890625 0.44140625 0.06875 0.2125
4 0.34140625 0.44453125 0.0359375 0.21796875
3 0.378125 0.44453125 0.0375 0.2421875
2 0.41640625 0.4625 0.04765625 0.221875
1 0.45859375 0.475 0.0359375 0.19609375
0 0.4953125 0.47421875 0.04140625 0.21015625
8 0.5390625 0.4734375 0.04140625 0.21640625
9 0.5765625 0.48125 0.03359375 0.20078125
10 0.61328125 0.46796875 0.0359375 0.21796875
11 0.64765625 0.4625 0.0375 0.21015625
12 0.6796875 0.45859375 0.0375 0.20625
13 0.7234375 0.44921875 0.04921875 0.184375
14 0.77109375 0.43984375 0.04921875 0.20859375
15 0.81953125 0.43125 0.0515625 0.184375
31 0.16484375 0.646875 0.0796875 0.1828125
30 0.22734375 0.65859375 0.08515625 0.1984375
29 0.29140625 0.68203125 0.0953125 0.1953125
28 0.3578125 0.68984375 0.046875 0.2125
27 0.39375 0.6875 0.04140625 0.184375
26 0.43671875 0.68125 0.03984375 0.1765625
25 0.4734375 0.69921875 0.0375 0.18828125
24 0.5 0.70078125 0.03203125 0.18984375
16 0.5265625 0.68515625 0.03203125 0.1484375
17 0.55546875 0.69453125 0.0359375 0.1703125
18 0.590625 0.6984375 0.04140625 0.190625
19 0.63203125 0.69765625 0.04921875 0.184375
20 0.66171875 0.703125 0.0578125 0.2125
21 0.71796875 0.69140625 0.07578125 0.2046875
22 0.78046875 0.66484375 0.08125 0.1984375
23 0.840625 0.65078125 0.0734375 0.1828125