7 0.2703125 0.28046875 0.071875 0.128125
21 0.29296875 0.3859375 0.08984375 0.19453125
4 0.35078125 0.35625 0.053125 0.1234375
2 0.43359375 0.309375 0.05859375 0.1765625
1 0.459375 0.459375 0.04765625 0.22734375
0 0.49375 0.4578125 0.04296875 0.25078125
8 0.540625 0.4671875 0.046875 0.23125
9 0.58125 0.4671875 0.0375 0.21171875
10 0.6078125 0.33046875 0.05078125 0.1765625
12 0.678125 0.3640625 0.0546875 0.12578125
14 0.74375 0.40546875 0.0703125 0.175
15 0.7609375 0.2953125 0.06875 0.12578125
31 0.228125 0.60078125 0.0703125 0.12421875
30 0.2921875 0.628125 0.103125 0.2140625
24 0.50859375 0.696875 0.0296875 0.17890625
25 0.47734375 0.69375 0.028125 0.16484375
26 0.4484375 0.81484375 0.053125 0.153125
27 0.40546875 0.7359375 0.0484375 0.1359375
16 0.5421875 0.6890625 0.025 0.159375
17 0.571875 0.70390625 0.02734375 0.17265625
18 0.6015625 0.83046875 0.05078125 0.153125
19 0.6375 0.75859375 0.0484375 0.12578125
22 0.74140625 0.634375 0.0921875 0.20625
23 0.803125 0.60625 0.06640625 0.12578125
3 0.396875 0.378125 0.0546875 0.13984375
5 0.33515625 0.46328125 0.05390625 0.11015625
11 0.646875 0.43515625 0.05078125 0.12421875
13 0.69375 0.47734375 0.05 0.1078125
21 0.675 0.63984375 0.0765625 0.13984375
29 0.3640625 0.64296875 0.0921875 0.14921875