7 0.2046875 0.3046875 0.075 0.1046875
6 0.24921875 0.346875 0.08203125 0.23046875
5 0.3 0.3921875 0.07578125 0.19609375
4 0.3546875 0.39765625 0.04296875 0.20234375
3 0.38984375 0.41796875 0.034375 0.2171875
2 0.425 0.3640625 0.03671875 0.25234375
1 0.45859375 0.41484375 0.04765625 0.22734375
0 0.50234375 0.41640625 0.0515625 0.2578125
8 0.553125 0.38984375 0.05 0.3171875
9 0.59765625 0.41640625 0.034375 0.24921875
10 0.63515625 0.40234375 0.04140625 0.28046875
11 0.67890625 0.425 0.05 0.20859375
12 0.71640625 0.38125 0.04296875 0.24375
13 0.77265625 0.38046875 0.0734375 0.228125
14 0.81796875 0.35234375 0.078125 0.22421875
15 0.85390625 0.3 0.0671875 0.103125
23 0.91328125 0.53828125 0.0953125 0.1328125
22 0.83515625 0.578125 0.0734375 0.2046875
21 0.77265625 0.60546875 0.10390625 0.20703125
20 0.70546875 0.62578125 0.04765625 0.19609375
19 0.66484375 0.64453125 0.04296875 0.20234375
18 0.63203125 0.67734375 0.04296875 0.22109375
17 0.5875 0.6625 0.03671875 0.1828125
16 0.55546875 0.65859375 0.028125 0.16953125
24 0.52578125 0.65625 0.0359375 0.16953125
25 0.49921875 0.653125 0.04140625 0.16796875
26 0.46015625 0.6546875 0.04140625 0.196875
27 0.415625 0.646875 0.04765625 0.20703125
28 0.365625 0.62265625 0.0515625 0.19375
29 0.3015625 0.6046875 0.09765625 0.2171875
30 0.2296875 0.56875 0.08671875 0.20703125
31 0.14921875 0.51953125 0.0953125 0.14296875