7 0.2390625 0.49765625 0.07734375 0.2125
6 0.30625 0.51171875 0.0765625 0.2265625
4 0.3546875 0.49765625 0.05234375 0.2375
3 0.40390625 0.49296875 0.046875 0.2421875
2 0.44296875 0.50703125 0.04609375 0.2390625
1 0.4796875 0.51171875 0.04140625 0.20546875
0 0.52265625 0.5109375 0.04921875 0.22109375
8 0.5671875 0.50546875 0.04140625 0.2453125
9 0.60546875 0.52890625 0.0484375 0.16484375
11 0.68671875 0.49609375 0.04609375 0.2265625
12 0.7171875 0.48515625 0.046875 0.2171875
13 0.771875 0.48671875 0.0828125 0.234375
14 0.8421875 0.4828125 0.07890625 0.2171875
31 0.16796875 0.62890625 0.1125 0.15625
23 0.896875 0.6265625 0.10546875 0.14296875
16 0.54765625 0.74296875 0.03828125 0.1890625
17 0.57890625 0.75 0.03125 0.2125
18 0.61640625 0.75703125 0.03984375 0.24375
20 0.72421875 0.75703125 0.07421875 0.21640625
24 0.52109375 0.7421875 0.0359375 0.1796875
25 0.490625 0.74609375 0.0453125 0.19296875
26 0.45078125 0.77578125 0.04375 0.2375
27 0.41015625 0.77734375 0.0546875 0.23125
28 0.340625 0.77265625 0.1015625 0.23046875