6 0.29140625 0.3421875 0.06484375 0.20625
30 0.23359375 0.55703125 0.11953125 0.18359375
29 0.30625 0.6375 0.13046875 0.2578125
28 0.3921875 0.65234375 0.09375 0.24453125
27 0.47578125 0.6828125 0.06953125 0.23984375
26 0.51015625 0.6765625 0.05 0.24453125
25 0.54140625 0.68125 0.03515625 0.21875
24 0.56640625 0.684375 0.028125 0.203125
16 0.59921875 0.67734375 0.03671875 0.203125
17 0.6359375 0.70234375 0.04140625 0.2359375
18 0.67734375 0.684375 0.0453125 0.21640625
19 0.7203125 0.684375 0.04140625 0.25546875
22 0.85859375 0.60625 0.10859375 0.1609375
5 0.36875 0.37109375 0.10625 0.203125
2 0.453125 0.3734375 0.06328125 0.26875
1 0.503125 0.3671875 0.0453125 0.3078125
0 0.54375 0.38984375 0.05234375 0.30078125
8 0.58984375 0.403125 0.0453125 0.29765625
9 0.628125 0.40234375 0.0390625 0.275
10 0.67265625 0.3875 0.0546875 0.253125
12 0.71015625 0.38984375 0.05 0.24921875
13 0.75859375 0.378125 0.06484375 0.2390625
14 0.82421875 0.40625 0.0609375 0.21171875
15 0.87578125 0.37265625 0.06484375 0.18359375