7 0.178125 0.3703125 0.0578125 0.2140625
6 0.23125 0.40625 0.06875 0.17421875
5 0.29140625 0.38046875 0.08125 0.1875
3 0.36171875 0.36953125 0.04765625 0.20859375
2 0.39296875 0.38046875 0.04765625 0.24140625
1 0.4328125 0.38828125 0.0390625 0.2375
0 0.46875 0.38984375 0.04140625 0.26015625
8 0.5125 0.409375 0.0453125 0.22890625
9 0.55 0.4 0.0328125 0.24765625
10 0.590625 0.40234375 0.04375 0.23125
15 0.7890625 0.42265625 0.0515625 0.17734375
14 0.73984375 0.40390625 0.06015625 0.19375
13 0.684375 0.3890625 0.0578125 0.2015625
16 0.48828125 0.63984375 0.028125 0.1921875
25 0.43125 0.63359375 0.02890625 0.20859375
26 0.39140625 0.62421875 0.04375 0.21875
27 0.35234375 0.61484375 0.0375 0.2
28 0.3109375 0.61328125 0.05 0.1984375
17 0.52421875 0.634375 0.03125 0.17734375
18 0.55625 0.64765625 0.04140625 0.20859375
19 0.5984375 0.64375 0.03515625 0.2
20 0.6359375 0.63828125 0.0390625 0.1984375
22 0.73203125 0.625 0.09140625 0.1546875
24 0.4609375 0.62109375 0.02421875 0.1515625