7 0.165625 0.2046875 0.065625 0.1546875
6 0.209375 0.28515625 0.078125 0.24296875
5 0.265625 0.3296875 0.071875 0.2078125
4 0.3203125 0.34296875 0.04296875 0.21796875
3 0.359375 0.33828125 0.04296875 0.25078125
2 0.3953125 0.346875 0.040625 0.28359375
1 0.43046875 0.37734375 0.03671875 0.22265625
0 0.47578125 0.3640625 0.0453125 0.2984375
8 0.5171875 0.39375 0.04296875 0.2390625
9 0.559375 0.37734375 0.03671875 0.2421875
10 0.59609375 0.36796875 0.03671875 0.265625
11 0.634375 0.37109375 0.04296875 0.23359375
12 0.68046875 0.36328125 0.0328125 0.21796875
13 0.72734375 0.34921875 0.06953125 0.2015625
14 0.796875 0.3078125 0.065625 0.2140625
15 0.84765625 0.2203125 0.06796875 0.1984375
23 0.8609375 0.5 0.08203125 0.13125
22 0.79296875 0.55390625 0.0984375 0.21796875
21 0.728125 0.59765625 0.1046875 0.23125
19 0.6109375 0.646875 0.053125 0.24453125
18 0.57578125 0.66171875 0.04921875 0.253125
17 0.5328125 0.615625 0.02890625 0.1734375
16 0.50390625 0.6171875 0.02890625 0.16796875
24 0.4765625 0.62578125 0.02265625 0.18125
25 0.4546875 0.62890625 0.04921875 0.19140625
26 0.39921875 0.67578125 0.065625 0.2203125
27 0.36953125 0.64609375 0.07578125 0.246875
28 0.3359375 0.61953125 0.0734375 0.234375
29 0.2703125 0.59609375 0.11484375 0.240625
30 0.21171875 0.5546875 0.08828125 0.21171875
31 0.14453125 0.50078125 0.0796875 0.15703125
20 0.6578125 0.61328125 0.065625 0.19765625