7 0.2234375 0.25625 0.0640625 0.14140625
31 0.2 0.55234375 0.0796875 0.13984375
29 0.3 0.63515625 0.0953125 0.22734375
28 0.36640625 0.65390625 0.053125 0.221875
27 0.4046875 0.66875 0.046875 0.22734375
26 0.44375 0.65703125 0.046875 0.215625
25 0.48046875 0.659375 0.03515625 0.1828125
24 0.5046875 0.659375 0.0265625 0.18671875
16 0.53125 0.66875 0.0234375 0.1921875
17 0.55859375 0.68203125 0.03125 0.21171875
18 0.59765625 0.69765625 0.046875 0.25078125
19 0.628125 0.68671875 0.040625 0.21015625
20 0.6734375 0.68203125 0.05078125 0.215625
21 0.73515625 0.6703125 0.0921875 0.23125
22 0.78984375 0.63125 0.0796875 0.21171875
23 0.8375 0.571875 0.0625 0.12421875
6 0.2453125 0.34296875 0.0796875 0.24921875
5 0.2890625 0.39140625 0.0625 0.1859375
4 0.34296875 0.38828125 0.0484375 0.22578125
3 0.3796875 0.384375 0.040625 0.24921875
2 0.4203125 0.4078125 0.04296875 0.2296875
1 0.459375 0.409375 0.04296875 0.2453125
0 0.4953125 0.42109375 0.0453125 0.2515625
8 0.5375 0.4296875 0.0390625 0.23828125
9 0.57421875 0.41640625 0.03515625 0.2546875
10 0.60859375 0.39921875 0.0328125 0.278125
11 0.6421875 0.4125 0.04296875 0.23515625
12 0.690625 0.4109375 0.0484375 0.2234375
13 0.73828125 0.3984375 0.0546875 0.23828125
14 0.78203125 0.38515625 0.06875 0.20390625
15 0.7890625 0.26640625 0.07421875 0.16875