0 0.45625 0.490625 0.03984375 0.175
1 0.4171875 0.4953125 0.0359375 0.1765625
2 0.3875 0.45859375 0.04375 0.2328125
4 0.3359375 0.39453125 0.0515625 0.1796875
5 0.28125 0.4296875 0.07734375 0.19453125
6 0.2578125 0.3328125 0.06953125 0.1484375
7 0.22265625 0.25625 0.06484375 0.1015625
8 0.49921875 0.49765625 0.0375 0.18515625
9 0.53671875 0.49765625 0.03671875 0.14609375
10 0.553125 0.36171875 0.0671875 0.14609375
11 0.596875 0.41640625 0.059375 0.228125
12 0.64765625 0.44453125 0.04453125 0.2125
13 0.70078125 0.4109375 0.0890625 0.2359375
14 0.73828125 0.334375 0.0734375 0.165625
15 0.7828125 0.26875 0.07109375 0.11484375
31 0.1859375 0.56015625 0.0671875 0.12734375
30 0.2234375 0.659375 0.075 0.1453125
29 0.290625 0.6671875 0.0828125 0.2046875
28 0.33984375 0.73984375 0.04765625 0.146875
27 0.38828125 0.71484375 0.0375 0.16875
26 0.421875 0.740625 0.0375 0.196875
25 0.4515625 0.709375 0.03359375 0.18515625
24 0.478125 0.71171875 0.0234375 0.1671875
16 0.50234375 0.70703125 0.02734375 0.15703125
17 0.52734375 0.6953125 0.03125 0.1765625
18 0.54375 0.71875 0.05546875 0.16484375
19 0.590625 0.73828125 0.04765625 0.17265625
20 0.64296875 0.73984375 0.0609375 0.16328125
21 0.69921875 0.6578125 0.11484375 0.20859375
22 0.7828125 0.65234375 0.090625 0.15546875
23 0.82890625 0.5515625 0.0734375 0.1390625
3 0.34140625 0.4671875 0.053125 0.171875