23 0.86875 0.5875 0.0890625 0.18671875
22 0.81171875 0.63515625 0.08671875 0.2078125
21 0.74296875 0.653125 0.08046875 0.215625
20 0.68515625 0.65546875 0.04375 0.22421875
19 0.6484375 0.63984375 0.0375 0.1890625
18 0.61484375 0.659375 0.04765625 0.2328125
17 0.5765625 0.6390625 0.0328125 0.17890625
31 0.15625 0.57890625 0.121875 0.203125
30 0.228125 0.6234375 0.11328125 0.2140625
28 0.37734375 0.640625 0.04765625 0.22421875
27 0.4140625 0.63828125 0.04375 0.21796875
26 0.4546875 0.6390625 0.0453125 0.22421875
14 0.81796875 0.415625 0.04921875 0.1953125
12 0.71796875 0.409375 0.03515625 0.228125
10 0.646875 0.39609375 0.0453125 0.25546875
9 0.6078125 0.40234375 0.04140625 0.234375
8 0.56640625 0.396875 0.05390625 0.253125
0 0.5203125 0.396875 0.04921875 0.228125
7 0.17734375 0.39921875 0.05390625 0.1625
6 0.23359375 0.40546875 0.06640625 0.203125
1 0.47734375 0.390625 0.04140625 0.23125
13 0.76484375 0.415625 0.05859375 0.21484375
11 0.68046875 0.4140625 0.04609375 0.2359375
2 0.43515625 0.3859375 0.0765625 0.2671875
3 0.3953125 0.39453125 0.0546875 0.2640625
4 0.35546875 0.40078125 0.06484375 0.25859375
5 0.29296875 0.40859375 0.07734375 0.23359375
25 0.48984375 0.6359375 0.05 0.20859375
24 0.51875 0.63125 0.0359375 0.1875
16 0.54921875 0.621875 0.04765625 0.1765625
15 0.865625 0.40859375 0.0453125 0.16015625
29 0.31171875 0.63671875 0.090625 0.215625