7 0.22578125 0.24765625 0.06484375 0.18203125
23 0.8625 0.54140625 0.08359375 0.18359375
22 0.7984375 0.58359375 0.08125 0.20390625
21 0.7375 0.61953125 0.08515625 0.2140625
20 0.68203125 0.63125 0.046875 0.21875
19 0.64453125 0.64921875 0.04453125 0.2203125
18 0.6046875 0.66015625 0.03828125 0.2265625
17 0.5703125 0.653125 0.03046875 0.1921875
16 0.54296875 0.65078125 0.0203125 0.1796875
24 0.5140625 0.6515625 0.0234375 0.1859375
25 0.48671875 0.6578125 0.0265625 0.1984375
26 0.45234375 0.6703125 0.03828125 0.234375
27 0.4109375 0.65625 0.04453125 0.22265625
28 0.36484375 0.653125 0.0546875 0.2203125
29 0.30078125 0.63125 0.09375 0.23046875
30 0.2421875 0.58828125 0.0890625 0.2125
31 0.1796875 0.5296875 0.07890625 0.178125
14 0.8046875 0.35078125 0.05703125 0.21015625
13 0.75 0.37109375 0.05703125 0.21015625
12 0.70234375 0.37578125 0.03828125 0.2265625
9 0.5875 0.403125 0.03671875 0.240625
8 0.55 0.409375 0.04296875 0.24453125
0 0.49765625 0.39921875 0.040625 0.2625
5 0.3015625 0.37421875 0.065625 0.22265625
4 0.34921875 0.375 0.0546875 0.2296875
3 0.384375 0.39375 0.0484375 0.234375
2 0.42109375 0.37421875 0.04375 0.31640625
1 0.45859375 0.390625 0.05 0.27265625
10 0.6265625 0.371875 0.04921875 0.3203125
11 0.66875 0.3828125 0.05625 0.2765625
6 0.25 0.340625 0.07265625 0.240625
15 0.8296875 0.2703125 0.06875 0.15078125