31 0.1625 0.55078125 0.0703125 0.1359375
30 0.21796875 0.59765625 0.1 0.21796875
29 0.27734375 0.634375 0.09375 0.23203125
28 0.34140625 0.6640625 0.06875 0.19453125
27 0.39296875 0.67890625 0.05390625 0.2328125
26 0.43203125 0.69375 0.04375 0.23828125
25 0.4734375 0.7 0.0515625 0.215625
24 0.503125 0.68125 0.03671875 0.190625
16 0.53671875 0.69375 0.034375 0.1875
17 0.5625 0.684375 0.0390625 0.184375
18 0.61015625 0.71640625 0.07890625 0.2796875
19 0.64140625 0.684375 0.05625 0.22265625
20 0.69921875 0.69609375 0.06953125 0.18046875
21 0.7546875 0.62421875 0.11796875 0.2328125
22 0.81953125 0.60859375 0.09453125 0.19609375
23 0.86484375 0.5296875 0.08125 0.12890625
7 0.21640625 0.23984375 0.065625 0.08359375
6 0.24921875 0.3046875 0.06328125 0.15078125
5 0.28515625 0.384375 0.065625 0.20078125
4 0.3375 0.38671875 0.0453125 0.23359375
3 0.3796875 0.40625 0.05859375 0.21328125
2 0.4140625 0.3953125 0.0421875 0.31328125
1 0.45234375 0.42421875 0.0375 0.26484375
0 0.49140625 0.4421875 0.040625 0.28203125
8 0.53203125 0.44453125 0.04765625 0.2671875
9 0.56953125 0.42734375 0.053125 0.27109375
10 0.6125 0.39609375 0.0484375 0.2921875
11 0.64140625 0.38125 0.059375 0.28125
12 0.67890625 0.38359375 0.05625 0.24609375
13 0.73203125 0.3875 0.071875 0.19140625
14 0.765625 0.33046875 0.0703125 0.1484375
15 0.8015625 0.2484375 0.0640625 0.10625