7 0.2453125 0.2375 0.09765625 0.14140625
6 0.27265625 0.37421875 0.0671875 0.21953125
5 0.340625 0.37109375 0.07265625 0.23515625
4 0.39453125 0.3640625 0.0546875 0.25546875
3 0.4375 0.37109375 0.05625 0.2390625
2 0.46640625 0.36796875 0.06328125 0.2625
1 0.5 0.3765625 0.05 0.25859375
0 0.53515625 0.38984375 0.04765625 0.29296875
8 0.57734375 0.39375 0.04375 0.28828125
9 0.60859375 0.3890625 0.0484375 0.2796875
10 0.6515625 0.3796875 0.04453125 0.28203125
11 0.68203125 0.3859375 0.04765625 0.26953125
12 0.7203125 0.3875 0.0453125 0.25625
13 0.771875 0.3796875 0.06640625 0.2484375
14 0.8265625 0.37578125 0.065625 0.23203125
15 0.84375 0.25625 0.0953125 0.13125
31 0.18515625 0.59296875 0.0828125 0.146875
30 0.24765625 0.61875 0.115625 0.2234375
29 0.32578125 0.66875 0.11484375 0.2609375
28 0.39765625 0.67890625 0.05234375 0.25546875
27 0.43984375 0.64296875 0.04296875 0.21796875
26 0.47421875 0.68125 0.05390625 0.3203125
25 0.515625 0.66484375 0.05625 0.23203125
24 0.53125 0.63359375 0.04140625 0.21640625
16 0.55859375 0.6625 0.03671875 0.2234375
17 0.58515625 0.6609375 0.03515625 0.215625
18 0.6203125 0.7046875 0.03671875 0.290625
19 0.65859375 0.70859375 0.04296875 0.27265625
20 0.70859375 0.7 0.0484375 0.2296875
21 0.77421875 0.6828125 0.10546875 0.246875
22 0.84140625 0.63984375 0.10390625 0.2109375