7 0.2265625 0.30625 0.0515625 0.10703125
6 0.25 0.40625 0.0578125 0.14765625
5 0.31171875 0.41328125 0.071875 0.18046875
4 0.36171875 0.415625 0.04375 0.190625
3 0.40546875 0.42734375 0.06015625 0.2171875
2 0.425 0.41484375 0.0328125 0.18046875
1 0.4609375 0.43671875 0.04921875 0.21171875
0 0.48515625 0.4375 0.040625 0.2375
8 0.525 0.4421875 0.04921875 0.23125
9 0.55546875 0.44296875 0.040625 0.20859375
10 0.59765625 0.4296875 0.046875 0.21875
11 0.6328125 0.43125 0.0390625 0.225
12 0.66796875 0.42890625 0.05703125 0.2046875
14 0.74609375 0.409375 0.05703125 0.18125
15 0.77890625 0.3265625 0.06015625 0.109375
31 0.1875 0.55546875 0.08046875 0.12578125
30 0.24765625 0.5859375 0.1 0.18671875
23 0.80390625 0.5859375 0.071875 0.10546875
22 0.75078125 0.61953125 0.11015625 0.1828125
20 0.6828125 0.67890625 0.05546875 0.21328125
19 0.63671875 0.67890625 0.05 0.21328125
18 0.5953125 0.68359375 0.0421875 0.22578125
17 0.56015625 0.6734375 0.034375 0.19375
16 0.53046875 0.66484375 0.03203125 0.16953125
24 0.50859375 0.66640625 0.03515625 0.17578125
25 0.48046875 0.6703125 0.034375 0.175
26 0.44140625 0.6765625 0.046875 0.21875
27 0.4 0.67421875 0.0515625 0.2140625
28 0.35546875 0.65234375 0.0625 0.2015625