31 0.21171875 0.56484375 0.0765625 0.16875
23 0.765625 0.58515625 0.0859375 0.13984375
22 0.7140625 0.64765625 0.0953125 0.1859375
21 0.6484375 0.67734375 0.046875 0.190625
20 0.60625 0.690625 0.0375 0.221875
19 0.571875 0.70078125 0.03125 0.221875
28 0.3640625 0.678125 0.053125 0.1953125
27 0.403125 0.68125 0.03984375 0.20625
30 0.2546875 0.61015625 0.10703125 0.17578125
29 0.31171875 0.6546875 0.0875 0.184375
7 0.23515625 0.39375 0.06640625 0.1703125
6 0.28203125 0.42421875 0.06328125 0.17890625
5 0.3328125 0.425 0.0515625 0.19375
15 0.7796875 0.39609375 0.0765625 0.175
14 0.74375 0.4296875 0.06171875 0.1671875
13 0.69296875 0.42890625 0.05703125 0.20390625
12 0.6484375 0.428125 0.04453125 0.221875
11 0.6203125 0.428125 0.03828125 0.23046875
10 0.58828125 0.440625 0.03828125 0.2515625
9 0.5609375 0.46484375 0.03359375 0.190625
8 0.53515625 0.4640625 0.04296875 0.2125
4 0.3640625 0.4421875 0.0484375 0.20078125
3 0.39296875 0.44921875 0.03828125 0.18671875
2 0.425 0.4546875 0.04609375 0.18203125
1 0.46015625 0.45546875 0.046875 0.1859375
0 0.49296875 0.46953125 0.046875 0.196875
26 0.4234375 0.690625 0.02578125 0.21796875
25 0.44375 0.68125 0.02109375 0.20390625
24 0.4625 0.6859375 0.03515625 0.21015625
16 0.4921875 0.6875 0.01796875 0.2296875
17 0.5125 0.6859375 0.02578125 0.22109375
18 0.53515625 0.69140625 0.03359375 0.21640625