7 0.228125 0.32109375 0.06640625 0.1390625
6 0.2671875 0.35625 0.0703125 0.18125
5 0.31171875 0.39453125 0.0609375 0.171875
4 0.3578125 0.39375 0.0390625 0.20625
3 0.3921875 0.39921875 0.03515625 0.21953125
2 0.4265625 0.39765625 0.0375 0.2453125
1 0.4625 0.409375 0.03125 0.24140625
0 0.4984375 0.41484375 0.03515625 0.22734375
8 0.534375 0.41640625 0.0328125 0.24296875
9 0.56953125 0.4109375 0.0296875 0.2359375
10 0.60625 0.4078125 0.0375 0.2375
11 0.63984375 0.40078125 0.040625 0.21953125
12 0.675 0.4 0.040625 0.19453125
13 0.71875 0.37578125 0.0625 0.2
14 0.76875 0.35 0.0640625 0.18828125
15 0.8046875 0.3265625 0.05859375 0.12578125
23 0.821875 0.49609375 0.07421875 0.15625
22 0.7734375 0.56640625 0.0859375 0.1875
21 0.7125 0.61796875 0.0859375 0.215625
20 0.66015625 0.634375 0.0546875 0.20234375
19 0.62578125 0.63984375 0.053125 0.190625
18 0.60078125 0.67109375 0.05625 0.221875
17 0.56171875 0.653125 0.0296875 0.1765625
16 0.53515625 0.65 0.0234375 0.1671875
24 0.51015625 0.64609375 0.02265625 0.16328125
25 0.48515625 0.646875 0.0328125 0.16484375
26 0.4515625 0.646875 0.0390625 0.16875
27 0.41796875 0.6421875 0.05078125 0.19453125
28 0.378125 0.6359375 0.0609375 0.20234375
29 0.32109375 0.621875 0.0953125 0.21171875
30 0.2625 0.56328125 0.0875 0.18046875
31 0.2078125 0.49453125 0.0875 0.16484375