30 0.15390625 0.65 0.0828125 0.2234375
31 0.08046875 0.63828125 0.08046875 0.1453125
29 0.23125 0.67109375 0.09296875 0.21953125
28 0.3 0.69140625 0.053125 0.234375
27 0.35078125 0.6796875 0.0484375 0.19375
26 0.3953125 0.68359375 0.04453125 0.19375
25 0.43828125 0.675 0.03828125 0.16875
24 0.478125 0.70078125 0.03203125 0.16015625
16 0.51171875 0.6984375 0.0359375 0.16015625
17 0.54453125 0.7015625 0.02578125 0.1578125
18 0.584375 0.71796875 0.046875 0.24453125
19 0.62890625 0.709375 0.046875 0.23203125
20 0.68203125 0.7015625 0.059375 0.2328125
21 0.74140625 0.6703125 0.084375 0.2171875
22 0.81015625 0.64375 0.078125 0.2109375
23 0.88203125 0.65390625 0.0828125 0.15546875
7 0.12890625 0.2921875 0.059375 0.121875
5 0.21484375 0.4171875 0.07421875 0.25703125
6 0.1578125 0.3796875 0.09140625 0.26796875
4 0.27890625 0.43359375 0.053125 0.23203125
3 0.321875 0.421875 0.05546875 0.27109375
2 0.36953125 0.41171875 0.0484375 0.31171875
1 0.41953125 0.45390625 0.046875 0.21328125
0 0.47265625 0.453125 0.05546875 0.2359375
8 0.5265625 0.44765625 0.053125 0.25078125
9 0.5765625 0.44765625 0.0421875 0.24296875
10 0.62109375 0.453125 0.0421875 0.253125
11 0.66171875 0.45 0.04453125 0.22578125
12 0.70546875 0.43046875 0.0421875 0.246875
13 0.759375 0.43046875 0.065625 0.22578125
14 0.81640625 0.41328125 0.06953125 0.19921875
15 0.8359375 0.29140625 0.05703125 0.12890625