7 0.20234375 0.33203125 0.07109375 0.11171875
6 0.22421875 0.4015625 0.0671875 0.21328125
5 0.2796875 0.43203125 0.06328125 0.221875
4 0.32734375 0.45546875 0.040625 0.2234375
3 0.36796875 0.4828125 0.04453125 0.19296875
2 0.40859375 0.4484375 0.040625 0.27421875
1 0.4484375 0.5 0.04296875 0.215625
0 0.4859375 0.5 0.03671875 0.2359375
8 0.52734375 0.49765625 0.04296875 0.2359375
9 0.56328125 0.50078125 0.0515625 0.20234375
10 0.6046875 0.48984375 0.04296875 0.215625
11 0.6484375 0.4859375 0.0484375 0.1984375
12 0.68984375 0.4796875 0.04296875 0.17890625
13 0.7421875 0.43203125 0.06484375 0.2375
14 0.803125 0.42265625 0.06484375 0.203125
15 0.8234375 0.34921875 0.07734375 0.11796875
31 0.1484375 0.5671875 0.0734375 0.13828125
30 0.21328125 0.6171875 0.0890625 0.20546875
29 0.28046875 0.665625 0.1015625 0.209375
28 0.3515625 0.68984375 0.04453125 0.196875
27 0.38828125 0.69375 0.0484375 0.18515625
26 0.42578125 0.71328125 0.04296875 0.17109375
25 0.46171875 0.71328125 0.02734375 0.13046875
24 0.4921875 0.71015625 0.02421875 0.1453125
16 0.5171875 0.7109375 0.0265625 0.13515625
17 0.54609375 0.71171875 0.034375 0.1375
18 0.58359375 0.709375 0.03671875 0.16640625
19 0.621875 0.696875 0.04453125 0.17890625
20 0.67578125 0.68984375 0.05859375 0.1890625
21 0.7390625 0.67890625 0.09921875 0.215625
22 0.80859375 0.634375 0.0890625 0.20703125
23 0.87578125 0.59765625 0.0734375 0.13828125