6 0.284375 0.4328125 0.06484375 0.23203125
5 0.33515625 0.43984375 0.08359375 0.19609375
2 0.4375 0.3796875 0.04609375 0.19296875
1 0.48046875 0.41953125 0.03515625 0.20546875
0 0.52109375 0.43515625 0.04140625 0.178125
8 0.565625 0.43515625 0.04375 0.19609375
9 0.60625 0.41171875 0.03359375 0.22734375
10 0.64375 0.44296875 0.04609375 0.19921875
12 0.70859375 0.46328125 0.0375 0.20546875
13 0.75546875 0.43984375 0.06015625 0.234375
14 0.80859375 0.42265625 0.05390625 0.19921875
16 0.55 0.64453125 0.025 0.17578125
17 0.575 0.64921875 0.025 0.16171875
18 0.61328125 0.6734375 0.05234375 0.209375
19 0.64453125 0.6734375 0.04375 0.23046875
24 0.52421875 0.6484375 0.02265625 0.171875
25 0.49765625 0.65390625 0.02890625 0.19453125
26 0.46328125 0.65859375 0.03984375 0.21796875
27 0.425 0.65859375 0.04140625 0.22578125
28 0.38828125 0.63359375 0.04765625 0.20546875