2 0.41328125 0.46015625 0.05078125 0.253125
24 0.515625 0.725 0.03046875 0.20078125
25 0.484375 0.7359375 0.03515625 0.22265625
26 0.4484375 0.71640625 0.04140625 0.1703125
27 0.39609375 0.76171875 0.06328125 0.23828125
31 0.2234375 0.69921875 0.10078125 0.14375
16 0.54296875 0.740625 0.0328125 0.23125
17 0.5703125 0.7453125 0.03515625 0.22265625
18 0.61953125 0.746875 0.06328125 0.22265625
23 0.83359375 0.71328125 0.1140625 0.128125
10 0.64765625 0.50078125 0.05078125 0.23359375
13 0.784375 0.50546875 0.08125 0.25625